-1.990000 -7055.417070
-1.980000 -6885.712701
-1.970000 -6717.822890
-1.960000 -6551.793574
-1.950000 -6387.666586
-1.940000 -6225.482406
-1.930000 -6065.277953
-1.920000 -5907.088906
-1.910000 -5750.947478
-1.900000 -5596.884755
-1.890000 -5444.928456
-1.880000 -5295.104354
-1.870000 -5147.436803
-1.860000 -5001.947397
-1.850000 -4858.655481
-1.840000 -4717.579609
-1.830000 -4578.734311
-1.820000 -4442.133901
-1.810000 -4307.790180
-1.800000 -4175.712949
-1.790000 -4045.911494
-1.780000 -3918.391300
-1.770000 -3793.157675
-1.760000 -3670.213889
-1.750000 -3549.561469
-1.740000 -3431.200718
-1.730000 -3315.130052
-1.720000 -3201.347004
-1.710000 -3089.846588
-1.700000 -2980.623762
-1.690000 -2873.671293
-1.680000 -2768.981024
-1.670000 -2666.543427
-1.660000 -2566.347897
-1.650000 -2468.382797
-1.640000 -2372.634771
-1.630000 -2279.090252
-1.620000 -2187.733799
-1.610000 -2098.549606
-1.600000 -2011.520812
-1.590000 -1926.629176
-1.580000 -1843.856344
-1.570000 -1763.182059
-1.560000 -1684.586883
-1.550000 -1608.049072
-1.540000 -1533.546685
-1.530000 -1461.057261
-1.520000 -1390.557856
-1.510000 -1322.024476
-1.500000 -1255.432596
-1.490000 -1190.757450
-1.480000 -1127.973451
-1.470001 -1067.054719
-1.460001 -1007.974934
-1.450001 -950.707187
-1.440001 -895.224380
-1.430001 -841.498778
-1.420001 -789.502703
-1.410001 -739.208089
-1.400001 -690.586265
-1.390001 -643.608722
-1.380001 -598.246589
-1.370001 -554.470673
-1.360001 -512.251908
-1.350001 -471.560810
-1.340001 -432.368048
-1.330001 -394.644112
-1.320001 -358.359342
-1.310001 -323.484133
-1.300001 -289.988841
-1.290001 -257.843840
-1.280001 -227.019517
-1.270001 -197.486382
-1.260001 -169.214949
-1.250001 -142.175859
-1.240001 -116.339716
-1.230001 -91.677625
-1.220001 -68.160439
-1.210001 -45.759443
-1.200001 -24.445819
-1.190001 -4.191275
-1.180001 15.032445
-1.170001 33.253374
-1.160001 50.499150
-1.150001 66.797385
-1.140001 82.175370
-1.130001 96.659953
-1.120001 110.277766
-1.110001 123.055242
-1.100001 135.018287
-1.090001 146.192785
-1.080001 156.603972
-1.070001 166.276959
-1.060001 175.236319
-1.050001 183.506486
-1.040001 191.111346
-1.030001 198.074387
-1.020001 204.418954
-1.010001 210.167608
-1.000001 215.343029
-0.990001 219.966922
-0.980001 224.061053
-0.970001 227.646533
-0.960001 230.744110
-0.950001 233.374234
-0.940001 235.556798
-0.930001 237.311168
-0.920001 238.656563
-0.910001 239.611663
-0.900001 240.194579
-0.890001 240.423188
-0.880001 240.314892
-0.870001 239.886609
-0.860001 239.154850
-0.850001 238.135644
-0.840001 236.844810
-0.830001 235.297477
-0.820001 233.508517
-0.810001 231.492294
-0.800001 229.262800
-0.790001 226.833632
-0.780001 224.217946
-0.770001 221.428527
-0.760001 218.477639
-0.750001 215.377301
-0.740001 212.139018
-0.730001 208.774010
-0.720001 205.292946
-0.710001 201.706358
-0.700001 198.024154
-0.690001 194.256045
-0.680001 190.411251
-0.670001 186.498776
-0.660001 182.527103
-0.650001 178.504491
-0.640001 174.438836
-0.630001 170.337610
-0.620001 166.208120
-0.610001 162.057236
-0.600001 157.891544
-0.590001 153.717300
-0.580001 149.540468
-0.570001 145.366821
-0.560001 141.201655
-0.550001 137.050135
-0.540001 132.917156
-0.530001 128.807243
-0.520001 124.724796
-0.510001 120.673877
-0.500001 116.658337
-0.490001 112.681798
-0.480001 108.747685
-0.470001 104.859149
-0.460001 101.019182
-0.450001 97.230579
-0.440001 93.495893
-0.430001 89.817543
-0.420002 86.197756
-0.410002 82.638578
-0.400002 79.141928
-0.390002 75.709530
-0.380002 72.342976
-0.370002 69.043735
-0.360002 65.813132
-0.350002 62.652371
-0.340002 59.562549
-0.330002 56.544639
-0.320002 53.599505
-0.310002 50.727951
-0.300002 47.930647
-0.290002 45.208227
-0.280002 42.561210
-0.270002 39.990072
-0.260002 37.495214
-0.250002 35.076981
-0.240002 32.735667
-0.230002 30.471529
-0.220002 28.284781
-0.210002 26.175602
-0.200002 24.144138
-0.190002 22.190517
-0.180002 20.314846
-0.170002 18.517217
-0.160002 16.797716
-0.150002 15.156418
-0.140002 13.593404
-0.130002 12.108751
-0.120002 10.702547
-0.110002 9.374886
-0.100002 8.125876
-0.090002 6.955643
-0.080002 5.864328
-0.070002 4.852097
-0.060002 3.919137
-0.050002 3.065663
-0.040002 2.291916
-0.030002 1.598165
-0.020002 0.984712
-0.010002 0.451891
-0.000002 0.000067
0.009998 -0.370362
0.019998 -0.658962
0.029998 -0.865266
0.039998 -0.988774
0.049998 -1.028951
0.059998 -0.985229
0.069998 -0.857008
0.079998 -0.643655
0.089998 -0.344508
0.099998 0.041123
0.109998 0.513958
0.119998 1.074739
0.129998 1.724234
0.139998 2.463230
0.149998 3.292532
0.159998 4.212962
0.169998 5.225351
0.179998 6.330542
0.189998 7.529382
0.199998 8.822721
0.209998 10.211406
0.219998 11.696276
0.229998 13.278161
0.239998 14.957877
0.249998 16.736218
0.259998 18.613953
0.269998 20.591820
0.279998 22.670529
0.289998 24.850739
0.299998 27.133073
0.309998 29.518099
0.319998 32.006319
0.329998 34.598175
0.339998 37.294045
0.349998 40.094226
0.359998 42.998926
0.369998 46.008272
0.379998 49.122291
0.389998 52.340895
0.399998 55.663903
0.409998 59.091012
0.419998 62.621778
0.429998 66.255654
0.439998 69.991902
0.449998 73.829706
0.459998 77.768034
0.469998 81.805745
0.479998 85.941454
0.489998 90.173678
0.499998 94.500680
0.509998 98.920597
0.519998 103.431291
0.529998 108.030472
0.539998 112.715618
0.549998 117.483955
0.559998 122.332504
0.569998 127.258037
0.579998 132.257101
0.589998 137.325928
0.599998 142.460525
0.609998 147.656660
0.619998 152.909737
0.629998 158.214960
0.639998 163.567177
0.649998 168.960955
0.659998 174.390537
0.669998 179.849914
0.679998 185.332725
0.689998 190.832160
0.699998 196.341256
0.709998 201.852607
0.719998 207.358500
0.729998 212.850764
0.739998 218.321013
0.749998 223.760375
0.759998 229.159679
0.769998 234.509320
0.779998 239.799412
0.789998 245.019567
0.799998 250.159000
0.809998 255.206593
0.819998 260.150808
0.829998 264.979706
0.839998 269.680922
0.849998 274.241621
0.859998 278.648680
0.869998 282.888456
0.879998 286.946906
0.889998 290.809605
0.899998 294.461636
0.909998 297.887583
0.919998 301.071972
0.929998 303.998354
0.939998 306.650225
0.949998 309.010520
0.959998 311.061888
0.969998 312.786250
0.979998 314.165393
0.989998 315.180562
0.999998 315.812451
1.009998 316.041648
1.019998 315.848030
1.029998 315.211173
1.039998 314.110155
1.049998 312.523824
1.059998 310.430415
1.069998 307.807947
1.079998 304.633923
1.089998 300.885517
1.099998 296.539374
1.109998 291.572021
1.119998 285.959532
1.129998 279.677452
1.139998 272.701109
1.149998 265.005549
1.159998 256.565267
1.169998 247.354892
1.179998 237.348112
1.189998 226.518945
1.199998 214.840578
1.209998 202.286256
1.219998 188.828928
1.229998 174.441083
1.239998 159.095248
1.249997 142.763725
1.259997 125.418291
1.269997 107.030906
1.279997 87.573102
1.289997 67.016239
1.299997 45.331903
1.309997 22.491057
1.319997 -1.534837
1.329997 -26.775123
1.339997 -53.258623
1.349997 -81.014441
1.359997 -110.071718
1.369997 -140.459240
1.379997 -172.206588
1.389997 -205.342283
1.399997 -239.895685
1.409997 -275.895384
1.419997 -313.370108
1.429997 -352.348371
1.439997 -392.858848
1.449997 -434.929268
1.459997 -478.588116
1.469997 -523.862929
1.479997 -570.781026
1.489997 -619.369745
1.499997 -669.655624
1.509997 -721.665457
1.519997 -775.424987
1.529997 -830.959538
1.539997 -888.294830
1.549997 -947.455000
1.559997 -1008.464508
1.569997 -1071.346704
1.579997 -1136.124394
1.589997 -1202.820113
1.599997 -1271.455288
1.609997 -1342.050813
1.619997 -1414.627249
1.629997 -1489.203446
1.639997 -1565.798449
1.649997 -1644.429877
1.659997 -1725.114483
1.669997 -1807.868608
1.679997 -1892.706549
1.689997 -1979.642587
1.699997 -2068.689604
1.709997 -2159.859405
1.719997 -2253.162672
1.729997 -2348.609041
1.739997 -2446.206814
1.749997 -2545.962674
1.759997 -2647.883081
1.769997 -2751.971583
1.779997 -2858.231651
1.789997 -2966.664949
1.799997 -3077.271529
1.809997 -3190.050021
1.819997 -3304.997587
1.829997 -3422.109394
1.839997 -3541.379280
1.849997 -3662.799467
1.859997 -3786.360507
1.869997 -3912.050535
1.879997 -4039.856855
1.889997 -4169.763556
1.899997 -4301.754026
1.909997 -4435.809499
1.919997 -4571.908094
1.929997 -4710.027518
1.939997 -4850.142263
1.949997 -4992.224930
1.959997 -5136.245272
1.969997 -5282.172404
1.979997 -5429.971585
1.989997 -5579.606431
1.999997 -5731.037956
2.009997 -5884.226410
2.019997 -6039.124563
2.029997 -6195.687690
2.039997 -6353.867236
2.049997 -6513.610495
2.059997 -6674.864042
2.069997 -6837.570634
2.079997 -7001.670040
2.089997 -7167.099845
2.099997 -7333.794961
2.109997 -7501.686316
2.119997 -7670.702916
2.129997 -7840.770112
2.139997 -8011.810393
2.149997 -8183.743332
2.159997 -8356.484719
2.169997 -8529.948152
2.179997 -8704.044150
2.189997 -8878.677717
2.199997 -9053.753115
2.209997 -9229.169802
2.219997 -9404.824780
2.229997 -9580.611737
2.239997 -9756.417936
2.249997 -9932.131123
2.259997 -10107.634057
2.269997 -10282.804514
2.279997 -10457.518275
2.289997 -10631.646807
2.299997 -10805.057981
2.309997 -10977.615303
2.319997 -11149.180051
2.329997 -11319.607619
2.339997 -11488.751791
2.349997 -11656.459728
2.359997 -11822.576884
2.369997 -11986.944139
2.379997 -12149.399143
2.389997 -12309.772905
2.399997 -12467.894523
2.409997 -12623.588427
2.419997 -12776.676966
2.429996 -12926.975157
2.439996 -13074.294625
2.449996 -13218.444776
2.459996 -13359.227739
2.469996 -13496.444598
2.479996 -13629.890378
2.489996 -13759.356504
2.499996 -13884.628396
2.509996 -14005.490182
2.519996 -14121.718790
2.529996 -14233.088612
2.539996 -14339.369157
2.549996 -14440.326161
2.559996 -14535.719388
2.569996 -14625.305905
2.579996 -14708.836831
2.589996 -14786.060515
2.599996 -14856.719388
2.609996 -14920.554038
2.619996 -14977.298131
2.629996 -15026.680525
2.639996 -15068.428135
2.649996 -15102.262028
2.659996 -15127.899363
2.669996 -15145.050688
2.679996 -15153.427996
2.689996 -15152.730520
2.699996 -15142.660608
2.709996 -15122.912359
2.719996 -15093.175233
2.729996 -15053.138800
2.739996 -15002.483100
2.749996 -14940.885216
2.759996 -14868.020606
2.769996 -14783.558564
2.779996 -14687.162463
2.789996 -14578.495400
2.799996 -14457.213174
2.809996 -14322.968549
2.819996 -14175.411149
2.829996 -14014.184962
2.839996 -13838.930926
2.849996 -13649.285717
2.859996 -13444.881827
2.869996 -13225.349765
2.879996 -12990.313722
2.889996 -12739.394001
2.899996 -12472.209913
2.909996 -12188.374833
2.919996 -11887.499258
2.929996 -11569.190724
2.939996 -11233.050596
2.949996 -10878.681451
2.959996 -10505.677577
2.969996 -10113.634245
2.979996 -9702.140392
2.989996 -9270.782464
2.999996 -8819.145449
