-0.970000 -2.150960
-0.940000 -2.677240
-0.910000 -2.768908
-0.880000 -3.030235
-0.850000 -3.225925
-0.820000 -3.818887
-0.790000 -3.969909
-0.760000 -3.957531
-0.730000 -4.391477
-0.700000 -4.427013
-0.670000 -4.624174
-0.640000 -4.692875
-0.610000 -4.955245
-0.580000 -4.997474
-0.550000 -4.881134
-0.520000 -4.989085
-0.490000 -5.206445
-0.460000 -5.230279
-0.430000 -5.570584
-0.400000 -5.378515
-0.370000 -5.702943
-0.340000 -5.607549
-0.310000 -5.667402
-0.280000 -5.330408
-0.250000 -5.640410
-0.220000 -5.494632
-0.190000 -5.596987
-0.160000 -5.565004
-0.130000 -5.068545
-0.100000 -5.398872
-0.070000 -5.183249
-0.040000 -4.943917
-0.010000 -4.973279
0.020000 -5.040401
0.050000 -4.771475
0.080000 -4.723282
0.110000 -4.627472
0.140000 -4.270702
0.170000 -4.487969
0.200000 -4.120323
0.230000 -4.109364
0.260000 -3.849797
0.290000 -3.892266
0.320000 -3.500174
0.350000 -3.654095
0.380000 -3.465917
0.410000 -3.081582
0.440000 -2.866457
0.470000 -3.129171
0.500000 -2.525339
0.530000 -2.571159
0.560000 -2.623807
0.589999 -2.402254
0.619999 -1.997445
0.649999 -1.714137
0.679999 -1.814821
0.709999 -1.787340
0.739999 -1.640040
0.769999 -1.252619
0.799999 -1.282456
0.829999 -1.028838
0.859999 -0.498399
0.889999 -0.370438
0.919999 -0.236320
0.949999 -0.371422
0.979999 -0.080908
1.009999 -0.012603
1.039999 0.326792
1.069999 0.345778
1.099999 0.561858
1.129999 0.627605
1.159999 0.510244
1.189999 0.832896
1.219999 1.197818
1.249999 1.309151
1.279999 1.309768
1.309999 1.190361
1.339999 1.509456
1.369999 1.544880
1.399999 1.479022
1.429999 1.715114
1.459999 1.515113
1.489999 1.704552
1.519999 1.968020
1.549999 1.976849
1.579999 1.752144
1.609999 1.716322
1.639999 2.053199
1.669999 1.775855
1.699998 1.927336
1.729998 2.034401
1.759998 1.811170
1.789998 1.794377
1.819998 1.831806
1.849998 1.546534
1.879998 1.700247
1.909998 1.335883
1.939998 1.429022
1.969998 1.234971
1.999998 1.205495
