1.030000 -0.874799
1.060000 -1.174415
1.090000 -1.091774
1.120000 -1.234199
1.150000 -1.369634
1.180000 -1.964425
1.210000 -2.183005
1.240000 -2.307767
1.270000 -2.952502
1.300000 -3.276771
1.330000 -3.845122
1.360000 -4.372223
1.390000 -5.185195
1.420000 -5.875463
1.450000 -6.510085
1.480000 -7.477661
1.510000 -8.669317
1.539999 -9.788393
1.569999 -11.351428
1.599999 -12.516411
1.629999 -14.339318
1.659999 -15.891242
1.689999 -17.754951
1.719999 -19.386358
1.749999 -21.837627
1.779999 -24.014597
1.809999 -26.630138
1.839999 -29.311058
1.869999 -31.736835
1.899999 -35.208660
1.929999 -38.364105
1.959999 -41.736046
1.989999 -45.627884
2.019999 -49.820049
2.049999 -53.950439
2.079999 -58.587971
2.109999 -63.476738
2.139999 -68.416283
2.169999 -74.254852
2.199999 -79.847137
2.229999 -86.148788
2.259999 -92.569008
2.289999 -99.673256
2.319999 -106.740288
2.349999 -114.766380
2.379999 -122.879539
2.409999 -131.242355
2.439999 -140.237183
2.469999 -150.190155
2.499999 -159.774841
2.529999 -170.525803
2.559999 -181.819077
2.589998 -193.393036
2.619998 -205.358322
2.649998 -218.040085
2.679998 -231.721664
2.709998 -245.912033
2.739998 -260.641357
2.769998 -275.811737
2.799998 -292.103271
2.829998 -308.838623
2.859998 -326.048187
2.889998 -344.435760
2.919998 -363.617523
2.949998 -383.894318
2.979998 -404.597473
3.009998 -426.401123
3.039998 -448.839355
3.069998 -472.531219
3.099998 -496.987427
3.129998 -522.584290
3.159998 -549.384094
3.189998 -576.793518
3.219998 -605.241089
3.249998 -635.053894
3.279998 -666.120789
3.309998 -698.483398
3.339998 -731.616455
3.369998 -766.275757
3.399998 -802.313110
3.429998 -839.360168
3.459998 -878.190735
3.489998 -918.015320
3.519998 -959.186279
3.549998 -1002.070068
3.579998 -1046.683350
3.609998 -1092.642578
3.639997 -1139.803833
3.669997 -1189.194214
3.699997 -1239.811279
3.729997 -1292.170288
3.759997 -1346.598877
3.789997 -1402.603882
3.819997 -1460.381104
3.849997 -1520.351562
3.879997 -1581.799072
3.909997 -1645.726685
3.939997 -1711.205200
3.969997 -1779.026733
3.999997 -1848.787842
