-0.970000 -2.150960
-0.940000 -2.677240
-0.910000 -2.768908
-0.880000 -3.030235
-0.850000 -3.225925
-0.820000 -3.818887
-0.790000 -3.969909
-0.760000 -3.957531
-0.730000 -4.391477
-0.700000 -4.427013
-0.670000 -4.624174
-0.640000 -4.692875
-0.610000 -4.955245
-0.580000 -4.997474
-0.550000 -4.881134
-0.520000 -4.989085
-0.490000 -5.206445
-0.460000 -5.230279
-0.430000 -5.570584
-0.400000 -5.378515
-0.370000 -5.702943
-0.340000 -5.607549
-0.310000 -5.667402
-0.280000 -5.330408
-0.250000 -5.640410
-0.220000 -5.494632
-0.190000 -5.596987
-0.160000 -5.565004
-0.130000 -5.068545
-0.100000 -5.398872
-0.070000 -5.183249
-0.040000 -4.943917
-0.010000 -4.973279
0.020000 -5.040401
0.050000 -4.771475
0.080000 -4.723282
0.110000 -4.627472
0.140000 -4.270702
0.170000 -4.487969
0.200000 -4.120323
0.230000 -4.109364
0.260000 -3.849797
0.290000 -3.892266
0.320000 -3.500174
0.350000 -3.654095
0.380000 -3.465917
0.410000 -3.081582
0.440000 -2.866457
0.470000 -3.129171
0.500000 -2.525339
0.530000 -2.571159
0.560000 -2.623807
0.589999 -2.402254
0.619999 -1.997445
0.649999 -1.714137
0.679999 -1.814821
0.709999 -1.787340
0.739999 -1.640040
0.769999 -1.252619
0.799999 -1.282456
0.829999 -1.028838
0.859999 -0.498399
0.889999 -0.370438
0.919999 -0.236320
0.949999 -0.371422
0.979999 -0.080908
1.009999 -0.012603
1.039999 0.326792
1.069999 0.345778
1.099999 0.561858
1.129999 0.627605
1.159999 0.510244
1.189999 0.832896
1.219999 1.197818
1.249999 1.309151
1.279999 1.309768
1.309999 1.190361
1.339999 1.509456
1.369999 1.544880
1.399999 1.479022
1.429999 1.715114
1.459999 1.515113
1.489999 1.704552
1.519999 1.968020
1.549999 1.976849
1.579999 1.752144
1.609999 1.716322
1.639999 2.053199
1.669999 1.775855
1.699998 1.927336
1.729998 2.034401
1.759998 1.811170
1.789998 1.794377
1.819998 1.831806
1.849998 1.546534
1.879998 1.700247
1.909998 1.335883
1.939998 1.429022
1.969998 1.234971
1.999998 1.205495
2.029998 0.834000
2.059998 0.528691
2.089998 0.708879
2.119998 0.491421
2.149998 -0.112906
2.179998 0.019681
2.209998 -0.350765
2.239998 -0.722453
2.269998 -0.912749
2.299998 -1.383449
2.329998 -1.450051
2.359998 -2.026359
2.389998 -2.311896
2.419998 -2.796297
2.449998 -3.208456
2.479998 -3.576237
2.509998 -3.867848
2.539998 -4.389444
2.569998 -4.984746
2.599998 -5.108560
2.629998 -6.023669
2.659998 -6.546712
2.689998 -6.918050
2.719998 -7.363410
2.749998 -7.851326
2.779998 -8.498752
2.809998 -9.269405
2.839998 -10.088557
2.869998 -10.597263
2.899997 -11.503608
2.929997 -12.280769
2.959997 -13.076074
2.989997 -13.689085
3.019997 -14.673339
3.049997 -15.558981
3.079997 -16.134470
3.109997 -17.329241
3.139997 -17.913067
3.169997 -19.172287
3.199997 -19.853374
3.229997 -21.187572
3.259997 -21.776402
3.289997 -23.279812
3.319997 -24.128248
3.349997 -25.412535
3.379997 -26.521196
3.409997 -27.412220
3.439997 -28.644320
3.469997 -29.911837
3.499997 -31.016167
3.529997 -32.470493
3.559997 -33.731628
3.589997 -35.417271
3.619997 -36.780655
3.649997 -38.003990
3.679997 -39.673191
3.709997 -41.158104
3.739997 -42.604347
3.769997 -44.022781
3.799997 -45.423981
3.829997 -47.161327
3.859997 -48.718533
3.889997 -50.753170
3.919997 -52.417870
3.949996 -53.749546
3.979996 -55.935608
4.009996 -57.416801
4.039997 -59.659191
4.069997 -61.119591
4.099997 -63.524780
4.129997 -65.086937
4.159997 -67.493866
4.189998 -69.573479
4.219998 -71.197617
4.249998 -73.484177
4.279998 -75.851601
4.309999 -78.059914
4.339999 -80.184662
4.369999 -82.202713
4.399999 -84.568085
4.429999 -87.157410
4.460000 -89.460388
4.490000 -91.887550
4.520000 -94.432930
4.550000 -96.839073
4.580000 -99.698441
4.610001 -102.090614
4.640001 -104.627716
4.670001 -107.547478
4.700001 -109.939995
4.730001 -112.927689
4.760002 -115.601303
4.790002 -118.534370
4.820002 -121.506485
4.850002 -124.760765
4.880002 -127.407295
4.910003 -130.412781
4.940003 -133.460785
4.970003 -136.627060
5.000003 -139.834839
5.030004 -142.994125
5.060004 -146.392548
5.090004 -149.640808
5.120004 -152.976547
5.150004 -156.558807
5.180005 -160.115982
5.210005 -163.803711
5.240005 -167.040833
5.270005 -170.630920
5.300005 -174.706161
5.330006 -178.139130
5.360006 -182.109619
5.390006 -185.739288
5.420006 -189.810822
5.450006 -193.497787
5.480007 -197.664062
5.510007 -201.684433
5.540007 -205.811783
5.570007 -210.021713
5.600008 -213.926529
5.630008 -218.368759
5.660008 -222.446182
5.690008 -226.861481
5.720008 -231.030380
5.750009 -235.830017
5.780009 -240.205765
5.810009 -244.683243
5.840009 -249.605835
5.870009 -254.102158
5.900010 -258.773254
5.930010 -263.385498
5.960010 -268.477234
5.990010 -273.436676
6.020010 -278.140717
6.050011 -283.364807
6.080011 -288.656067
6.110011 -293.619324
6.140011 -298.685394
6.170012 -303.820038
6.200012 -309.431152
6.230012 -314.581543
6.260012 -320.109070
6.290012 -325.601288
6.320013 -331.242188
6.350013 -336.652069
6.380013 -342.591766
6.410013 -348.108643
6.440013 -354.197784
6.470014 -359.872131
6.500014 -365.654724
6.530014 -371.652405
6.560014 -377.720490
6.590014 -383.979340
6.620015 -390.238159
6.650015 -396.267792
6.680015 -402.565277
6.710015 -408.884918
6.740016 -415.522827
6.770016 -421.819061
6.800016 -428.656372
6.830016 -434.931519
6.860016 -441.750610
6.890017 -448.534302
6.920017 -455.567383
6.950017 -462.332458
6.980017 -469.525330
7.010017 -476.477661
7.040018 -483.276459
7.070018 -490.548157
7.100018 -498.089478
7.130018 -505.395447
7.160018 -512.654785
7.190019 -520.001831
7.220019 -527.518616
7.250019 -535.077881
7.280019 -542.933594
7.310019 -550.428589
7.340020 -558.482361
7.370020 -566.343933
7.400020 -574.368530
7.430020 -581.998535
7.460021 -590.589294
7.490021 -598.351074
7.520021 -606.846497
7.550021 -615.239502
7.580021 -623.511169
7.610022 -631.720581
7.640022 -640.285889
7.670022 -648.983643
7.700022 -657.712830
7.730022 -666.774231
7.760023 -675.340515
7.790023 -684.416809
7.820023 -693.223755
7.850023 -702.218811
7.880023 -711.389160
7.910024 -720.651306
7.940024 -730.293701
7.970024 -739.390259
8.000024 -748.983521
8.030024 -758.658569
8.060023 -767.983887
8.090023 -777.690430
8.120023 -787.497559
8.150023 -797.555054
8.180022 -807.466614
8.210022 -817.704956
8.240022 -827.762451
8.270021 -837.662048
8.300021 -848.125061
8.330021 -858.498962
8.360021 -868.748352
8.390020 -879.450195
8.420020 -890.161438
8.450020 -900.909119
8.480020 -911.433655
8.510019 -922.272888
8.540019 -933.512817
8.570019 -944.311340
8.600019 -955.482666
8.630018 -966.511414
8.660018 -977.856079
8.690018 -989.503052
8.720017 -1000.941895
8.750017 -1012.351013
8.780017 -1024.174805
8.810017 -1035.888672
8.840016 -1047.588135
8.870016 -1059.504639
8.900016 -1071.188477
8.930016 -1083.276367
8.960015 -1095.585083
8.990015 -1107.732666
9.020015 -1120.087036
9.050014 -1132.683228
9.080014 -1145.289551
9.110014 -1157.876343
9.140014 -1170.451782
9.170013 -1183.276245
9.200013 -1196.342285
9.230013 -1209.379272
9.260013 -1222.494385
9.290012 -1235.645386
9.320012 -1248.637207
9.350012 -1262.134277
9.380012 -1275.620850
9.410011 -1289.142334
9.440011 -1302.899902
9.470011 -1316.463989
9.500010 -1330.037598
9.530010 -1344.135742
9.560010 -1358.313110
9.590010 -1372.230957
9.620009 -1386.390259
9.650009 -1400.834717
9.680009 -1415.404541
9.710009 -1429.543457
9.740008 -1444.271606
9.770008 -1459.023071
9.800008 -1473.973999
9.830008 -1488.693604
9.860007 -1503.752441
9.890007 -1518.643555
9.920007 -1534.053711
9.950006 -1549.421021
9.980006 -1564.772583
10.010006 -1580.063965
10.040006 -1595.703247
10.070005 -1611.225586
10.100005 -1627.345459
10.130005 -1642.964478
10.160005 -1659.346313
10.190004 -1675.312134
10.220004 -1691.721313
10.250004 -1707.641846
10.280004 -1724.059204
10.310003 -1740.816040
10.340003 -1757.526611
10.370003 -1773.876587
10.400002 -1790.778931
10.430002 -1808.050049
10.460002 -1824.890869
10.490002 -1841.768799
10.520001 -1859.160278
10.550001 -1876.767822
10.580001 -1894.102173
10.610001 -1911.479248
10.640000 -1929.545166
10.670000 -1947.330200
10.700000 -1965.084595
10.730000 -1983.129395
10.759999 -2001.064453
10.789999 -2019.210571
10.819999 -2037.880493
10.849998 -2056.361572
10.879998 -2074.911621
10.909998 -2093.370605
10.939998 -2111.980957
10.969997 -2130.908447
10.999997 -2150.027100
11.029997 -2169.294189
11.059997 -2188.276367
11.089996 -2207.612061
11.119996 -2227.078857
11.149996 -2246.601318
11.179996 -2266.386475
11.209995 -2286.197510
11.239995 -2305.801270
11.269995 -2326.017334
11.299994 -2346.295410
11.329994 -2366.314941
11.359994 -2386.711670
11.389994 -2407.135010
11.419993 -2427.732178
11.449993 -2448.615234
11.479993 -2469.136230
11.509993 -2490.451172
11.539992 -2511.489502
11.569992 -2532.246582
11.599992 -2553.911377
11.629992 -2575.160889
11.659991 -2596.813232
11.689991 -2618.155273
11.719991 -2640.185303
11.749990 -2662.032959
11.779990 -2683.773438
11.809990 -2706.161621
11.839990 -2728.167236
11.869989 -2750.607422
11.899989 -2773.401855
11.929989 -2795.895264
11.959989 -2818.360840
11.989988 -2841.284912
12.019988 -2864.150146
12.049988 -2887.506836
12.079988 -2910.766113
12.109987 -2934.116455
12.139987 -2957.372070
12.169987 -2981.209717
12.199986 -3004.638184
12.229986 -3028.419189
12.259986 -3052.410889
12.289986 -3076.755859
12.319985 -3100.866211
12.349985 -3125.245850
12.379985 -3149.649414
12.409985 -3174.340576
12.439984 -3198.979248
12.469984 -3223.749268
12.499984 -3248.908936
12.529984 -3273.807617
12.559983 -3299.304443
12.589983 -3324.476807
12.619983 -3349.959961
12.649982 -3375.611572
12.679982 -3401.138184
12.709982 -3427.249023
12.739982 -3453.056152
12.769981 -3479.237549
12.799981 -3505.317871
12.829981 -3531.829102
12.859981 -3558.292969
12.889980 -3585.006592
12.919980 -3611.988770
12.949980 -3638.743896
12.979980 -3666.118164
13.009979 -3693.041992
13.039979 -3720.207764
13.069979 -3747.774170
13.099978 -3775.350586
13.129978 -3803.135498
13.159978 -3831.051270
13.189978 -3859.063232
13.219977 -3887.012451
13.249977 -3915.233398
13.279977 -3943.694824
13.309977 -3972.491943
13.339976 -4001.223877
13.369976 -4030.017090
13.399976 -4058.652100
13.429976 -4087.983887
13.459975 -4116.989258
13.489975 -4146.308105
13.519975 -4175.872070
13.549974 -4205.791992
13.579974 -4235.565430
13.609974 -4265.330566
13.639974 -4295.407227
13.669973 -4325.406250
13.699973 -4355.640137
13.729973 -4386.454102
13.759973 -4416.991699
13.789972 -4447.587402
13.819972 -4478.381836
13.849972 -4509.537598
13.879972 -4540.892090
13.909971 -4571.934082
13.939971 -4603.753906
13.969971 -4635.382324
13.999970 -4666.966797
14.029970 -4698.705566
14.059970 -4730.828613
14.089970 -4762.904297
14.119969 -4795.596680
14.149969 -4827.976074
14.179969 -4860.446289
14.209969 -4893.137207
14.239968 -4926.217285
14.269968 -4959.186523
14.299968 -4992.301758
14.329967 -5026.010742
14.359967 -5059.171387
14.389967 -5093.013672
14.419967 -5126.625977
14.449966 -5160.796875
14.479966 -5194.868164
14.509966 -5228.924805
14.539966 -5263.393066
14.569965 -5297.935059
14.599965 -5332.744629
14.629965 -5367.562988
14.659965 -5402.394043
14.689964 -5437.575195
14.719964 -5473.184082
14.749964 -5508.363770
14.779963 -5544.113770
14.809963 -5579.848145
14.839963 -5615.699219
14.869963 -5651.756348
14.899962 -5687.965332
14.929962 -5724.603027
14.959962 -5760.958984
14.989962 -5797.706055
15.019961 -5834.693359
15.049961 -5871.369141
15.079961 -5908.479980
15.109961 -5945.777344
15.139960 -5983.339355
15.169960 -6021.079102
15.199960 -6058.748535
15.229959 -6096.684082
15.259959 -6134.744141
15.289959 -6173.040039
15.319959 -6211.634766
15.349958 -6249.978027
15.379958 -6288.967773
15.409958 -6327.508789
15.439958 -6366.635254
15.469957 -6405.672852
15.499957 -6445.186035
15.529957 -6484.902344
15.559957 -6524.388672
15.589956 -6564.213867
15.619956 -6604.441895
15.649956 -6644.217773
15.679955 -6684.752930
15.709955 -6725.108887
15.739955 -6765.847168
15.769955 -6806.808594
15.799954 -6847.645020
15.829954 -6888.862793
15.859954 -6930.080078
15.889954 -6971.737793
15.919953 -7013.014160
15.949953 -7054.877441
15.979953 -7096.714355
16.009953 -7138.950195
16.039953 -7181.308594
16.069954 -7223.746582
16.099955 -7266.109863
16.129955 -7309.365723
16.159956 -7352.312500
16.189957 -7395.151855
16.219957 -7438.463867
16.249958 -7482.108887
16.279959 -7525.735840
16.309959 -7569.326172
16.339960 -7613.143555
16.369961 -7657.369629
16.399961 -7701.810059
16.429962 -7746.294434
16.459963 -7790.730957
16.489964 -7835.493164
16.519964 -7880.479004
16.549965 -7925.660156
16.579966 -7971.053711
16.609966 -8016.769043
16.639967 -8062.338867
16.669968 -8108.341309
16.699968 -8154.228516
16.729969 -8200.183594
16.759970 -8246.786133
16.789970 -8293.115234
16.819971 -8339.785156
16.849972 -8387.061523
16.879972 -8433.984375
16.909973 -8481.060547
16.939974 -8528.477539
16.969975 -8575.996094
16.999975 -8624.082031
17.029976 -8671.769531
17.059977 -8719.784180
17.089977 -8768.392578
17.119978 -8816.827148
17.149979 -8865.396484
17.179979 -8914.226562
17.209980 -8963.196289
17.239981 -9012.595703
17.269981 -9061.814453
17.299982 -9111.414062
17.329983 -9160.988281
17.359983 -9210.758789
17.389984 -9261.192383
17.419985 -9311.256836
17.449986 -9361.570312
17.479986 -9412.571289
17.509987 -9463.246094
17.539988 -9514.320312
17.569988 -9565.267578
17.599989 -9616.647461
17.629990 -9668.141602
17.659990 -9719.899414
17.689991 -9772.070312
17.719992 -9823.905273
17.749992 -9876.172852
17.779993 -9928.789062
17.809994 -9981.541016
17.839994 -10034.203125
17.869995 -10087.379883
17.899996 -10140.118164
17.929996 -10193.661133
17.959997 -10247.145508
17.989998 -10300.842773
18.019999 -10354.762695
18.049999 -10409.271484
18.080000 -10463.452148
18.110001 -10517.937500
18.140001 -10572.479492
18.170002 -10627.440430
18.200003 -10682.349609
18.230003 -10738.012695
18.260004 -10793.395508
18.290005 -10848.742188
18.320005 -10904.832031
18.350006 -10960.586914
18.380007 -11016.875977
18.410007 -11073.415039
18.440008 -11130.113281
18.470009 -11186.565430
18.500010 -11243.958008
18.530010 -11300.757812
18.560011 -11358.245117
18.590012 -11415.754883
18.620012 -11473.406250
18.650013 -11531.722656
18.680014 -11589.813477
18.710014 -11648.206055
18.740015 -11706.718750
18.770016 -11765.232422
18.800016 -11824.377930
18.830017 -11883.519531
18.860018 -11942.781250
18.890018 -12001.931641
18.920019 -12062.105469
18.950020 -12121.934570
18.980021 -12182.054688
19.010021 -12242.183594
19.040022 -12302.585938
19.070023 -12363.147461
19.100023 -12424.449219
19.130024 -12485.286133
19.160025 -12546.849609
19.190025 -12608.179688
19.220026 -12669.820312
19.250027 -12731.743164
19.280027 -12793.908203
19.310028 -12856.227539
19.340029 -12918.388672
19.370029 -12981.257812
19.400030 -13044.345703
19.430031 -13107.525391
19.460032 -13170.631836
19.490032 -13233.948242
19.520033 -13297.687500
19.550034 -13361.801758
19.580034 -13425.598633
19.610035 -13490.402344
19.640036 -13554.685547
19.670036 -13619.579102
19.700037 -13684.284180
19.730038 -13749.409180
19.760038 -13814.942383
19.790039 -13880.218750
19.820040 -13946.101562
19.850040 -14012.221680
19.880041 -14078.542969
19.910042 -14144.566406
19.940042 -14211.139648
19.970043 -14277.990234
20.000044 -14345.007812
20.030045 -14412.113281
20.060045 -14479.833984
20.090046 -14547.249023
20.120047 -14615.320312
20.150047 -14683.120117
20.180048 -14751.695312
20.210049 -14819.969727
20.240049 -14888.925781
20.270050 -14957.800781
20.300051 -15026.882812
20.330051 -15096.161133
20.360052 -15165.748047
20.390053 -15235.270508
20.420053 -15305.496094
20.450054 -15375.253906
20.480055 -15445.614258
20.510056 -15516.659180
20.540056 -15587.040039
20.570057 -15658.298828
20.600058 -15729.651367
20.630058 -15800.945312
20.660059 -15872.831055
20.690060 -15944.516602
20.720060 -16016.677734
20.750061 -16088.833984
20.780062 -16161.320312
20.810062 -16234.278320
20.840063 -16307.227539
20.870064 -16380.349609
20.900064 -16454.011719
20.930065 -16527.623047
20.960066 -16601.291016
20.990067 -16675.406250
21.020067 -16749.957031
21.050068 -16824.007812
21.080069 -16899.029297
21.110069 -16974.046875
21.140070 -17049.062500
21.170071 -17124.513672
21.200071 -17200.173828
21.230072 -17275.822266
21.260073 -17351.894531
21.290073 -17428.273438
21.320074 -17504.863281
21.350075 -17581.369141
21.380075 -17658.505859
21.410076 -17735.736328
21.440077 -17812.859375
21.470078 -17890.728516
21.500078 -17968.361328
21.530079 -18046.765625
21.560080 -18124.648438
21.590080 -18203.164062
21.620081 -18282.037109
21.650082 -18361.148438
21.680082 -18440.175781
21.710083 -18519.671875
21.740084 -18599.164062
21.770084 -18679.347656
21.800085 -18759.453125
21.830086 -18839.882812
21.860086 -18920.228516
21.890087 -19000.835938
21.920088 -19082.000000
21.950089 -19163.294922
21.980089 -19244.634766
22.010090 -19326.279297
22.040091 -19408.332031
22.070091 -19490.705078
22.100092 -19573.105469
22.130093 -19655.900391
22.160093 -19738.781250
22.190094 -19821.892578
22.220095 -19904.986328
22.250095 -19988.650391
22.280096 -20072.244141
22.310097 -20156.222656
22.340097 -20240.646484
22.370098 -20325.167969
22.400099 -20410.097656
22.430099 -20495.011719
22.460100 -20580.070312
22.490101 -20665.292969
22.520102 -20751.412109
22.550102 -20837.302734
22.580103 -20923.373047
22.610104 -21009.527344
22.640104 -21096.201172
22.670105 -21183.318359
22.700106 -21269.982422
22.730106 -21357.365234
22.760107 -21445.289062
22.790108 -21532.949219
22.820108 -21620.857422
22.850109 -21709.140625
22.880110 -21798.056641
22.910110 -21886.542969
22.940111 -21975.474609
22.970112 -22064.722656
23.000113 -22154.125000
23.030113 -22244.271484
23.060114 -22333.900391
23.090115 -22424.039062
23.120115 -22514.921875
23.150116 -22605.535156
23.180117 -22696.498047
23.210117 -22787.400391
23.240118 -22879.189453
23.270119 -22970.537109
23.300119 -23062.691406
23.330120 -23154.908203
23.360121 -23246.933594
23.390121 -23339.675781
23.420122 -23432.908203
23.450123 -23525.609375
23.480124 -23619.068359
23.510124 -23712.957031
23.540125 -23806.662109
23.570126 -23900.914062
23.600126 -23995.302734
23.630127 -24089.818359
23.660128 -24184.857422
23.690128 -24279.839844
23.720129 -24375.449219
23.750130 -24471.091797
23.780130 -24566.814453
23.810131 -24663.054688
23.840132 -24759.158203
23.870132 -24856.050781
23.900133 -24952.539062
23.930134 -25049.806641
23.960135 -25147.367188
23.990135 -25244.761719
24.020136 -25342.707031
24.050137 -25440.939453
24.080137 -25539.007812
24.110138 -25637.726562
24.140139 -25736.937500
24.170139 -25836.117188
24.200140 -25935.273438
24.230141 -26034.980469
24.260141 -26134.972656
24.290142 -26235.007812
24.320143 -26335.570312
24.350143 -26436.164062
24.380144 -26537.023438
24.410145 -26638.419922
24.440145 -26739.533203
24.470146 -26841.486328
24.500147 -26943.269531
24.530148 -27045.666016
24.560148 -27147.783203
24.590149 -27250.503906
24.620150 -27353.535156
24.650150 -27456.660156
24.680151 -27560.183594
24.710152 -27664.343750
24.740152 -27768.369141
24.770153 -27872.408203
24.800154 -27977.121094
24.830154 -28081.544922
24.860155 -28187.013672
24.890156 -28292.197266
24.920156 -28397.677734
24.950157 -28503.501953
24.980158 -28609.578125
25.010159 -28716.027344
25.040159 -28822.726562
25.070160 -28929.416016
25.100161 -29036.697266
25.130161 -29143.951172
25.160162 -29251.986328
25.190163 -29359.656250
25.220163 -29468.080078
25.250164 -29576.560547
25.280165 -29685.449219
25.310165 -29794.109375
25.340166 -29903.599609
25.370167 -30012.964844
25.400167 -30122.685547
25.430168 -30232.808594
25.460169 -30343.166016
25.490170 -30453.837891
25.520170 -30564.761719
25.550171 -30675.972656
25.580172 -30787.339844
25.610172 -30899.089844
25.640173 -31011.011719
25.670174 -31123.197266
25.700174 -31236.017578
25.730175 -31348.421875
25.760176 -31461.539062
25.790176 -31575.080078
25.820177 -31688.658203
25.850178 -31802.492188
25.880178 -31916.324219
25.910179 -32030.693359
25.940180 -32145.419922
25.970181 -32260.638672
26.000181 -32375.613281
26.030182 -32491.281250
26.060183 -32607.152344
26.090183 -32722.800781
26.120184 -32839.507812
26.150185 -32955.910156
26.180185 -33072.871094
26.210186 -33190.050781
26.240187 -33307.421875
26.270187 -33424.925781
26.300188 -33542.750000
26.330189 -33661.359375
26.360189 -33779.734375
26.390190 -33898.398438
26.420191 -34017.398438
26.450191 -34137.152344
26.480192 -34256.710938
26.510193 -34376.492188
26.540194 -34496.644531
26.570194 -34616.996094
26.600195 -34738.070312
26.630196 -34858.882812
26.660196 -34980.214844
26.690197 -35101.707031
26.720198 -35223.593750
26.750198 -35345.765625
26.780199 -35468.578125
26.810200 -35591.011719
26.840200 -35714.000000
26.870201 -35837.210938
26.900202 -35960.773438
26.930202 -36084.871094
26.960203 -36209.105469
26.990204 -36333.125000
27.020205 -36458.175781
27.050205 -36583.160156
27.080206 -36708.339844
27.110207 -36833.859375
27.140207 -36959.734375
27.170208 -37085.726562
27.200209 -37212.414062
27.230209 -37339.003906
27.260210 -37465.722656
27.290211 -37593.125000
27.320211 -37720.945312
27.350212 -37848.445312
27.380213 -37976.609375
27.410213 -38105.210938
27.440214 -38233.941406
27.470215 -38362.941406
27.500216 -38492.292969
27.530216 -38621.710938
27.560217 -38751.855469
27.590218 -38881.609375
27.620218 -39012.300781
27.650219 -39142.820312
27.680220 -39273.964844
27.710220 -39405.402344
27.740221 -39537.019531
27.770222 -39669.019531
27.800222 -39801.257812
27.830223 -39933.753906
27.860224 -40066.378906
27.890224 -40199.605469
27.920225 -40333.078125
27.950226 -40466.445312
27.980227 -40600.546875
28.010227 -40734.808594
28.040228 -40869.515625
28.070229 -41004.042969
28.100229 -41139.558594
28.130230 -41274.925781
28.160231 -41410.726562
28.190231 -41546.863281
28.220232 -41682.753906
28.250233 -41819.699219
28.280233 -41956.375000
28.310234 -42093.687500
28.340235 -42231.199219
28.370235 -42369.289062
28.400236 -42507.484375
28.430237 -42645.457031
28.460238 -42784.281250
28.490238 -42923.640625
28.520239 -43062.597656
28.550240 -43202.550781
28.580240 -43342.093750
28.610241 -43482.554688
28.640242 -43623.027344
28.670242 -43763.964844
28.700243 -43904.921875
28.730244 -44046.335938
28.760244 -44188.175781
28.790245 -44330.378906
28.820246 -44472.835938
28.850246 -44615.171875
28.880247 -44758.476562
28.910248 -44901.484375
28.940248 -45045.230469
28.970249 -45189.097656
29.000250 -45333.183594
