-1.990000 2973.845539
-1.980000 2944.550691
-1.970000 2914.976281
-1.960000 2885.137909
-1.950000 2855.048767
-1.940000 2824.723463
-1.930000 2794.176677
-1.920000 2763.421787
-1.910000 2732.473381
-1.900000 2701.344506
-1.890000 2670.048498
-1.880000 2638.599682
-1.870000 2607.009896
-1.860000 2575.292660
-1.850000 2543.461565
-1.840000 2511.528150
-1.830000 2479.505420
-1.820000 2447.405264
-1.810000 2415.240099
-1.800000 2383.021927
-1.790000 2350.762336
-1.780000 2318.472489
-1.770000 2286.164562
-1.760000 2253.849594
-1.750000 2221.538202
-1.740000 2189.241533
-1.730000 2156.970072
-1.720000 2124.734115
-1.710000 2092.544499
-1.700000 2060.410662
-1.690000 2028.342704
-1.680000 1996.350656
-1.670000 1964.443758
-1.660000 1932.631421
-1.650000 1900.922627
-1.640000 1869.326898
-1.630000 1837.852105
-1.620000 1806.507514
-1.610000 1775.301105
-1.600000 1744.241520
-1.590000 1713.336237
-1.580000 1682.593644
-1.570000 1652.020839
-1.560000 1621.625831
-1.550000 1591.415218
-1.540000 1561.396388
-1.530000 1531.576418
-1.520000 1501.961830
-1.510000 1472.558837
-1.500000 1443.374199
-1.490000 1414.413876
-1.480000 1385.683768
-1.470001 1357.189467
-1.460001 1328.936867
-1.450001 1300.931190
-1.440001 1273.177721
-1.430001 1245.681439
-1.420001 1218.447265
-1.410001 1191.479695
-1.400001 1164.783050
-1.390001 1138.362192
-1.380001 1112.220962
-1.370001 1086.363028
-1.360001 1060.792482
-1.350001 1035.512999
-1.340001 1010.527608
-1.330001 985.839997
-1.320001 961.452853
-1.310001 937.369523
-1.300001 913.592593
-1.290001 890.124486
-1.280001 866.967752
-1.270001 844.124428
-1.260001 821.596970
-1.250001 799.387208
-1.240001 777.496581
-1.230001 755.927126
-1.220001 734.680084
-1.210001 713.756890
-1.200001 693.158368
-1.190001 672.885991
-1.180001 652.940227
-1.170001 633.321966
-1.160001 614.031782
-1.150001 595.069937
-1.140001 576.436775
-1.130001 558.132500
-1.120001 540.157065
-1.110001 522.510345
-1.100001 505.192024
-1.090001 488.201601
-1.080001 471.538769
-1.070001 455.202606
-1.060001 439.192497
-1.050001 423.507486
-1.040001 408.146495
-1.030001 393.108433
-1.020001 378.391932
-1.010001 363.995616
-1.000001 349.918096
-0.990001 336.157564
-0.980001 322.712460
-0.970001 309.580813
-0.960001 296.760852
-0.950001 284.250347
-0.940001 272.047272
-0.930001 260.149403
-0.920001 248.554318
-0.910001 237.259654
-0.900001 226.262808
-0.890001 215.561329
-0.880001 205.152346
-0.870001 195.033221
-0.860001 185.200991
-0.850001 175.652763
-0.840001 166.385487
-0.830001 157.396128
-0.820001 148.681510
-0.810001 140.238322
-0.800001 132.063317
-0.790001 124.153161
-0.780001 116.504346
-0.770001 109.113414
-0.760001 101.976805
-0.750001 95.090944
-0.740001 88.452119
-0.730001 82.056641
-0.720001 75.900779
-0.710001 69.980666
-0.700001 64.292511
-0.690001 58.832351
-0.680001 53.596293
-0.670001 48.580358
-0.660001 43.780541
-0.650001 39.192803
-0.640001 34.813080
-0.630001 30.637259
-0.620001 26.661221
-0.610001 22.880826
-0.600001 19.291906
-0.590001 15.890262
-0.580001 12.671696
-0.570001 9.631991
-0.560001 6.766921
-0.550001 4.072226
-0.540001 1.543675
-0.530001 -0.822990
-0.520001 -3.032035
-0.510001 -5.087709
-0.500001 -6.994276
-0.490001 -8.755989
-0.480001 -10.377113
-0.470001 -11.861877
-0.460001 -13.214518
-0.450001 -14.439269
-0.440001 -15.540331
-0.430001 -16.521904
-0.420002 -17.388165
-0.410002 -18.143278
-0.400002 -18.791379
-0.390002 -19.336583
-0.380002 -19.782984
-0.370002 -20.134642
-0.360002 -20.395598
-0.350002 -20.569855
-0.340002 -20.661388
-0.330002 -20.674136
-0.320002 -20.612002
-0.310002 -20.478856
-0.300002 -20.278526
-0.290002 -20.014797
-0.280002 -19.691416
-0.270002 -19.312086
-0.260002 -18.880459
-0.250002 -18.400148
-0.240002 -17.874709
-0.230002 -17.307657
-0.220002 -16.702452
-0.210002 -16.062496
-0.200002 -15.391144
-0.190002 -14.691695
-0.180002 -13.967385
-0.170002 -13.221397
-0.160002 -12.456854
-0.150002 -11.676817
-0.140002 -10.884285
-0.130002 -10.082197
-0.120002 -9.273422
-0.110002 -8.460770
-0.100002 -7.646981
-0.090002 -6.834727
-0.080002 -6.026615
-0.070002 -5.225180
-0.060002 -4.432887
-0.050002 -3.652130
-0.040002 -2.885232
-0.030002 -2.134442
-0.020002 -1.401937
-0.010002 -0.689817
-0.000002 -0.000110
0.009998 0.665234
0.019998 1.304342
0.029998 1.915414
0.039998 2.496733
0.049998 3.046655
0.059998 3.563618
0.069998 4.046138
0.079998 4.492811
0.089998 4.902310
0.099998 5.273393
0.109998 5.604895
0.119998 5.895732
0.129998 6.144902
0.139998 6.351484
0.149998 6.514638
0.159998 6.633606
0.169998 6.707712
0.179998 6.736359
0.189998 6.719033
0.199998 6.655305
0.209998 6.544823
0.219998 6.387317
0.229998 6.182600
0.239998 5.930567
0.249998 5.631189
0.259998 5.284524
0.269998 4.890704
0.279998 4.449948
0.289998 3.962548
0.299998 3.428879
0.309998 2.849397
0.319998 2.224630
0.329998 1.555185
0.339998 0.841754
0.349998 0.085099
0.359998 -0.713944
0.369998 -1.554455
0.379998 -2.435448
0.389998 -3.355855
0.399998 -4.314545
0.409998 -5.310303
0.419998 -6.341846
0.429998 -7.407825
0.439998 -8.506818
0.449998 -9.637329
0.459998 -10.797802
0.469998 -11.986608
0.479998 -13.202054
0.489998 -14.442384
0.499998 -15.705768
0.509998 -16.990333
0.519998 -18.294121
0.529998 -19.615128
0.539998 -20.951288
0.549998 -22.300468
0.559998 -23.660500
0.569998 -25.029135
0.579998 -26.404078
0.589998 -27.782997
0.599998 -29.163485
0.609998 -30.543095
0.619998 -31.919324
0.629998 -33.289652
0.639998 -34.651471
0.649998 -36.002151
0.659998 -37.339009
0.669998 -38.659343
0.679998 -39.960383
0.689998 -41.239335
0.699998 -42.493388
0.709998 -43.719638
0.719998 -44.915196
0.729998 -46.077153
0.739998 -47.202529
0.749998 -48.288337
0.759998 -49.331562
0.769998 -50.329157
0.779998 -51.278091
0.789998 -52.175231
0.799998 -53.017506
0.809998 -53.801800
0.819998 -54.524958
0.829998 -55.183831
0.839998 -55.775307
0.849998 -56.296139
0.859998 -56.743207
0.869998 -57.113308
0.879998 -57.403233
0.889998 -57.609852
0.899998 -57.729920
0.909998 -57.760276
0.919998 -57.697689
0.929998 -57.539071
0.939998 -57.281181
0.949998 -56.920862
0.959998 -56.455043
0.969998 -55.880497
0.979998 -55.194144
0.989998 -54.392928
0.999998 -53.473660
1.009998 -52.433425
1.019998 -51.269082
1.029998 -49.977724
1.039998 -48.556276
1.049998 -47.001839
1.059998 -45.311525
1.069998 -43.482405
1.079998 -41.511690
1.089998 -39.396540
1.099998 -37.134253
1.109998 -34.722046
1.119998 -32.157279
1.129998 -29.437289
1.139998 -26.559573
1.149998 -23.521571
1.159998 -20.320759
1.169998 -16.954854
1.179998 -13.421446
1.189998 -9.718116
1.199998 -5.842788
1.209998 -1.793253
1.219998 2.432563
1.229998 6.836820
1.239998 11.421310
1.249997 16.188141
1.259997 21.138913
1.269997 26.275498
1.279997 31.599589
1.289997 37.112608
1.299997 42.816234
1.309997 48.711811
1.319997 54.800746
1.329997 61.084092
1.339997 67.563226
1.349997 74.239066
1.359997 81.112776
1.369997 88.184965
1.379997 95.456697
1.389997 102.928399
1.399997 110.600878
1.409997 118.474464
1.419997 126.549547
1.429997 134.826489
1.439997 143.305378
1.449997 151.986375
1.459997 160.869230
1.469997 169.953986
1.479997 179.240257
1.489997 188.727741
1.499997 198.415787
1.509997 208.303752
1.519997 218.391176
1.529997 228.676976
1.539997 239.160113
1.549997 249.839687
1.559997 260.713953
1.569997 271.782323
1.579997 283.042676
1.589997 294.493740
1.599997 306.133412
1.609997 317.960372
1.619997 329.971916
1.629997 342.166489
1.639997 354.541487
1.649997 367.094596
1.659997 379.823123
1.669997 392.724844
1.679997 405.796304
1.689997 419.034698
1.699997 432.437262
1.709997 446.000364
1.719997 459.720836
1.729997 473.594944
1.739997 487.619353
1.749997 501.789922
1.759997 516.102727
1.769997 530.553638
1.779997 545.138738
1.789997 559.853127
1.799997 574.692477
1.809997 589.652191
1.819997 604.727405
1.829997 619.912695
1.839997 635.203494
1.849997 650.594260
1.859997 666.079770
1.869997 681.654070
1.879997 697.311641
1.889997 713.046465
1.899997 728.852957
1.909997 744.724338
1.919997 760.654491
1.929997 776.636866
1.939997 792.665215
1.949997 808.732462
1.959997 824.831438
1.969997 840.955623
1.979997 857.097440
1.989997 873.249175
1.999997 889.404082
2.009997 905.554651
2.019997 921.692001
2.029997 937.809166
2.039997 953.897216
2.049997 969.948556
2.059997 985.954843
2.069997 1001.907161
2.079997 1017.796782
2.089997 1033.615265
2.099997 1049.353386
2.109997 1065.002632
2.119997 1080.553294
2.129997 1095.995851
2.139997 1111.321062
2.149997 1126.519752
2.159997 1141.581079
2.169997 1156.495911
2.179997 1171.254268
2.189997 1185.846239
2.199997 1200.260790
2.209997 1214.487865
2.219997 1228.517076
2.229997 1242.338104
2.239997 1255.939254
2.249997 1269.310357
2.259997 1282.440254
2.269997 1295.317958
2.279997 1307.931993
2.289997 1320.270778
2.299997 1332.323363
2.309997 1344.078579
2.319997 1355.523530
2.329997 1366.647563
2.339997 1377.438040
2.349997 1387.883731
2.359997 1397.972161
2.369997 1407.690692
2.379997 1417.028130
2.389997 1425.971645
2.399997 1434.508508
2.409997 1442.626158
2.419997 1450.312764
2.429996 1457.555263
2.439996 1464.340217
2.449996 1470.655391
2.459996 1476.488604
2.469996 1481.825443
2.479996 1486.653751
2.489996 1490.960374
2.499996 1494.732393
2.509996 1497.955952
2.519996 1500.618169
2.529996 1502.705250
2.539996 1504.204897
2.549996 1505.102253
2.559996 1505.384651
2.569996 1505.039071
2.579996 1504.050997
2.589996 1502.407479
2.599996 1500.094612
2.609996 1497.098862
2.619996 1493.406782
2.629996 1489.004297
2.639996 1483.878166
2.649996 1478.014182
2.659996 1471.399408
2.669996 1464.019072
2.679996 1455.860328
2.689996 1446.909200
2.699996 1437.152259
2.709996 1426.575144
2.719996 1415.164261
2.729996 1402.906612
2.739996 1389.788206
2.749996 1375.795387
2.759996 1360.914166
2.769996 1345.131598
2.779996 1328.434026
2.789996 1310.807759
2.799996 1292.239415
2.809996 1272.715577
2.819996 1252.223114
2.829996 1230.748475
2.839996 1208.278492
2.849996 1184.800055
2.859996 1160.300182
2.869996 1134.765688
2.879996 1108.183674
2.889996 1080.541073
2.899996 1051.825636
2.909996 1022.024224
2.919996 991.124182
2.929996 959.113480
2.939996 925.979225
2.949996 891.709372
2.959996 856.291678
2.969996 819.714275
2.979996 781.964900
2.989996 743.031779
2.999996 702.903466
