-1.990000 1172.237819
-1.980000 1165.965751
-1.970000 1159.521302
-1.960000 1152.908181
-1.950000 1146.129881
-1.940000 1139.189670
-1.930000 1132.091271
-1.920000 1124.838301
-1.910000 1117.434150
-1.900000 1109.882438
-1.890000 1102.186786
-1.880000 1094.350469
-1.870000 1086.377225
-1.860000 1078.270557
-1.850000 1070.034084
-1.840000 1061.671073
-1.830000 1053.185369
-1.820000 1044.580113
-1.810000 1035.859380
-1.800000 1027.026180
-1.790000 1018.084224
-1.780000 1009.036980
-1.770000 999.888028
-1.760000 990.640701
-1.750000 981.298681
-1.740000 971.865283
-1.730000 962.343929
-1.720000 952.738154
-1.710000 943.051356
-1.700000 933.287047
-1.690000 923.448481
-1.680000 913.539141
-1.670000 903.562498
-1.660000 893.521642
-1.650000 883.420256
-1.640000 873.261520
-1.630000 863.048721
-1.620000 852.785249
-1.610000 842.474354
-1.600000 832.119147
-1.590000 821.723208
-1.580000 811.289609
-1.570000 800.821280
-1.560000 790.321800
-1.550000 779.794242
-1.540000 769.241593
-1.530000 758.667186
-1.520000 748.074025
-1.510000 737.465151
-1.500000 726.843523
-1.490000 716.212376
-1.480000 705.574681
-1.470001 694.933258
-1.460001 684.291268
-1.450001 673.651480
-1.440001 663.016819
-1.430001 652.390243
-1.420001 641.774560
-1.410001 631.172491
-1.400001 620.586848
-1.390001 610.020475
-1.380001 599.476003
-1.370001 588.956276
-1.360001 578.463807
-1.350001 568.001257
-1.340001 557.571256
-1.330001 547.176402
-1.320001 536.819143
-1.310001 526.502131
-1.300001 516.227746
-1.290001 505.998457
-1.280001 495.816579
-1.270001 485.684688
-1.260001 475.604914
-1.250001 465.579703
-1.240001 455.611236
-1.230001 445.701828
-1.220001 435.853532
-1.210001 426.068707
-1.200001 416.349333
-1.190001 406.697582
-1.180001 397.115476
-1.170001 387.604998
-1.160001 378.168097
-1.150001 368.806905
-1.140001 359.523184
-1.130001 350.318767
-1.120001 341.195451
-1.110001 332.155215
-1.100001 323.199667
-1.090001 314.330488
-1.080001 305.549484
-1.070001 296.858201
-1.060001 288.258204
-1.050001 279.751124
-1.040001 271.338392
-1.030001 263.021506
-1.020001 254.802028
-1.010001 246.681219
-1.000001 238.660351
-0.990001 230.740969
-0.980001 222.924212
-0.970001 215.211237
-0.960001 207.603395
-0.950001 200.101760
-0.940001 192.707452
-0.930001 185.421514
-0.920001 178.245046
-0.910001 171.178960
-0.900001 164.224248
-0.890001 157.381815
-0.880001 150.652476
-0.870001 144.037124
-0.860001 137.536516
-0.850001 131.151370
-0.840001 124.882431
-0.830001 118.730358
-0.820001 112.695745
-0.810001 106.779149
-0.800001 100.981194
-0.790001 95.302310
-0.780001 89.742953
-0.770001 84.303560
-0.760001 78.984528
-0.750001 73.786190
-0.740001 68.708800
-0.730001 63.752654
-0.720001 58.917968
-0.710001 54.204915
-0.700001 49.613593
-0.690001 45.144178
-0.680001 40.796686
-0.670001 36.571117
-0.660001 32.467489
-0.650001 28.485761
-0.640001 24.625780
-0.630001 20.887447
-0.620001 17.270570
-0.610001 13.774990
-0.600001 10.400406
-0.590001 7.146549
-0.580001 4.013111
-0.570001 0.999725
-0.560001 -1.894017
-0.550001 -4.668521
-0.540001 -7.324266
-0.530001 -9.861773
-0.520001 -12.281551
-0.510001 -14.584191
-0.500001 -16.770303
-0.490001 -18.840519
-0.480001 -20.795531
-0.470001 -22.636031
-0.460001 -24.362781
-0.450001 -25.976554
-0.440001 -27.478161
-0.430001 -28.868442
-0.420002 -30.148280
-0.410002 -31.318579
-0.400002 -32.380273
-0.390002 -33.334340
-0.380002 -34.181776
-0.370002 -34.923618
-0.360002 -35.560916
-0.350002 -36.094770
-0.340002 -36.526299
-0.330002 -36.856644
-0.320002 -37.086989
-0.310002 -37.218535
-0.300002 -37.252514
-0.290002 -37.190180
-0.280002 -37.032825
-0.270002 -36.781754
-0.260002 -36.438308
-0.250002 -36.003846
-0.240002 -35.479752
-0.230002 -34.867436
-0.220002 -34.168336
-0.210002 -33.383907
-0.200002 -32.515627
-0.190002 -31.565003
-0.180002 -30.533552
-0.170002 -29.422826
-0.160002 -28.234386
-0.150002 -26.969819
-0.140002 -25.630732
-0.130002 -24.218747
-0.120002 -22.735512
-0.110002 -21.182685
-0.100002 -19.561947
-0.090002 -17.874991
-0.080002 -16.123535
-0.070002 -14.309304
-0.060002 -12.434043
-0.050002 -10.499513
-0.040002 -8.507487
-0.030002 -6.459751
-0.020002 -4.358107
-0.010002 -2.204369
-0.000002 -0.000362
0.009998 2.252076
0.019998 4.551098
0.029998 6.894843
0.039998 9.281443
0.049998 11.709020
0.059998 14.175687
0.069998 16.679549
0.079998 19.218702
0.089998 21.791238
0.099998 24.395238
0.109998 27.028783
0.119998 29.689942
0.129998 32.376784
0.139998 35.087376
0.149998 37.819773
0.159998 40.572033
0.169998 43.342210
0.179998 46.128356
0.189998 48.928522
0.199998 51.740758
0.209998 54.563116
0.219998 57.393642
0.229998 60.230400
0.239998 63.071424
0.249998 65.914793
0.259998 68.758540
0.269998 71.600746
0.279998 74.439462
0.289998 77.272777
0.299998 80.098740
0.309998 82.915460
0.319998 85.721016
0.329998 88.513486
0.339998 91.290990
0.349998 94.051630
0.359998 96.793524
0.369998 99.514801
0.379998 102.213600
0.389998 104.888056
0.399998 107.536341
0.409998 110.156614
0.419998 112.747068
0.429998 115.305886
0.439998 117.831277
0.449998 120.321449
0.459998 122.774649
0.469998 125.189142
0.479998 127.563153
0.489998 129.894990
0.499998 132.182952
0.509998 134.425329
0.519998 136.620469
0.529998 138.766698
0.539998 140.862414
0.549998 142.905958
0.559998 144.895782
0.569998 146.830280
0.579998 148.707899
0.589998 150.527105
0.599998 152.286385
0.609998 153.984269
0.619998 155.619253
0.629998 157.189910
0.639998 158.694802
0.649998 160.132548
0.659998 161.501756
0.669998 162.801097
0.679998 164.029209
0.689998 165.184812
0.699998 166.266635
0.709998 167.273431
0.719998 168.203982
0.729998 169.057057
0.739998 169.831530
0.749998 170.526268
0.759998 171.140131
0.769998 171.672041
0.779998 172.120981
0.789998 172.485878
0.799998 172.765786
0.809998 172.959702
0.819998 173.066731
0.829998 173.085965
0.839998 173.016506
0.849998 172.857565
0.859998 172.608306
0.869998 172.267974
0.879998 171.835808
0.889998 171.311129
0.899998 170.693245
0.909998 169.981520
0.919998 169.175366
0.929998 168.274203
0.939998 167.277500
0.949998 166.184747
0.959998 164.995470
0.969998 163.709279
0.979998 162.325774
0.989998 160.844509
0.999998 159.265293
1.009998 157.587782
1.019998 155.811704
1.029998 153.936863
1.039998 151.963115
1.049998 149.890286
1.059998 147.718292
1.069998 145.447076
1.079998 143.076575
1.089998 140.606862
1.099998 138.037963
1.109998 135.369972
1.119998 132.602939
1.129998 129.737172
1.139998 126.772825
1.149998 123.710091
1.159998 120.549284
1.169998 117.290785
1.179998 113.934820
1.189998 110.481904
1.199998 106.932454
1.209998 103.286922
1.219998 99.545860
1.229998 95.709829
1.239998 91.779343
1.249997 87.755128
1.259997 83.637835
1.269997 79.428213
1.279997 75.126902
1.289997 70.734847
1.299997 66.252797
1.309997 61.681600
1.319997 57.022200
1.329997 52.275641
1.339997 47.442711
1.349997 42.524591
1.359997 37.522415
1.369997 32.437084
1.379997 27.269898
1.389997 22.021958
1.399997 16.694521
1.409997 11.288853
1.419997 5.806290
1.429997 0.248115
1.439997 -5.384260
1.449997 -11.089386
1.459997 -16.865836
1.469997 -22.712266
1.479997 -28.626872
1.489997 -34.608325
1.499997 -40.654929
1.509997 -46.764980
1.519997 -52.936949
1.529997 -59.168967
1.539997 -65.459435
1.549997 -71.806411
1.559997 -78.208254
1.569997 -84.662952
1.579997 -91.168611
1.589997 -97.723515
1.599997 -104.325424
1.609997 -110.972495
1.619997 -117.662725
1.629997 -124.394048
1.639997 -131.164274
1.649997 -137.971272
1.659997 -144.813029
1.669997 -151.687197
1.679997 -158.591638
1.689997 -165.524063
1.699997 -172.482210
1.709997 -179.463820
1.719997 -186.466447
1.729997 -193.487652
1.739997 -200.525113
1.749997 -207.576539
1.759997 -214.639132
1.769997 -221.710664
1.779997 -228.788610
1.789997 -235.870268
1.799997 -242.953119
1.809997 -250.034661
1.819997 -257.112115
1.829997 -264.182957
1.839997 -271.244416
1.849997 -278.293876
1.859997 -285.328575
1.869997 -292.345673
1.879997 -299.342482
1.889997 -306.316290
1.899997 -313.264072
1.909997 -320.183133
1.919997 -327.070524
1.929997 -333.923676
1.939997 -340.739259
1.949997 -347.514380
1.959997 -354.246583
1.969997 -360.932484
1.979997 -367.569137
1.989997 -374.153692
1.999997 -380.683223
2.009997 -387.154435
2.019997 -393.564526
2.029997 -399.910177
2.039997 -406.188677
2.049997 -412.396648
2.059997 -418.531243
2.069997 -424.589170
2.079997 -430.567502
2.089997 -436.462928
2.099997 -442.272341
2.109997 -447.992836
2.119997 -453.620972
2.129997 -459.153824
2.139997 -464.587940
2.149997 -469.920536
2.159997 -475.148199
2.169997 -480.267622
2.179997 -485.275945
2.189997 -490.169699
2.199997 -494.945866
2.209997 -499.601224
2.219997 -504.132453
2.229997 -508.536524
2.239997 -512.810214
2.249997 -516.950205
2.259997 -520.953372
2.269997 -524.816640
2.279997 -528.536650
2.289997 -532.110195
2.299997 -535.534251
2.309997 -538.805617
2.319997 -541.921006
2.329997 -544.877409
2.339997 -547.671688
2.349997 -550.300276
2.359997 -552.760621
2.369997 -555.049221
2.379997 -557.163022
2.389997 -559.099058
2.399997 -560.854085
2.409997 -562.424996
2.419997 -563.808862
2.429996 -565.002603
2.439996 -566.002996
2.449996 -566.807231
2.459996 -567.412274
2.469996 -567.814960
2.479996 -568.012520
2.489996 -568.001903
2.499996 -567.779933
2.509996 -567.344189
2.519996 -566.691532
2.529996 -565.819002
2.539996 -564.723938
2.549996 -563.403287
2.559996 -561.854433
2.569996 -560.074512
2.579996 -558.060689
2.589996 -555.810545
2.599996 -553.321167
2.609996 -550.589680
2.619996 -547.613863
2.629996 -544.390838
2.639996 -540.918067
2.649996 -537.193041
2.659996 -533.213225
2.669996 -528.976004
2.679996 -524.479134
2.689996 -519.720174
2.699996 -514.696512
2.709996 -509.406151
2.719996 -503.846502
2.729996 -498.015328
2.739996 -491.910380
2.749996 -485.529634
2.759996 -478.870725
2.769996 -471.931657
2.779996 -464.710378
2.789996 -457.204534
2.799996 -449.412504
2.809996 -441.332151
2.819996 -432.961633
2.829996 -424.299144
2.839996 -415.342661
2.849996 -406.090512
2.859996 -396.541058
2.869996 -386.692499
2.879996 -376.543127
2.889996 -366.091476
2.899996 -355.336054
2.909996 -344.275269
2.919996 -332.907757
2.929996 -321.231984
2.939996 -309.246739
2.949996 -296.950725
2.959996 -284.342608
2.969996 -271.421379
2.979996 -258.185754
2.989996 -244.634755
2.999996 -230.767335
