-1.990000 -1529.721626
-1.980000 -1505.321590
-1.970000 -1480.882321
-1.960000 -1456.414487
-1.950000 -1431.929571
-1.940000 -1407.438636
-1.930000 -1382.952545
-1.920000 -1358.481509
-1.910000 -1334.036567
-1.900000 -1309.627412
-1.890000 -1285.264227
-1.880000 -1260.956761
-1.870000 -1236.714211
-1.860000 -1212.546739
-1.850000 -1188.463138
-1.840000 -1164.472230
-1.830000 -1140.583103
-1.820000 -1116.804174
-1.810000 -1093.143771
-1.800000 -1069.610258
-1.790000 -1046.211317
-1.780000 -1022.955026
-1.770000 -999.848901
-1.760000 -976.900072
-1.750000 -954.115770
-1.740000 -931.503141
-1.730000 -909.068527
-1.720000 -886.819153
-1.710000 -864.760839
-1.700000 -842.899684
-1.690000 -821.241950
-1.680000 -799.793337
-1.670000 -778.558983
-1.660000 -757.544857
-1.650000 -736.755762
-1.640000 -716.196485
-1.630000 -695.872227
-1.620000 -675.787261
-1.610000 -655.946036
-1.600000 -636.352684
-1.590000 -617.011390
-1.580000 -597.925661
-1.570000 -579.099304
-1.560000 -560.535570
-1.550000 -542.237953
-1.540000 -524.209211
-1.530000 -506.452499
-1.520000 -488.970272
-1.510000 -471.764955
-1.500000 -454.839252
-1.490000 -438.195201
-1.480000 -421.834363
-1.470001 -405.759094
-1.460001 -389.970668
-1.450001 -374.470614
-1.440001 -359.260289
-1.430001 -344.340765
-1.420001 -329.712886
-1.410001 -315.377698
-1.400001 -301.335659
-1.390001 -287.587041
-1.380001 -274.132560
-1.370001 -260.972204
-1.360001 -248.105870
-1.350001 -235.533541
-1.340001 -223.254874
-1.330001 -211.269380
-1.320001 -199.576540
-1.310001 -188.175639
-1.300001 -177.065641
-1.290001 -166.245699
-1.280001 -155.714710
-1.270001 -145.471236
-1.260001 -135.514029
-1.250001 -125.841391
-1.240001 -116.451769
-1.230001 -107.343435
-1.220001 -98.514302
-1.210001 -89.962504
-1.200001 -81.685828
-1.190001 -73.682064
-1.180001 -65.948777
-1.170001 -58.483622
-1.160001 -51.283895
-1.150001 -44.346986
-1.140001 -37.670156
-1.130001 -31.250458
-1.120001 -25.084960
-1.110001 -19.170449
-1.100001 -13.504002
-1.090001 -8.082310
-1.080001 -2.901926
-1.070001 2.040380
-1.060001 6.748226
-1.050001 11.225106
-1.040001 15.474681
-1.030001 19.500548
-1.020001 23.306649
-1.010001 26.896715
-1.000001 30.274607
-0.990001 33.444383
-0.980001 36.409982
-0.970001 39.175572
-0.960001 41.745143
-0.950001 44.122852
-0.940001 46.313022
-0.930001 48.319845
-0.920001 50.147604
-0.910001 51.800642
-0.900001 53.283349
-0.890001 54.600074
-0.880001 55.755279
-0.870001 56.753394
-0.860001 57.598904
-0.850001 58.296308
-0.840001 58.850072
-0.830001 59.264808
-0.820001 59.544988
-0.810001 59.695199
-0.800001 59.719977
-0.790001 59.623910
-0.780001 59.411508
-0.770001 59.087413
-0.760001 58.656153
-0.750001 58.122255
-0.740001 57.490307
-0.730001 56.764806
-0.720001 55.950295
-0.710001 55.051313
-0.700001 54.072278
-0.690001 53.017710
-0.680001 51.892032
-0.670001 50.699675
-0.660001 49.445010
-0.650001 48.132416
-0.640001 46.766214
-0.630001 45.350685
-0.620001 43.890103
-0.610001 42.388667
-0.600001 40.850549
-0.590001 39.279879
-0.580001 37.680742
-0.570001 36.057187
-0.560001 34.413174
-0.550001 32.752643
-0.540001 31.079462
-0.530001 29.397460
-0.520001 27.710397
-0.510001 26.021975
-0.500001 24.335822
-0.490001 22.655506
-0.480001 20.984549
-0.470001 19.326374
-0.460001 17.684366
-0.450001 16.061807
-0.440001 14.461927
-0.430001 12.887870
-0.420002 11.342714
-0.410002 9.829441
-0.400002 8.350982
-0.390002 6.910152
-0.380002 5.509701
-0.370002 4.152307
-0.360002 2.840537
-0.350002 1.576891
-0.340002 0.363774
-0.330002 -0.796511
-0.320002 -1.901731
-0.310002 -2.949754
-0.300002 -3.938546
-0.290002 -4.866160
-0.280002 -5.730742
-0.270002 -6.530547
-0.260002 -7.263914
-0.250002 -7.929291
-0.240002 -8.525211
-0.230002 -9.050324
-0.220002 -9.503365
-0.210002 -9.883177
-0.200002 -10.188711
-0.190002 -10.419009
-0.180002 -10.573223
-0.170002 -10.650611
-0.160002 -10.650529
-0.150002 -10.572441
-0.140002 -10.415919
-0.130002 -10.180636
-0.120002 -9.866373
-0.110002 -9.473016
-0.100002 -9.000558
-0.090002 -8.449100
-0.080002 -7.818847
-0.070002 -7.110114
-0.060002 -6.323319
-0.050002 -5.458989
-0.040002 -4.517758
-0.030002 -3.500364
-0.020002 -2.407655
-0.010002 -1.240584
-0.000002 -0.000207
0.009998 1.312309
0.019998 2.695697
0.029998 4.148582
0.039998 5.669485
0.049998 7.256823
0.059998 8.908911
0.069998 10.623959
0.079998 12.400077
0.089998 14.235271
0.099998 16.127449
0.109998 18.074417
0.119998 20.073883
0.129998 22.123457
0.139998 24.220648
0.149998 26.362876
0.159998 28.547458
0.169998 30.771618
0.179998 33.032490
0.189998 35.327115
0.199998 37.652442
0.209998 40.005329
0.219998 42.382547
0.229998 44.780783
0.239998 47.196629
0.249998 49.626603
0.259998 52.067139
0.269998 54.514575
0.279998 56.965193
0.289998 59.415176
0.299998 61.860640
0.309998 64.297631
0.319998 66.722108
0.329998 69.129971
0.339998 71.517043
0.349998 73.879070
0.359998 76.211762
0.369998 78.510718
0.379998 80.771527
0.389998 82.989687
0.399998 85.160636
0.409998 87.279755
0.419998 89.342396
0.429998 91.343820
0.439998 93.279276
0.449998 95.143942
0.459998 96.932946
0.469998 98.641404
0.479998 100.264345
0.489998 101.796790
0.499998 103.233722
0.509998 104.570082
0.519998 105.800775
0.529998 106.920695
0.539998 107.924673
0.549998 108.807569
0.559998 109.564174
0.569998 110.189258
0.579998 110.677625
0.589998 111.024020
0.599998 111.223198
0.609998 111.269850
0.619998 111.158762
0.629998 110.884635
0.639998 110.442180
0.649998 109.826131
0.659998 109.031224
0.669998 108.052186
0.679998 106.883771
0.689998 105.520724
0.699998 103.957829
0.709998 102.189885
0.719998 100.211693
0.729998 98.018077
0.739998 95.603929
0.749998 92.964108
0.759998 90.093547
0.769998 86.987218
0.779998 83.640118
0.789998 80.047277
0.799998 76.203765
0.809998 72.104742
0.819998 67.745349
0.829998 63.120806
0.839998 58.226452
0.849998 53.057595
0.859998 47.609675
0.869998 41.878056
0.879998 35.858423
0.889998 29.546324
0.899998 22.937403
0.909998 16.027425
0.919998 8.812260
0.929998 1.287860
0.939998 -6.549908
0.949998 -14.704849
0.959998 -23.180819
0.969998 -31.981535
0.979998 -41.110616
0.989998 -50.571607
0.999998 -60.367899
1.009998 -70.502908
1.019998 -80.979787
1.029998 -91.801577
1.039998 -102.971361
1.049998 -114.492011
1.059998 -126.366310
1.069998 -138.596780
1.079998 -151.185999
1.089998 -164.136390
1.099998 -177.450111
1.109998 -191.129377
1.119998 -205.176105
1.129998 -219.592070
1.139998 -234.379129
1.149998 -249.538830
1.159998 -265.072406
1.169998 -280.981278
1.179998 -297.266545
1.189998 -313.929126
1.199998 -330.969926
1.209998 -348.389377
1.219998 -366.188262
1.229998 -384.366631
1.239998 -402.924795
1.249997 -421.862496
1.259997 -441.179881
1.269997 -460.876404
1.279997 -480.951694
1.289997 -501.404643
1.299997 -522.234699
1.309997 -543.440804
1.319997 -565.021630
1.329997 -586.975720
1.339997 -609.301310
1.349997 -631.996804
1.359997 -655.060054
1.369997 -678.489081
1.379997 -702.280988
1.389997 -726.433522
1.399997 -750.944109
1.409997 -775.809255
1.419997 -801.025862
1.429997 -826.591053
1.439997 -852.500415
1.449997 -878.750658
1.459997 -905.337738
1.469997 -932.257098
1.479997 -959.504333
1.489997 -987.075188
1.499997 -1014.964467
1.509997 -1043.167000
1.519997 -1071.677644
1.529997 -1100.490793
1.539997 -1129.600746
1.549997 -1159.001580
1.559997 -1188.686909
1.569997 -1218.650368
1.579997 -1248.885612
1.589997 -1279.385465
1.599997 -1310.143012
1.609997 -1341.150870
1.619997 -1372.401432
1.629997 -1403.886862
1.639997 -1435.599587
1.649997 -1467.531075
1.659997 -1499.672687
1.669997 -1532.016410
1.679997 -1564.553029
1.689997 -1597.272857
1.699997 -1630.167438
1.709997 -1663.226507
1.719997 -1696.440663
1.729997 -1729.799311
1.739997 -1763.293072
1.749997 -1796.910775
1.759997 -1830.641861
1.769997 -1864.475545
1.779997 -1898.400335
1.789997 -1932.405231
1.799997 -1966.478287
1.809997 -2000.607929
1.819997 -2034.781055
1.829997 -2068.987061
1.839997 -2103.211925
1.849997 -2137.444001
1.859997 -2171.669535
1.869997 -2205.875496
1.879997 -2240.048399
1.889997 -2274.175236
1.899997 -2308.241849
1.909997 -2342.233639
1.919997 -2376.136716
1.929997 -2409.936744
1.939997 -2443.618718
1.949997 -2477.168104
1.959997 -2510.569480
1.969997 -2543.806994
1.979997 -2576.865944
1.989997 -2609.730739
1.999997 -2642.384697
2.009997 -2674.812790
2.019997 -2706.996910
2.029997 -2738.922081
2.039997 -2770.570409
2.049997 -2801.925785
2.059997 -2832.970818
2.069997 -2863.688365
2.079997 -2894.060668
2.089997 -2924.070645
2.099997 -2953.699756
2.109997 -2982.930560
2.119997 -3011.744178
2.129997 -3040.122823
2.139997 -3068.048112
2.149997 -3095.501087
2.159997 -3122.462433
2.169997 -3148.914099
2.179997 -3174.836455
2.189997 -3200.209928
2.199997 -3225.015397
2.209997 -3249.232998
2.219997 -3272.843707
2.229997 -3295.825830
2.239997 -3318.161423
2.249997 -3339.830070
2.259997 -3360.810103
2.269997 -3381.082392
2.279997 -3400.626164
2.289997 -3419.420170
2.299997 -3437.444167
2.309997 -3454.677059
2.319997 -3471.098377
2.329997 -3486.686467
2.339997 -3501.421008
2.349997 -3515.279472
2.359997 -3528.241357
2.369997 -3540.285708
2.379997 -3551.389451
2.389997 -3561.532505
2.399997 -3570.693010
2.409997 -3578.849053
2.419997 -3585.978670
2.429996 -3592.060490
2.439996 -3597.072444
2.449996 -3600.992115
2.459996 -3603.798918
2.469996 -3605.469434
2.479996 -3605.982384
2.489996 -3605.315541
2.499996 -3603.446961
2.509996 -3600.354392
2.519996 -3596.015869
2.529996 -3590.409417
2.539996 -3583.513335
2.549996 -3575.304272
2.559996 -3565.761649
2.569996 -3554.862969
2.579996 -3542.585786
2.589996 -3528.908221
2.599996 -3513.808929
2.609996 -3497.265083
2.619996 -3479.255665
2.629996 -3459.758697
2.639996 -3438.752035
2.649996 -3416.214319
2.659996 -3392.124010
2.669996 -3366.458973
2.679996 -3339.198505
2.689996 -3310.320655
2.699996 -3279.804862
2.709996 -3247.629384
2.719996 -3213.772629
2.729996 -3178.214532
2.739996 -3140.934496
2.749996 -3101.911280
2.759996 -3061.124548
2.769996 -3018.552835
2.779996 -2974.177166
2.789996 -2927.976567
2.799996 -2879.931610
2.809996 -2830.022016
2.819996 -2778.228649
2.829996 -2724.530987
2.839996 -2668.910845
2.849996 -2611.348684
2.859996 -2551.825211
2.869996 -2490.322428
2.879996 -2426.821434
2.889996 -2361.303835
2.899996 -2293.751235
2.909996 -2224.146412
2.919996 -2152.471201
2.929996 -2078.708586
2.939996 -2002.841342
2.949996 -1924.852694
2.959996 -1844.725571
2.969996 -1762.444092
2.979996 -1677.991600
2.989996 -1591.352879
2.999996 -1502.512029
