-1.990000 2485.772611
-1.980000 2449.122552
-1.970000 2412.322398
-1.960000 2375.388383
-1.950000 2338.337389
-1.940000 2301.185829
-1.930000 2263.950555
-1.920000 2226.647031
-1.910000 2189.291154
-1.900000 2151.899036
-1.890000 2114.485383
-1.880000 2077.065106
-1.870000 2039.653794
-1.860000 2002.264683
-1.850000 1964.913437
-1.840000 1927.613243
-1.830000 1890.378081
-1.820000 1853.221320
-1.810000 1816.156306
-1.800000 1779.196361
-1.790000 1742.353599
-1.780000 1705.641059
-1.770000 1669.070566
-1.760000 1632.653681
-1.750000 1596.403020
-1.740000 1560.329260
-1.730000 1524.443531
-1.720000 1488.757307
-1.710000 1453.281197
-1.700000 1418.024821
-1.690000 1382.998624
-1.680000 1348.212547
-1.670000 1313.676030
-1.660000 1279.398492
-1.650000 1245.389093
-1.640000 1211.656368
-1.630000 1178.209077
-1.620000 1145.055361
-1.610000 1112.203464
-1.600000 1079.660643
-1.590000 1047.434877
-1.580000 1015.533033
-1.570000 983.962213
-1.560000 952.729632
-1.550000 921.841035
-1.540000 891.303257
-1.530000 861.122152
-1.520000 831.303204
-1.510000 801.852019
-1.500000 772.774077
-1.490000 744.074130
-1.480000 715.756809
-1.470001 687.827115
-1.460001 660.288957
-1.450001 633.146618
-1.440001 606.403781
-1.430001 580.064138
-1.420001 554.130670
-1.410001 528.606973
-1.400001 503.495783
-1.390001 478.799821
-1.380001 454.521259
-1.370001 430.662798
-1.360001 407.226198
-1.350001 384.213250
-1.340001 361.625408
-1.330001 339.464216
-1.320001 317.731008
-1.310001 296.426321
-1.300001 275.551433
-1.290001 255.106480
-1.280001 235.092106
-1.270001 215.508289
-1.260001 196.355050
-1.250001 177.632164
-1.240001 159.339331
-1.230001 141.475838
-1.220001 124.041079
-1.210001 107.033896
-1.200001 90.453271
-1.190001 74.298070
-1.180001 58.566592
-1.170001 43.257253
-1.160001 28.368306
-1.150001 13.897844
-1.140001 -0.156310
-1.130001 -13.796266
-1.120001 -27.024780
-1.110001 -39.844039
-1.100001 -52.256954
-1.090001 -64.266356
-1.080001 -75.875080
-1.070001 -87.086526
-1.060001 -97.903689
-1.050001 -108.330067
-1.040001 -118.369123
-1.030001 -128.024547
-1.020001 -137.299963
-1.010001 -146.199397
-1.000001 -154.726625
-0.990001 -162.885878
-0.980001 -170.681286
-0.970001 -178.117170
-0.960001 -185.197822
-0.950001 -191.927807
-0.940001 -198.311628
-0.930001 -204.354002
-0.920001 -210.059679
-0.910001 -215.433333
-0.900001 -220.480030
-0.890001 -225.204706
-0.880001 -229.612366
-0.870001 -233.708107
-0.860001 -237.497184
-0.850001 -240.984748
-0.840001 -244.176148
-0.830001 -247.076646
-0.820001 -249.691740
-0.810001 -252.026834
-0.800001 -254.087381
-0.790001 -255.878958
-0.780001 -257.407052
-0.770001 -258.677352
-0.760001 -259.695430
-0.750001 -260.466926
-0.740001 -260.997547
-0.730001 -261.293015
-0.720001 -261.358953
-0.710001 -261.201154
-0.700001 -260.825346
-0.690001 -260.237280
-0.680001 -259.442674
-0.670001 -258.447322
-0.660001 -257.256886
-0.650001 -255.877191
-0.640001 -254.313957
-0.630001 -252.572895
-0.620001 -250.659683
-0.610001 -248.580054
-0.600001 -246.339648
-0.590001 -243.944118
-0.580001 -241.399073
-0.570001 -238.710107
-0.560001 -235.882787
-0.550001 -232.922639
-0.540001 -229.835122
-0.530001 -226.625672
-0.520001 -223.299740
-0.510001 -219.862641
-0.500001 -216.319687
-0.490001 -212.676123
-0.480001 -208.937169
-0.470001 -205.107948
-0.460001 -201.193548
-0.450001 -197.199014
-0.440001 -193.129282
-0.430001 -188.989240
-0.420002 -184.783729
-0.410002 -180.517508
-0.400002 -176.195239
-0.390002 -171.821533
-0.380002 -167.400922
-0.370002 -162.937848
-0.360002 -158.436683
-0.350002 -153.901713
-0.340002 -149.337131
-0.330002 -144.747039
-0.320002 -140.135472
-0.310002 -135.506335
-0.300002 -130.863496
-0.290002 -126.210671
-0.280002 -121.551519
-0.270002 -116.889579
-0.260002 -112.228294
-0.250002 -107.571013
-0.240002 -102.920975
-0.230002 -98.281314
-0.220002 -93.655079
-0.210002 -89.045186
-0.200002 -84.454454
-0.190002 -79.885589
-0.180002 -75.341197
-0.170002 -70.823754
-0.160002 -66.335637
-0.150002 -61.879103
-0.140002 -57.456303
-0.130002 -53.069264
-0.120002 -48.719901
-0.110002 -44.410010
-0.100002 -40.141261
-0.090002 -35.915222
-0.080002 -31.733331
-0.070002 -27.596904
-0.060002 -23.507148
-0.050002 -19.465139
-0.040002 -15.471836
-0.030002 -11.528076
-0.020002 -7.634577
-0.010002 -3.791931
-0.000002 -0.000612
0.009998 3.739032
0.019998 7.426772
0.029998 11.062503
0.039998 14.646238
0.049998 18.178119
0.059998 21.658405
0.069998 25.087475
0.079998 28.465832
0.089998 31.794103
0.099998 35.073026
0.109998 38.303465
0.119998 41.486404
0.129998 44.622946
0.139998 47.714311
0.149998 50.761831
0.159998 53.766960
0.169998 56.731270
0.179998 59.656448
0.189998 62.544282
0.199998 65.396687
0.209998 68.215693
0.219998 71.003426
0.229998 73.762132
0.239998 76.494165
0.249998 79.201983
0.259998 81.888140
0.269998 84.555322
0.279998 87.206300
0.289998 89.843952
0.299998 92.471239
0.309998 95.091248
0.319998 97.707145
0.329998 100.322200
0.339998 102.939759
0.349998 105.563297
0.359998 108.196352
0.369998 110.842536
0.379998 113.505572
0.389998 116.189275
0.399998 118.897511
0.409998 121.634261
0.419998 124.403548
0.429998 127.209507
0.439998 130.056310
0.449998 132.948226
0.459998 135.889605
0.469998 138.884841
0.479998 141.938376
0.489998 145.054772
0.499998 148.238577
0.509998 151.494464
0.519998 154.827108
0.529998 158.241288
0.539998 161.741782
0.549998 165.333445
0.559998 169.021174
0.569998 172.809895
0.579998 176.704571
0.589998 180.710234
0.599998 184.831917
0.609998 189.074683
0.619998 193.443640
0.629998 197.943921
0.639998 202.580644
0.649998 207.359019
0.659998 212.284181
0.669998 217.361389
0.679998 222.595760
0.689998 227.992591
0.699998 233.557027
0.709998 239.294312
0.719998 245.209666
0.729998 251.308285
0.739998 257.595377
0.749998 264.076116
0.759998 270.755682
0.769998 277.639213
0.779998 284.731851
0.789998 292.038709
0.799998 299.564853
0.809998 307.315358
0.819998 315.295157
0.829998 323.509320
0.839998 331.962697
0.849998 340.660183
0.859998 349.606648
0.869998 358.806886
0.879998 368.265570
0.889998 377.987450
0.899998 387.977077
0.909998 398.239029
0.919998 408.777722
0.929998 419.597641
0.939998 430.703055
0.949998 442.098271
0.959998 453.787372
0.969998 465.774549
0.979998 478.063706
0.989998 490.658757
0.999998 503.563516
1.009998 516.781806
1.019998 530.317036
1.029998 544.172819
1.039998 558.352450
1.049998 572.859325
1.059998 587.696562
1.069998 602.867270
1.079998 618.374221
1.089998 634.220273
1.099998 650.408159
1.109998 666.940262
1.119998 683.819154
1.129998 701.047054
1.139998 718.625927
1.149998 736.557867
1.159998 754.844770
1.169998 773.488153
1.179998 792.489717
1.189998 811.850671
1.199998 831.572283
1.209998 851.655665
1.219998 872.101416
1.229998 892.910711
1.239998 914.083520
1.249997 935.620558
1.259997 957.522016
1.269997 979.787790
1.279997 1002.417709
1.289997 1025.411413
1.299997 1048.768238
1.309997 1072.487680
1.319997 1096.568334
1.329997 1121.009662
1.339997 1145.809978
1.349997 1170.967634
1.359997 1196.481252
1.369997 1222.348531
1.379997 1248.567320
1.389997 1275.135616
1.399997 1302.050364
1.409997 1329.308890
1.419997 1356.908427
1.429997 1384.845501
1.439997 1413.116661
1.449997 1441.718350
1.459997 1470.646423
1.469997 1499.896990
1.479997 1529.465447
1.489997 1559.347199
1.499997 1589.537541
1.509997 1620.031653
1.519997 1650.823626
1.529997 1681.908287
1.539997 1713.279612
1.549997 1744.931949
1.559997 1776.858666
1.569997 1809.053255
1.579997 1841.509086
1.589997 1874.219158
1.599997 1907.176099
1.609997 1940.372779
1.619997 1973.800717
1.629997 2007.452646
1.639997 2041.319585
1.649997 2075.394124
1.659997 2109.665925
1.669997 2144.127072
1.679997 2178.767933
1.689997 2213.579351
1.699997 2248.550699
1.709997 2283.673033
1.719997 2318.935459
1.729997 2354.327066
1.739997 2389.837654
1.749997 2425.455560
1.759997 2461.170307
1.769997 2496.969478
1.779997 2532.841602
1.789997 2568.774946
1.799997 2604.755855
1.809997 2640.773274
1.819997 2676.813512
1.829997 2712.863340
1.839997 2748.909746
1.849997 2784.938990
1.859997 2820.937081
1.869997 2856.890009
1.879997 2892.783511
1.889997 2928.602610
1.899997 2964.332777
1.909997 2999.958536
1.919997 3035.464401
1.929997 3070.834871
1.939997 3106.054652
1.949997 3141.106612
1.959997 3175.975426
1.969997 3210.643939
1.979997 3245.094991
1.989997 3279.312305
1.999997 3313.277803
2.009997 3346.974991
2.019997 3380.384817
2.029997 3413.490110
2.039997 3446.271893
2.049997 3478.712711
2.059997 3510.793364
2.069997 3542.495083
2.079997 3573.798243
2.089997 3604.684288
2.099997 3635.133593
2.109997 3665.125905
2.119997 3694.641823
2.129997 3723.660486
2.139997 3752.162911
2.149997 3780.127022
2.159997 3807.532621
2.169997 3834.359710
2.179997 3860.585676
2.189997 3886.190152
2.199997 3911.151382
2.209997 3935.447834
2.219997 3959.057414
2.229997 3981.959409
2.239997 4004.129843
2.249997 4025.547295
2.259997 4046.190158
2.269997 4066.033658
2.279997 4085.057390
2.289997 4103.236686
2.299997 4120.548983
2.309997 4136.971207
2.319997 4152.480149
2.329997 4167.052827
2.339997 4180.664716
2.349997 4193.292948
2.359997 4204.913137
2.369997 4215.501156
2.379997 4225.034806
2.389997 4233.488052
2.399997 4240.837486
2.409997 4247.058601
2.419997 4252.127466
2.429996 4256.019418
2.439996 4258.709419
2.449996 4260.173324
2.459996 4260.387526
2.469996 4259.325885
2.479996 4256.963782
2.489996 4253.277738
2.499996 4248.241539
2.509996 4241.831323
2.519996 4234.021441
2.529996 4224.787674
2.539996 4214.104369
2.549996 4201.947545
2.559996 4188.291827
2.569996 4173.112135
2.579996 4156.384715
2.589996 4138.082944
2.599996 4118.183355
2.609996 4096.660694
2.619996 4073.490014
2.629996 4048.646424
2.639996 4022.106036
2.649996 3993.843119
2.659996 3963.834121
2.669996 3932.054601
2.679996 3898.479754
2.689996 3863.084891
2.699996 3825.845859
2.709996 3786.739008
2.719996 3745.740354
2.729996 3702.825237
2.739996 3657.971091
2.749996 3611.153127
2.759996 3562.348248
2.769996 3511.533099
2.779996 3458.684471
2.789996 3403.778292
2.799996 3346.793376
2.809996 3287.705655
2.819996 3226.492924
2.829996 3163.132820
2.839996 3097.603455
2.849996 3029.881977
2.859996 2959.947200
2.869996 2887.777551
2.879996 2813.350660
2.889996 2736.646962
2.899996 2657.644796
2.909996 2576.323073
2.919996 2492.662101
2.929996 2406.641507
2.939996 2318.241020
2.949996 2227.441644
2.959996 2134.223486
2.969996 2038.567551
2.979996 1940.455449
2.989996 1839.868572
2.999996 1736.788653
