-1.990000 -3347.318540
-1.980000 -3313.054560
-1.970000 -3278.532865
-1.960000 -3243.771438
-1.950000 -3208.786686
-1.940000 -3173.595014
-1.930000 -3138.213735
-1.920000 -3102.657193
-1.910000 -3066.942925
-1.900000 -3031.085256
-1.890000 -2995.100111
-1.880000 -2959.003185
-1.870000 -2922.808540
-1.860000 -2886.531393
-1.850000 -2850.186023
-1.840000 -2813.786700
-1.830000 -2777.347216
-1.820000 -2740.881354
-1.810000 -2704.402418
-1.800000 -2667.923464
-1.790000 -2631.458016
-1.780000 -2595.018640
-1.770000 -2558.617894
-1.760000 -2522.267610
-1.750000 -2485.979849
-1.740000 -2449.766668
-1.730000 -2413.638911
-1.720000 -2377.608863
-1.710000 -2341.686874
-1.700000 -2305.883525
-1.690000 -2270.209395
-1.680000 -2234.675297
-1.670000 -2199.290345
-1.660000 -2164.065102
-1.650000 -2129.008430
-1.640000 -2094.130159
-1.630000 -2059.438901
-1.620000 -2024.943632
-1.610000 -1990.652717
-1.600000 -1956.574891
-1.590000 -1922.717666
-1.580000 -1889.088925
-1.570000 -1855.696556
-1.560000 -1822.547471
-1.550000 -1789.648957
-1.540000 -1757.007818
-1.530000 -1724.630744
-1.520000 -1692.524068
-1.510000 -1660.694013
-1.500000 -1629.146322
-1.490000 -1597.886633
-1.480000 -1566.920596
-1.470001 -1536.253270
-1.460001 -1505.889607
-1.450001 -1475.834579
-1.440001 -1446.092813
-1.430001 -1416.668352
-1.420001 -1387.565504
-1.410001 -1358.787876
-1.400001 -1330.339463
-1.390001 -1302.223685
-1.380001 -1274.443511
-1.370001 -1247.002300
-1.360001 -1219.902724
-1.350001 -1193.147490
-1.340001 -1166.738864
-1.330001 -1140.679269
-1.320001 -1114.970690
-1.310001 -1089.614799
-1.300001 -1064.613429
-1.290001 -1039.967870
-1.280001 -1015.679572
-1.270001 -991.749334
-1.260001 -968.178296
-1.250001 -944.967008
-1.240001 -922.116019
-1.230001 -899.625814
-1.220001 -877.496477
-1.210001 -855.728035
-1.200001 -834.320178
-1.190001 -813.272885
-1.180001 -792.585407
-1.170001 -772.257231
-1.160001 -752.287463
-1.150001 -732.675279
-1.140001 -713.419482
-1.130001 -694.518838
-1.120001 -675.971861
-1.110001 -657.777250
-1.100001 -639.933182
-1.090001 -622.437756
-1.080001 -605.289208
-1.070001 -588.485321
-1.060001 -572.023967
-1.050001 -555.902842
-1.040001 -540.119468
-1.030001 -524.671302
-1.020001 -509.555689
-1.010001 -494.769758
-1.000001 -480.310638
-0.990001 -466.175453
-0.980001 -452.361021
-0.970001 -438.864165
-0.960001 -425.681564
-0.950001 -412.809905
-0.940001 -400.245638
-0.930001 -387.985276
-0.920001 -376.025153
-0.910001 -364.361571
-0.900001 -352.990760
-0.890001 -341.908779
-0.880001 -331.111860
-0.870001 -320.595834
-0.860001 -310.356756
-0.850001 -300.390433
-0.840001 -290.692755
-0.830001 -281.259514
-0.820001 -272.086406
-0.810001 -263.169083
-0.800001 -254.503197
-0.790001 -246.084362
-0.780001 -237.908173
-0.770001 -229.970109
-0.760001 -222.265681
-0.750001 -214.790373
-0.740001 -207.539602
-0.730001 -200.508808
-0.720001 -193.693390
-0.710001 -187.088774
-0.700001 -180.690312
-0.690001 -174.493350
-0.680001 -168.493305
-0.670001 -162.685513
-0.660001 -157.065348
-0.650001 -151.628161
-0.640001 -146.369326
-0.630001 -141.284243
-0.620001 -136.368271
-0.610001 -131.616828
-0.600001 -127.025350
-0.590001 -122.589273
-0.580001 -118.304059
-0.570001 -114.165210
-0.560001 -110.168239
-0.550001 -106.308694
-0.540001 -102.582168
-0.530001 -98.984276
-0.520001 -95.510688
-0.510001 -92.157083
-0.500001 -88.919215
-0.490001 -85.792884
-0.480001 -82.773915
-0.470001 -79.858201
-0.460001 -77.041686
-0.450001 -74.320370
-0.440001 -71.690305
-0.430001 -69.147614
-0.420002 -66.688472
-0.410002 -64.309109
-0.400002 -62.005849
-0.390002 -59.775059
-0.380002 -57.613200
-0.370002 -55.516777
-0.360002 -53.482397
-0.350002 -51.506721
-0.340002 -49.586500
-0.330002 -47.718569
-0.320002 -45.899830
-0.310002 -44.127282
-0.300002 -42.398002
-0.290002 -40.709149
-0.280002 -39.057985
-0.270002 -37.441851
-0.260002 -35.858175
-0.250002 -34.304488
-0.240002 -32.778405
-0.230002 -31.277645
-0.220002 -29.800019
-0.210002 -28.343437
-0.200002 -26.905901
-0.190002 -25.485523
-0.180002 -24.080510
-0.170002 -22.689172
-0.160002 -21.309921
-0.150002 -19.941274
-0.140002 -18.581848
-0.130002 -17.230374
-0.120002 -15.885683
-0.110002 -14.546709
-0.100002 -13.212503
-0.090002 -11.882215
-0.080002 -10.555108
-0.070002 -9.230551
-0.060002 -7.908027
-0.050002 -6.587121
-0.040002 -5.267535
-0.030002 -3.949077
-0.020002 -2.631666
-0.010002 -1.315331
-0.000002 -0.000213
0.009998 1.313437
0.019998 2.625261
0.029998 3.934785
0.039998 5.241430
0.049998 6.544504
0.059998 7.843207
0.069998 9.136629
0.079998 10.423752
0.089998 11.703446
0.099998 12.974479
0.109998 14.235506
0.119998 15.485079
0.129998 16.721641
0.139998 17.943531
0.149998 19.148982
0.159998 20.336124
0.169998 21.502983
0.179998 22.647485
0.189998 23.767452
0.199998 24.860607
0.209998 25.924575
0.219998 26.956880
0.229998 27.954952
0.239998 28.916125
0.249998 29.837637
0.259998 30.716633
0.269998 31.550171
0.279998 32.335214
0.289998 33.068636
0.299998 33.747228
0.309998 34.367694
0.319998 34.926651
0.329998 35.420635
0.339998 35.846106
0.349998 36.199440
0.359998 36.476937
0.369998 36.674821
0.379998 36.789249
0.389998 36.816299
0.399998 36.751985
0.409998 36.592249
0.419998 36.332972
0.429998 35.969975
0.439998 35.499013
0.449998 34.915779
0.459998 34.215916
0.469998 33.395015
0.479998 32.448605
0.489998 31.372183
0.499998 30.161180
0.509998 28.810983
0.519998 27.316971
0.529998 25.674436
0.539998 23.878659
0.549998 21.924891
0.559998 19.808333
0.569998 17.524182
0.579998 15.067572
0.589998 12.433653
0.599998 9.617527
0.609998 6.614295
0.619998 3.419025
0.629998 0.026798
0.639998 -3.567344
0.649998 -7.368349
0.659998 -11.381159
0.669998 -15.610753
0.679998 -20.062053
0.689998 -24.740021
0.699998 -29.649603
0.709998 -34.795705
0.719998 -40.183265
0.729998 -45.817167
0.739998 -51.702272
0.749998 -57.843469
0.759998 -64.245540
0.769998 -70.913327
0.779998 -77.851548
0.789998 -85.064934
0.799998 -92.558178
0.809998 -100.335932
0.819998 -108.402812
0.829998 -116.763306
0.839998 -125.421963
0.849998 -134.383186
0.859998 -143.651433
0.869998 -153.230916
0.879998 -163.125942
0.889998 -173.340706
0.899998 -183.879305
0.909998 -194.745761
0.919998 -205.944030
0.929998 -217.478096
0.939998 -229.351602
0.949998 -241.568333
0.959998 -254.131888
0.969998 -267.045768
0.979998 -280.313426
0.989998 -293.938216
0.999998 -307.923235
1.009998 -322.271673
1.019998 -336.986562
1.029998 -352.070662
1.039998 -367.526771
1.049998 -383.357567
1.059998 -399.565765
1.069998 -416.153314
1.079998 -433.122833
1.089998 -450.476378
1.099998 -468.215764
1.109998 -486.343095
1.119998 -504.859845
1.129998 -523.767892
1.139998 -543.068357
1.149998 -562.762597
1.159998 -582.851703
1.169998 -603.336663
1.179998 -624.218364
1.189998 -645.497246
1.199998 -667.173864
1.209998 -689.248491
1.219998 -711.721229
1.229998 -734.592118
1.239998 -757.860792
1.249997 -781.526991
1.259997 -805.590044
1.269997 -830.049033
1.279997 -854.903201
1.289997 -880.151250
1.299997 -905.791807
1.309997 -931.823537
1.319997 -958.244494
1.329997 -985.052768
1.339997 -1012.246245
1.349997 -1039.822368
1.359997 -1067.778848
1.369997 -1096.112707
1.379997 -1124.820997
1.389997 -1153.900673
1.399997 -1183.348475
1.409997 -1213.159961
1.419997 -1243.332153
1.429997 -1273.860406
1.439997 -1304.740571
1.449997 -1335.968276
1.459997 -1367.538678
1.469997 -1399.446580
1.479997 -1431.687162
1.489997 -1464.254521
1.499997 -1497.143246
1.509997 -1530.347327
1.519997 -1563.860391
1.529997 -1597.676438
1.539997 -1631.788493
1.549997 -1666.189950
1.559997 -1700.873595
1.569997 -1735.831721
1.579997 -1771.056990
1.589997 -1806.541327
1.599997 -1842.277020
1.609997 -1878.255498
1.619997 -1914.467696
1.629997 -1950.905764
1.639997 -1987.559282
1.649997 -2024.420018
1.659997 -2061.477416
1.669997 -2098.722494
1.679997 -2136.144677
1.689997 -2173.733502
1.699997 -2211.478738
1.709997 -2249.368689
1.719997 -2287.393096
1.729997 -2325.539758
1.739997 -2363.797905
1.749997 -2402.154828
1.759997 -2440.599246
1.769997 -2479.117943
1.779997 -2517.698412
1.789997 -2556.328127
1.799997 -2594.993121
1.809997 -2633.680600
1.819997 -2672.376806
1.829997 -2711.067965
1.839997 -2749.739582
1.849997 -2788.376913
1.859997 -2826.966142
1.869997 -2865.491793
1.879997 -2903.938850
1.889997 -2942.291583
1.899997 -2980.534717
1.909997 -3018.652269
1.919997 -3056.628242
1.929997 -3094.445714
1.939997 -3132.088441
1.949997 -3169.539710
1.959997 -3206.781667
1.969997 -3243.798262
1.979997 -3280.570502
1.989997 -3317.081867
1.999997 -3353.313589
2.009997 -3389.247600
2.019997 -3424.865507
2.029997 -3460.147926
2.039997 -3495.077191
2.049997 -3529.633226
2.059997 -3563.796624
2.069997 -3597.548840
2.079997 -3630.869820
2.089997 -3663.738673
2.099997 -3696.135381
2.109997 -3728.040560
2.119997 -3759.432942
2.129997 -3790.291493
2.139997 -3820.596231
2.149997 -3850.325326
2.159997 -3879.458002
2.169997 -3907.971671
2.179997 -3935.845602
2.189997 -3963.058068
2.199997 -3989.585985
2.209997 -4015.408092
2.219997 -4040.501770
2.229997 -4064.844639
2.239997 -4088.414156
2.249997 -4111.186106
2.259997 -4133.140318
2.269997 -4154.250781
2.279997 -4174.496260
2.289997 -4193.851645
2.299997 -4212.295761
2.309997 -4229.803259
2.319997 -4246.349800
2.329997 -4261.913790
2.339997 -4276.468876
2.349997 -4289.992509
2.359997 -4302.459921
2.369997 -4313.846946
2.379997 -4324.129327
2.389997 -4333.282381
2.399997 -4341.281353
2.409997 -4348.102728
2.419997 -4353.720292
2.429996 -4358.110383
2.439996 -4361.247973
2.449996 -4363.108300
2.459996 -4363.665317
2.469996 -4362.896636
2.479996 -4360.774007
2.489996 -4357.274639
2.499996 -4352.372392
2.509996 -4346.043755
2.519996 -4338.261994
2.529996 -4329.002417
2.539996 -4318.240587
2.549996 -4305.950401
2.559996 -4292.107703
2.569996 -4276.686714
2.579996 -4259.663283
2.589996 -4241.011187
2.599996 -4220.706834
2.609996 -4198.723860
2.619996 -4175.038968
2.629996 -4149.625940
2.639996 -4122.460593
2.649996 -4093.518315
2.659996 -4062.774562
2.669996 -4030.204422
2.679996 -3995.783974
2.689996 -3959.488070
2.699996 -3921.293401
2.709996 -3881.175058
2.719996 -3839.109510
2.729996 -3795.073309
2.739996 -3749.041571
2.749996 -3700.991140
2.759996 -3650.898601
2.769996 -3598.740683
2.779996 -3544.493925
2.789996 -3488.136071
2.799996 -3429.642995
2.809996 -3368.993122
2.819996 -3306.164019
2.829996 -3241.132845
2.839996 -3173.877611
2.849996 -3104.377372
2.859996 -3032.608841
2.869996 -2958.552583
2.879996 -2882.185586
2.889996 -2803.487770
2.899996 -2722.438480
2.909996 -2639.017310
2.919996 -2553.203897
2.929996 -2464.978381
2.939996 -2374.321178
2.949996 -2281.212978
2.959996 -2185.634935
2.969996 -2087.567293
2.979996 -1986.993182
2.989996 -1883.893335
2.999996 -1778.250311
