-1.990000 -3352.964933
-1.980000 -3332.636798
-1.970000 -3311.933681
-1.960000 -3290.866872
-1.950000 -3269.448254
-1.940000 -3247.688953
-1.930000 -3225.599324
-1.920000 -3203.191456
-1.910000 -3180.475753
-1.900000 -3157.463675
-1.890000 -3134.165210
-1.880000 -3110.592099
-1.870000 -3086.753904
-1.860000 -3062.661950
-1.850000 -3038.326066
-1.840000 -3013.757621
-1.830000 -2988.965775
-1.820000 -2963.960991
-1.810000 -2938.753163
-1.800000 -2913.353028
-1.790000 -2887.769320
-1.780000 -2862.012329
-1.770000 -2836.091526
-1.760000 -2810.016752
-1.750000 -2783.796780
-1.740000 -2757.441714
-1.730000 -2730.960103
-1.720000 -2704.360868
-1.710000 -2677.653536
-1.700000 -2650.846561
-1.690000 -2623.948761
-1.680000 -2596.969085
-1.670000 -2569.915395
-1.660000 -2542.796405
-1.650000 -2515.620228
-1.640000 -2488.395347
-1.630000 -2461.129393
-1.620000 -2433.830613
-1.610000 -2406.506644
-1.600000 -2379.165004
-1.590000 -2351.813334
-1.580000 -2324.459155
-1.570000 -2297.109624
-1.560000 -2269.772018
-1.550000 -2242.453249
-1.540000 -2215.160596
-1.530000 -2187.900483
-1.520000 -2160.679944
-1.510000 -2133.505157
-1.500000 -2106.382910
-1.490000 -2079.319382
-1.480000 -2052.320868
-1.470001 -2025.393180
-1.460001 -1998.542612
-1.450001 -1971.774850
-1.440001 -1945.095456
-1.430001 -1918.510236
-1.420001 -1892.024746
-1.410001 -1865.643942
-1.400001 -1839.373379
-1.390001 -1813.218007
-1.380001 -1787.182777
-1.370001 -1761.272754
-1.360001 -1735.492288
-1.350001 -1709.846321
-1.340001 -1684.339079
-1.330001 -1658.975146
-1.320001 -1633.758864
-1.310001 -1608.693981
-1.300001 -1583.784839
-1.290001 -1559.035188
-1.280001 -1534.448776
-1.270001 -1510.029469
-1.260001 -1485.780433
-1.250001 -1461.705417
-1.240001 -1437.807586
-1.230001 -1414.090226
-1.220001 -1390.556275
-1.210001 -1367.208788
-1.200001 -1344.050594
-1.190001 -1321.084408
-1.180001 -1298.312948
-1.170001 -1275.738596
-1.160001 -1253.363848
-1.150001 -1231.190979
-1.140001 -1209.222158
-1.130001 -1187.459666
-1.120001 -1165.905125
-1.110001 -1144.560716
-1.100001 -1123.427964
-1.090001 -1102.508621
-1.080001 -1081.804333
-1.070001 -1061.316539
-1.060001 -1041.046575
-1.050001 -1020.995575
-1.040001 -1001.164890
-1.030001 -981.555563
-1.020001 -962.168332
-1.010001 -943.004363
-1.000001 -924.064311
-0.990001 -905.348943
-0.980001 -886.858733
-0.970001 -868.594165
-0.960001 -850.555736
-0.950001 -832.743854
-0.940001 -815.158542
-0.930001 -797.800132
-0.920001 -780.668677
-0.910001 -763.764048
-0.900001 -747.086327
-0.890001 -730.635223
-0.880001 -714.410465
-0.870001 -698.411893
-0.860001 -682.638891
-0.850001 -667.091054
-0.840001 -651.767808
-0.830001 -636.668596
-0.820001 -621.792699
-0.810001 -607.139243
-0.800001 -592.707547
-0.790001 -578.496602
-0.780001 -564.505420
-0.770001 -550.733036
-0.760001 -537.178335
-0.750001 -523.840141
-0.740001 -510.717259
-0.730001 -497.808396
-0.720001 -485.112200
-0.710001 -472.627345
-0.700001 -460.352251
-0.690001 -448.285563
-0.680001 -436.425715
-0.670001 -424.771014
-0.660001 -413.319875
-0.650001 -402.070587
-0.640001 -391.021468
-0.630001 -380.170644
-0.620001 -369.516347
-0.610001 -359.056655
-0.600001 -348.789683
-0.590001 -338.713536
-0.580001 -328.826147
-0.570001 -319.125582
-0.560001 -309.609673
-0.550001 -300.276451
-0.540001 -291.123717
-0.530001 -282.149311
-0.520001 -273.351105
-0.510001 -264.726912
-0.500001 -256.274427
-0.490001 -247.991443
-0.480001 -239.875699
-0.470001 -231.924855
-0.460001 -224.136594
-0.450001 -216.508593
-0.440001 -209.038499
-0.430001 -201.723916
-0.420002 -194.562496
-0.410002 -187.551793
-0.400002 -180.689420
-0.390002 -173.972957
-0.380002 -167.399960
-0.370002 -160.968003
-0.360002 -154.674617
-0.350002 -148.517353
-0.340002 -142.493765
-0.330002 -136.601385
-0.320002 -130.837762
-0.310002 -125.200426
-0.300002 -119.686906
-0.290002 -114.294755
-0.280002 -109.021508
-0.270002 -103.864716
-0.260002 -98.821932
-0.250002 -93.890718
-0.240002 -89.068631
-0.230002 -84.353262
-0.220002 -79.742192
-0.210002 -75.233014
-0.200002 -70.823353
-0.190002 -66.510821
-0.180002 -62.293065
-0.170002 -58.167733
-0.160002 -54.132492
-0.150002 -50.185043
-0.140002 -46.323081
-0.130002 -42.544341
-0.120002 -38.846566
-0.110002 -35.227525
-0.100002 -31.685008
-0.090002 -28.216831
-0.080002 -24.820829
-0.070002 -21.494867
-0.060002 -18.236836
-0.050002 -15.044651
-0.040002 -11.916255
-0.030002 -8.849623
-0.020002 -5.842754
-0.010002 -2.893680
-0.000002 -0.000465
0.009998 2.838798
0.019998 5.625982
0.029998 8.362931
0.039998 11.051450
0.049998 13.693313
0.059998 16.290259
0.069998 18.843991
0.079998 21.356177
0.089998 23.828448
0.099998 26.262396
0.109998 28.659577
0.119998 31.021512
0.129998 33.349681
0.139998 35.645518
0.149998 37.910430
0.159998 40.145775
0.169998 42.352871
0.179998 44.533003
0.189998 46.687406
0.199998 48.817278
0.209998 50.923779
0.219998 53.008015
0.229998 55.071062
0.239998 57.113950
0.249998 59.137663
0.259998 61.143143
0.269998 63.131290
0.279998 65.102965
0.289998 67.058985
0.299998 69.000106
0.309998 70.927069
0.319998 72.840555
0.329998 74.741200
0.339998 76.629595
0.349998 78.506296
0.359998 80.371816
0.369998 82.226607
0.379998 84.071107
0.389998 85.905673
0.399998 87.730658
0.409998 89.546338
0.419998 91.352968
0.429998 93.150741
0.439998 94.939840
0.449998 96.720361
0.459998 98.492388
0.469998 100.255959
0.479998 102.011061
0.489998 103.757648
0.499998 105.495623
0.509998 107.224880
0.519998 108.945206
0.529998 110.656405
0.539998 112.358236
0.549998 114.050393
0.559998 115.732549
0.569998 117.404346
0.579998 119.065354
0.589998 120.715148
0.599998 122.353231
0.609998 123.979088
0.619998 125.592176
0.629998 127.191881
0.639998 128.777589
0.649998 130.348663
0.659998 131.904376
0.669998 133.444013
0.679998 134.966810
0.689998 136.471980
0.699998 137.958703
0.709998 139.426131
0.719998 140.873367
0.729998 142.299532
0.739998 143.703641
0.749998 145.084751
0.759998 146.441862
0.769998 147.773969
0.779998 149.080022
0.789998 150.358933
0.799998 151.609625
0.809998 152.830988
0.819998 154.021889
0.829998 155.181143
0.839998 156.307608
0.849998 157.400047
0.859998 158.457285
0.869998 159.478071
0.879998 160.461161
0.889998 161.405295
0.899998 162.309166
0.909998 163.171520
0.919998 163.991023
0.929998 164.766412
0.939998 165.496268
0.949998 166.179372
0.959998 166.814298
0.969998 167.399673
0.979998 167.934233
0.989998 168.416518
0.999998 168.845255
1.009998 169.218963
1.019998 169.536376
1.029998 169.796075
1.039998 169.996690
1.049998 170.136814
1.059998 170.215120
1.069998 170.230194
1.079998 170.180797
1.089998 170.065402
1.099998 169.882758
1.109998 169.631459
1.119998 169.310256
1.129998 168.917748
1.139998 168.452667
1.149998 167.913676
1.159998 167.299548
1.169998 166.608902
1.179998 165.840597
1.189998 164.993341
1.199998 164.065858
1.209998 163.056977
1.219998 161.965633
1.229998 160.790496
1.239998 159.530545
1.249997 158.184466
1.259997 156.751431
1.269997 155.230146
1.279997 153.619779
1.289997 151.919149
1.299997 150.127305
1.309997 148.243300
1.319997 146.266276
1.329997 144.195230
1.339997 142.029460
1.349997 139.767972
1.359997 137.410133
1.369997 134.955080
1.379997 132.402168
1.389997 129.750729
1.399997 127.000077
1.409997 124.149624
1.419997 121.198797
1.429997 118.147216
1.439997 114.994241
1.449997 111.739614
1.459997 108.382877
1.469997 104.923804
1.479997 101.361911
1.489997 97.697251
1.499997 93.929380
1.509997 90.058267
1.519997 86.083999
1.529997 82.006346
1.539997 77.825439
1.549997 73.541249
1.559997 69.154201
1.569997 64.664194
1.579997 60.071584
1.589997 55.376662
1.599997 50.579899
1.609997 45.681583
1.619997 40.682369
1.629997 35.582666
1.639997 30.383252
1.649997 25.084723
1.659997 19.687802
1.669997 14.193212
1.679997 8.602111
1.689997 2.915171
1.699997 -2.866411
1.709997 -8.741765
1.719997 -14.709561
1.729997 -20.768670
1.739997 -26.917836
1.749997 -33.155552
1.759997 -39.480600
1.769997 -45.891453
1.779997 -52.386450
1.789997 -58.963922
1.799997 -65.622362
1.809997 -72.359837
1.819997 -79.174515
1.829997 -86.064374
1.839997 -93.027674
1.849997 -100.062125
1.859997 -107.165571
1.869997 -114.335868
1.879997 -121.570826
1.889997 -128.867856
1.899997 -136.224531
1.909997 -143.638343
1.919997 -151.106825
1.929997 -158.627087
1.939997 -166.196508
1.949997 -173.812160
1.959997 -181.471266
1.969997 -189.170745
1.979997 -196.907550
1.989997 -204.678448
1.999997 -212.480239
2.009997 -220.309855
2.019997 -228.163633
2.029997 -236.038238
2.039997 -243.930163
2.049997 -251.835710
2.059997 -259.751109
2.069997 -267.672837
2.079997 -275.596968
2.089997 -283.519608
2.099997 -291.436681
2.109997 -299.344142
2.119997 -307.237976
2.129997 -315.113568
2.139997 -322.967271
2.149997 -330.794322
2.159997 -338.590099
2.169997 -346.350416
2.179997 -354.070701
2.189997 -361.746115
2.199997 -369.371946
2.209997 -376.943312
2.219997 -384.455653
2.229997 -391.903844
2.239997 -399.282794
2.249997 -406.587367
2.259997 -413.812620
2.269997 -420.953232
2.279997 -428.004027
2.289997 -434.959115
2.299997 -441.813833
2.309997 -448.562347
2.319997 -455.199215
2.329997 -461.718664
2.339997 -468.115042
2.349997 -474.382633
2.359997 -480.515832
2.369997 -486.508373
2.379997 -492.354873
2.389997 -498.048789
2.399997 -503.584616
2.409997 -508.956039
2.419997 -514.156940
2.429996 -519.180990
2.439996 -524.022443
2.449996 -528.674235
2.459996 -533.130676
2.469996 -537.385233
2.479996 -541.431338
2.489996 -545.262233
2.499996 -548.872156
2.509996 -552.253963
2.519996 -555.401356
2.529996 -558.307275
2.539996 -560.965339
2.549996 -563.369112
2.559996 -565.511167
2.569996 -567.385074
2.579996 -568.984349
2.589996 -570.301686
2.599996 -571.329844
2.609996 -572.062815
2.619996 -572.493288
2.629996 -572.614072
2.639996 -572.418441
2.649996 -571.899051
2.659996 -571.049357
2.669996 -569.862095
2.679996 -568.330110
2.689996 -566.446455
2.699996 -564.204160
2.709996 -561.595930
2.719996 -558.614477
2.729996 -555.253208
2.739996 -551.504811
2.749996 -547.361988
2.759996 -542.817550
2.769996 -537.864758
2.779996 -532.496323
2.789996 -526.705144
2.799996 -520.484047
2.809996 -513.825952
2.819996 -506.723946
2.829996 -499.170734
2.839996 -491.159355
2.849996 -482.682923
2.859996 -473.734079
2.869996 -464.306185
2.879996 -454.392169
2.889996 -443.985059
2.899996 -433.077681
2.909996 -421.663661
2.919996 -409.735719
2.929996 -397.287345
2.939996 -384.311573
2.949996 -370.801695
2.959996 -356.750993
2.969996 -342.152798
2.979996 -327.000570
2.989996 -311.287801
2.999996 -295.007775
