-1.990000 4283.360955
-1.980000 4247.619882
-1.970000 4211.481080
-1.960000 4174.961807
-1.950000 4138.080909
-1.940000 4100.856579
-1.930000 4063.306346
-1.920000 4025.447521
-1.910000 3987.299039
-1.900000 3948.876869
-1.890000 3910.198135
-1.880000 3871.279745
-1.870000 3832.138852
-1.860000 3792.790993
-1.850000 3753.253347
-1.840000 3713.540761
-1.830000 3673.669496
-1.820000 3633.655119
-1.810000 3593.512493
-1.800000 3553.256723
-1.790000 3512.902683
-1.780000 3472.465017
-1.770000 3431.957656
-1.760000 3391.395493
-1.750000 3350.791271
-1.740000 3310.159414
-1.730000 3269.512667
-1.720000 3228.864743
-1.710000 3188.228638
-1.700000 3147.616139
-1.690000 3107.040246
-1.680000 3066.513482
-1.670000 3026.046671
-1.660000 2985.653072
-1.650000 2945.342787
-1.640000 2905.127866
-1.630000 2865.018663
-1.620000 2825.026263
-1.610000 2785.161270
-1.600000 2745.433806
-1.590000 2705.853752
-1.580000 2666.431486
-1.570000 2627.175682
-1.560000 2588.096484
-1.550000 2549.202093
-1.540000 2510.502181
-1.530000 2472.004966
-1.520000 2433.718916
-1.510000 2395.652025
-1.500000 2357.812051
-1.490000 2320.207253
-1.480000 2282.844439
-1.470001 2245.731163
-1.460001 2208.874505
-1.450001 2172.280832
-1.440001 2135.957011
-1.430001 2099.908960
-1.420001 2064.143336
-1.410001 2028.665611
-1.400001 1993.481276
-1.390001 1958.596083
-1.380001 1924.014845
-1.370001 1889.743119
-1.360001 1855.785287
-1.350001 1822.145520
-1.340001 1788.829208
-1.330001 1755.839388
-1.320001 1723.180553
-1.310001 1690.856043
-1.300001 1658.869937
-1.290001 1627.225403
-1.280001 1595.924942
-1.270001 1564.972147
-1.260001 1534.369361
-1.250001 1504.119317
-1.240001 1474.224320
-1.230001 1444.686260
-1.220001 1415.507298
-1.210001 1386.689182
-1.200001 1358.233589
-1.190001 1330.141675
-1.180001 1302.414873
-1.170001 1275.054102
-1.160001 1248.060444
-1.150001 1221.434362
-1.140001 1195.176600
-1.130001 1169.287289
-1.120001 1143.766843
-1.110001 1118.615293
-1.100001 1093.832404
-1.090001 1069.418113
-1.080001 1045.371879
-1.070001 1021.693120
-1.060001 998.381108
-1.050001 975.435184
-1.040001 952.854120
-1.030001 930.636872
-1.020001 908.782256
-1.010001 887.288646
-1.000001 866.154698
-0.990001 845.378890
-0.980001 824.959114
-0.970001 804.893601
-0.960001 785.180314
-0.950001 765.817146
-0.940001 746.801882
-0.930001 728.132095
-0.920001 709.805351
-0.910001 691.819065
-0.900001 674.170598
-0.890001 656.857168
-0.880001 639.875895
-0.870001 623.223857
-0.860001 606.897998
-0.850001 590.895126
-0.840001 575.212156
-0.830001 559.845691
-0.820001 544.792440
-0.810001 530.048948
-0.800001 515.611691
-0.790001 501.477076
-0.780001 487.641491
-0.770001 474.101217
-0.760001 460.852522
-0.750001 447.891532
-0.740001 435.214446
-0.730001 422.817290
-0.720001 410.696085
-0.710001 398.846890
-0.700001 387.265639
-0.690001 375.948194
-0.680001 364.890495
-0.670001 354.088338
-0.660001 343.537564
-0.650001 333.233989
-0.640001 323.173328
-0.630001 313.351390
-0.620001 303.763820
-0.610001 294.406391
-0.600001 285.274794
-0.590001 276.364726
-0.580001 267.671864
-0.570001 259.191911
-0.560001 250.920521
-0.550001 242.853400
-0.540001 234.986222
-0.530001 227.314688
-0.520001 219.834490
-0.510001 212.541364
-0.500001 205.431045
-0.490001 198.499241
-0.480001 191.741738
-0.470001 185.154358
-0.460001 178.732875
-0.450001 172.473136
-0.440001 166.371015
-0.430001 160.422428
-0.420002 154.623290
-0.410002 148.969565
-0.400002 143.457301
-0.390002 138.082516
-0.380002 132.841308
-0.370002 127.729819
-0.360002 122.744236
-0.350002 117.880786
-0.340002 113.135758
-0.330002 108.505504
-0.320002 103.986389
-0.310002 99.574887
-0.300002 95.267509
-0.290002 91.060800
-0.280002 86.951414
-0.270002 82.936031
-0.260002 79.011433
-0.250002 75.174435
-0.240002 71.421935
-0.230002 67.750908
-0.220002 64.158385
-0.210002 60.641503
-0.200002 57.197435
-0.190002 53.823456
-0.180002 50.516908
-0.170002 47.275215
-0.160002 44.095879
-0.150002 40.976494
-0.140002 37.914725
-0.130002 34.908326
-0.120002 31.955135
-0.110002 29.053076
-0.100002 26.200160
-0.090002 23.394490
-0.080002 20.634249
-0.070002 17.917718
-0.060002 15.243264
-0.050002 12.609348
-0.040002 10.014522
-0.030002 7.457429
-0.020002 4.936807
-0.010002 2.451487
-0.000002 0.000395
0.009998 -2.417449
0.019998 -4.802930
0.029998 -7.156837
0.039998 -9.479865
0.049998 -11.772612
0.059998 -14.035579
0.069998 -16.269171
0.079998 -18.473700
0.089998 -20.649376
0.099998 -22.796318
0.109998 -24.914544
0.119998 -27.003978
0.129998 -29.064450
0.139998 -31.095694
0.149998 -33.097341
0.159998 -35.068934
0.169998 -37.009923
0.179998 -38.919655
0.189998 -40.797390
0.199998 -42.642293
0.209998 -44.453431
0.219998 -46.229786
0.229998 -47.970249
0.239998 -49.673608
0.249998 -51.338571
0.259998 -52.963753
0.269998 -54.547684
0.279998 -56.088805
0.289998 -57.585464
0.299998 -59.035934
0.309998 -60.438396
0.319998 -61.790946
0.329998 -63.091598
0.339998 -64.338291
0.349998 -65.528875
0.359998 -66.661128
0.369998 -67.732748
0.379998 -68.741351
0.389998 -69.684488
0.399998 -70.559635
0.409998 -71.364179
0.419998 -72.095470
0.429998 -72.750751
0.439998 -73.327223
0.449998 -73.822014
0.459998 -74.232184
0.469998 -74.554746
0.479998 -74.786632
0.489998 -74.924729
0.499998 -74.965859
0.509998 -74.906795
0.519998 -74.744249
0.529998 -74.474898
0.539998 -74.095348
0.549998 -73.602174
0.559998 -72.991906
0.569998 -72.261015
0.579998 -71.405954
0.589998 -70.423125
0.599998 -69.308884
0.609998 -68.059570
0.619998 -66.671488
0.629998 -65.140895
0.639998 -63.464035
0.649998 -61.637131
0.659998 -59.656384
0.669998 -57.517975
0.679998 -55.218018
0.689998 -52.752709
0.699998 -50.118133
0.709998 -47.310454
0.719998 -44.325760
0.729998 -41.160110
0.739998 -37.809683
0.749998 -34.270527
0.759998 -30.538772
0.769998 -26.610536
0.779998 -22.481919
0.789998 -18.149025
0.799998 -13.608032
0.809998 -8.855072
0.819998 -3.886369
0.829998 1.301928
0.839998 6.713615
0.849998 12.352370
0.859998 18.222012
0.869998 24.326168
0.879998 30.668511
0.889998 37.252626
0.899998 44.082155
0.909998 51.160625
0.919998 58.491444
0.929998 66.078164
0.939998 73.924040
0.949998 82.032518
0.959998 90.406816
0.969998 99.050137
0.979998 107.965674
0.989998 117.156501
0.999998 126.625599
1.009998 136.375874
1.019998 146.410314
1.029998 156.731597
1.039998 167.342474
1.049998 178.245614
1.059998 189.443442
1.069998 200.938530
1.079998 212.733095
1.089998 224.829578
1.099998 237.229987
1.109998 249.936432
1.119998 262.950933
1.129998 276.275256
1.139998 289.911276
1.149998 303.860426
1.159998 318.124412
1.169998 332.704603
1.179998 347.602132
1.189998 362.818465
1.199998 378.354261
1.209998 394.210734
1.219998 410.388512
1.229998 426.888318
1.239998 443.710512
1.249997 460.855775
1.259997 478.323956
1.269997 496.115337
1.279997 514.230002
1.289997 532.667474
1.299997 551.427715
1.309997 570.509887
1.319997 589.913583
1.329997 609.637712
1.339997 629.681551
1.349997 650.043983
1.359997 670.723307
1.369997 691.718670
1.379997 713.027916
1.389997 734.649377
1.399997 756.581271
1.409997 778.821222
1.419997 801.367039
1.429997 824.215988
1.439997 847.365396
1.449997 870.812895
1.459997 894.554718
1.469997 918.588126
1.479997 942.909463
1.489997 967.515248
1.499997 992.401323
1.509997 1017.564065
1.519997 1042.999111
1.529997 1068.701961
1.539997 1094.668468
1.549997 1120.893003
1.559997 1147.371325
1.569997 1174.098258
1.579997 1201.067690
1.589997 1228.274770
1.599997 1255.713223
1.609997 1283.377174
1.619997 1311.260299
1.629997 1339.356310
1.639997 1367.658828
1.649997 1396.160414
1.659997 1424.854390
1.669997 1453.733258
1.679997 1482.789794
1.689997 1512.016074
1.699997 1541.404566
1.709997 1570.946555
1.719997 1600.633837
1.729997 1630.458234
1.739997 1660.410506
1.749997 1690.482043
1.759997 1720.663533
1.769997 1750.945212
1.779997 1781.317936
1.789997 1811.771625
1.799997 1842.295864
1.809997 1872.881214
1.819997 1903.516116
1.829997 1934.190928
1.839997 1964.893663
1.849997 1995.613775
1.859997 2026.339556
1.869997 2057.059788
1.879997 2087.762804
1.889997 2118.436022
1.899997 2149.067582
1.909997 2179.644713
1.919997 2210.155127
1.929997 2240.585635
1.939997 2270.923297
1.949997 2301.155417
1.959997 2331.267500
1.969997 2361.246211
1.979997 2391.078005
1.989997 2420.748455
1.999997 2450.243386
2.009997 2479.548275
2.019997 2508.647713
2.029997 2537.528112
2.039997 2566.173397
2.049997 2594.568618
2.059997 2622.697980
2.069997 2650.546573
2.079997 2678.097579
2.089997 2705.335283
2.099997 2732.243780
2.109997 2758.806136
2.119997 2785.005873
2.129997 2810.826746
2.139997 2836.251294
2.149997 2861.262303
2.159997 2885.843000
2.169997 2909.975421
2.179997 2933.641652
2.189997 2956.824418
2.199997 2979.505875
2.209997 3001.668020
2.219997 3023.291720
2.229997 3044.359259
2.239997 3064.851988
2.249997 3084.751306
2.259997 3104.037713
2.269997 3122.692897
2.279997 3140.697283
2.289997 3158.031543
2.299997 3174.677682
2.309997 3190.613563
2.319997 3205.822741
2.329997 3220.282520
2.339997 3233.975461
2.349997 3246.879755
2.359997 3258.975968
2.369997 3270.244198
2.379997 3280.664100
2.389997 3290.215569
2.399997 3298.877084
2.409997 3306.629041
2.419997 3313.450747
2.429996 3319.320801
2.439996 3324.219335
2.449996 3328.125442
2.459996 3331.018154
2.469996 3332.875536
2.479996 3333.677449
2.489996 3333.403074
2.499996 3332.030946
2.509996 3329.539873
2.519996 3325.908915
2.529996 3321.116810
2.539996 3315.142000
2.549996 3307.963743
2.559996 3299.560452
2.569996 3289.911343
2.579996 3278.994038
2.589996 3266.788279
2.599996 3253.272996
2.609996 3238.426132
2.619996 3222.226914
2.629996 3204.653610
2.639996 3185.685961
2.649996 3165.302529
2.659996 3143.481708
2.669996 3120.202643
2.679996 3095.444735
2.689996 3069.187198
2.699996 3041.408045
2.709996 3012.087082
2.719996 2981.204342
2.729996 2948.738115
2.739996 2914.668395
2.749996 2878.974103
2.759996 2841.635772
2.769996 2802.632713
2.779996 2761.944386
2.789996 2719.551252
2.799996 2675.433517
2.809996 2629.570390
2.819996 2581.943490
2.829996 2532.532489
2.839996 2481.319047
2.849996 2428.282603
2.859996 2373.405104
2.869996 2316.666962
2.879996 2258.050126
2.889996 2197.535663
2.899996 2135.105354
2.909996 2070.741159
2.919996 2004.425222
2.929996 1936.139675
2.939996 1865.867080
2.949996 1793.589830
2.959996 1719.291313
2.969996 1642.954223
2.979996 1564.562378
2.989996 1484.099308
2.999996 1401.548817
