-1.990000 -3358.029516
-1.980000 -3333.203253
-1.970000 -3308.055421
-1.960000 -3282.598697
-1.950000 -3256.846743
-1.940000 -3230.812629
-1.930000 -3204.509285
-1.920000 -3177.949037
-1.910000 -3151.144979
-1.900000 -3124.108909
-1.890000 -3096.853625
-1.880000 -3069.391087
-1.870000 -3041.733563
-1.860000 -3013.892472
-1.850000 -2985.880010
-1.840000 -2957.707519
-1.830000 -2929.386183
-1.820000 -2900.927496
-1.810000 -2872.342325
-1.800000 -2843.641375
-1.790000 -2814.836141
-1.780000 -2785.936530
-1.770000 -2756.952762
-1.760000 -2727.895850
-1.750000 -2698.775690
-1.740000 -2669.601769
-1.730000 -2640.384132
-1.720000 -2611.132420
-1.710000 -2581.856346
-1.700000 -2552.564496
-1.690000 -2523.266735
-1.680000 -2493.971069
-1.670000 -2464.687277
-1.660000 -2435.423271
-1.650000 -2406.187766
-1.640000 -2376.989313
-1.630000 -2347.835075
-1.620000 -2318.733996
-1.610000 -2289.693394
-1.600000 -2260.720658
-1.590000 -2231.823744
-1.580000 -2203.009466
-1.570000 -2174.285200
-1.560000 -2145.657913
-1.550000 -2117.133917
-1.540000 -2088.720089
-1.530000 -2060.423141
-1.520000 -2032.249132
-1.510000 -2004.203834
-1.500000 -1976.293463
-1.490000 -1948.523949
-1.480000 -1920.900575
-1.470001 -1893.429065
-1.460001 -1866.114498
-1.450001 -1838.962034
-1.440001 -1811.976793
-1.430001 -1785.163373
-1.420001 -1758.526576
-1.410001 -1732.070682
-1.400001 -1705.800298
-1.390001 -1679.719394
-1.380001 -1653.832022
-1.370001 -1628.141965
-1.360001 -1602.653327
-1.350001 -1577.369226
-1.340001 -1552.293107
-1.330001 -1527.428383
-1.320001 -1502.778201
-1.310001 -1478.345442
-1.300001 -1454.132839
-1.290001 -1430.143220
-1.280001 -1406.378799
-1.270001 -1382.842466
-1.260001 -1359.536154
-1.250001 -1336.462006
-1.240001 -1313.621914
-1.230001 -1291.017977
-1.220001 -1268.651584
-1.210001 -1246.524454
-1.200001 -1224.638057
-1.190001 -1202.993504
-1.180001 -1181.592237
-1.170001 -1160.435226
-1.160001 -1139.523318
-1.150001 -1118.857352
-1.140001 -1098.437931
-1.130001 -1078.265762
-1.120001 -1058.341211
-1.110001 -1038.664639
-1.100001 -1019.236183
-1.090001 -1000.055977
-1.080001 -981.124044
-1.070001 -962.440296
-1.060001 -944.004433
-1.050001 -925.816050
-1.040001 -907.874852
-1.030001 -890.180332
-1.020001 -872.731680
-1.010001 -855.528298
-1.000001 -838.569286
-0.990001 -821.853858
-0.980001 -805.380825
-0.970001 -789.149118
-0.960001 -773.157679
-0.950001 -757.405062
-0.940001 -741.889989
-0.930001 -726.611002
-0.920001 -711.566660
-0.910001 -696.755298
-0.900001 -682.175179
-0.890001 -667.824683
-0.880001 -653.701929
-0.870001 -639.805015
-0.860001 -626.132017
-0.850001 -612.680857
-0.840001 -599.449623
-0.830001 -586.435974
-0.820001 -573.637878
-0.810001 -561.052973
-0.800001 -548.678980
-0.790001 -536.513566
-0.780001 -524.554303
-0.770001 -512.798719
-0.760001 -501.244292
-0.750001 -489.888546
-0.740001 -478.728832
-0.730001 -467.762549
-0.720001 -456.987054
-0.710001 -446.399592
-0.700001 -435.997413
-0.690001 -425.777817
-0.680001 -415.737993
-0.670001 -405.875105
-0.660001 -396.186254
-0.650001 -386.668670
-0.640001 -377.319410
-0.630001 -368.135586
-0.620001 -359.114223
-0.610001 -350.252473
-0.600001 -341.547261
-0.590001 -332.995713
-0.580001 -324.594807
-0.570001 -316.341583
-0.560001 -308.233041
-0.550001 -300.266178
-0.540001 -292.438056
-0.530001 -284.745637
-0.520001 -277.185954
-0.510001 -269.755978
-0.500001 -262.452811
-0.490001 -255.273410
-0.480001 -248.214833
-0.470001 -241.274148
-0.460001 -234.448406
-0.450001 -227.734676
-0.440001 -221.130042
-0.430001 -214.631661
-0.420002 -208.236654
-0.410002 -201.942141
-0.400002 -195.745328
-0.390002 -189.643407
-0.380002 -183.633612
-0.370002 -177.713200
-0.360002 -171.879449
-0.350002 -166.129681
-0.340002 -160.461246
-0.330002 -154.871532
-0.320002 -149.357958
-0.310002 -143.917964
-0.300002 -138.549064
-0.290002 -133.248775
-0.280002 -128.014683
-0.270002 -122.844397
-0.260002 -117.735578
-0.250002 -112.685931
-0.240002 -107.693195
-0.230002 -102.755182
-0.220002 -97.869723
-0.210002 -93.034722
-0.200002 -88.248124
-0.190002 -83.507921
-0.180002 -78.812160
-0.170002 -74.158941
-0.160002 -69.546426
-0.150002 -64.972826
-0.140002 -60.436401
-0.130002 -55.935481
-0.120002 -51.468452
-0.110002 -47.033749
-0.100002 -42.629873
-0.090002 -38.255387
-0.080002 -33.908909
-0.070002 -29.589126
-0.060002 -25.294782
-0.050002 -21.024684
-0.040002 -16.777706
-0.030002 -12.552784
-0.020002 -8.348916
-0.010002 -4.165169
-0.000002 -0.000675
0.009998 4.145371
0.019998 8.273705
0.029998 12.384999
0.039998 16.479856
0.049998 20.558812
0.059998 24.622338
0.069998 28.670835
0.079998 32.704637
0.089998 36.724012
0.099998 40.729154
0.109998 44.720201
0.119998 48.697209
0.129998 52.660174
0.139998 56.609030
0.149998 60.543625
0.159998 64.463756
0.169998 68.369143
0.179998 72.259448
0.189998 76.134251
0.199998 79.993080
0.209998 83.835386
0.219998 87.660558
0.229998 91.467930
0.239998 95.256737
0.249998 99.026197
0.259998 102.775410
0.269998 106.503453
0.279998 110.209330
0.289998 113.891969
0.299998 117.550255
0.309998 121.182984
0.319998 124.788918
0.329998 128.366739
0.339998 131.915079
0.349998 135.432523
0.359998 138.917563
0.369998 142.368658
0.379998 145.784219
0.389998 149.162569
0.399998 152.502021
0.409998 155.800776
0.419998 159.057041
0.429998 162.268923
0.439998 165.434527
0.449998 168.551859
0.459998 171.618886
0.469998 174.633569
0.479998 177.593784
0.489998 180.497357
0.499998 183.342086
0.509998 186.125737
0.519998 188.846003
0.529998 191.500552
0.539998 194.087032
0.549998 196.603025
0.559998 199.046074
0.569998 201.413703
0.579998 203.703420
0.589998 205.912666
0.599998 208.038869
0.609998 210.079411
0.619998 212.031662
0.629998 213.892967
0.639998 215.660645
0.649998 217.331992
0.659998 218.904248
0.669998 220.374702
0.679998 221.740555
0.689998 222.999065
0.699998 224.147358
0.709998 225.182704
0.719998 226.102223
0.729998 226.903085
0.739998 227.582471
0.749998 228.137515
0.759998 228.565346
0.769998 228.863133
0.779998 229.028022
0.789998 229.057115
0.799998 228.947584
0.809998 228.696581
0.819998 228.301245
0.829998 227.758742
0.839998 227.066250
0.849998 226.220935
0.859998 225.220021
0.869998 224.060682
0.879998 222.740176
0.889998 221.255782
0.899998 219.604704
0.909998 217.784267
0.919998 215.791818
0.929998 213.624661
0.939998 211.280177
0.949998 208.755778
0.959998 206.048908
0.969998 203.157047
0.979998 200.077662
0.989998 196.808383
0.999998 193.346758
1.009998 189.690359
1.019998 185.836937
1.029998 181.784182
1.039998 177.529926
1.049998 173.071934
1.059998 168.408049
1.069998 163.536342
1.079998 158.454632
1.089998 153.161094
1.099998 147.653773
1.109998 141.930818
1.119998 135.990495
1.129998 129.831138
1.139998 123.451040
1.149998 116.848756
1.159998 110.022636
1.169998 102.971355
1.179998 95.693551
1.189998 88.187996
1.199998 80.453515
1.209998 72.488901
1.219998 64.293255
1.229998 55.865595
1.239998 47.205082
1.249997 38.310965
1.259997 29.182527
1.269997 19.819289
1.279997 10.220748
1.289997 0.386380
1.299997 -9.683918
1.309997 -19.990444
1.319997 -30.533248
1.329997 -41.312278
1.339997 -52.327525
1.349997 -63.578666
1.359997 -75.065331
1.369997 -86.787158
1.379997 -98.743618
1.389997 -110.934038
1.399997 -123.357481
1.409997 -136.013256
1.419997 -148.900315
1.429997 -162.017430
1.439997 -175.363377
1.449997 -188.936808
1.459997 -202.736316
1.469997 -216.760126
1.479997 -231.006704
1.489997 -245.473841
1.499997 -260.159993
1.509997 -275.062757
1.519997 -290.179782
1.529997 -305.509073
1.539997 -321.047712
1.549997 -336.793257
1.559997 -352.743011
1.569997 -368.893712
1.579997 -385.242696
1.589997 -401.786490
1.599997 -418.521972
1.609997 -435.445575
1.619997 -452.553653
1.629997 -469.842665
1.639997 -487.308438
1.649997 -504.946964
1.659997 -522.754183
1.669997 -540.725922
1.679997 -558.857528
1.689997 -577.144236
1.699997 -595.581619
1.709997 -614.164622
1.719997 -632.888162
1.729997 -651.747252
1.739997 -670.736277
1.749997 -689.849954
1.759997 -709.082493
1.769997 -728.428317
1.779997 -747.881219
1.789997 -767.435444
1.799997 -787.084492
1.809997 -806.822070
1.819997 -826.641974
1.829997 -846.537140
1.839997 -866.500713
1.849997 -886.526042
1.859997 -906.605855
1.869997 -926.732735
1.879997 -946.899467
1.889997 -967.098340
1.899997 -987.321841
1.909997 -1007.561849
1.919997 -1027.810905
1.929997 -1048.060136
1.939997 -1068.301787
1.949997 -1088.526931
1.959997 -1108.727407
1.969997 -1128.894679
1.979997 -1149.019279
1.989997 -1169.092612
1.999997 -1189.105381
2.009997 -1209.048411
2.019997 -1228.911818
2.029997 -1248.686812
2.039997 -1268.362884
2.049997 -1287.930810
2.059997 -1307.380248
2.069997 -1326.701267
2.079997 -1345.883689
2.089997 -1364.916887
2.099997 -1383.790634
2.109997 -1402.493835
2.119997 -1421.016006
2.129997 -1439.346424
2.139997 -1457.473624
2.149997 -1475.386841
2.159997 -1493.074979
2.169997 -1510.526008
2.179997 -1527.728800
2.189997 -1544.671898
2.199997 -1561.343334
2.209997 -1577.731225
2.219997 -1593.823774
2.229997 -1609.608491
2.239997 -1625.073940
2.249997 -1640.207224
2.259997 -1654.996118
2.269997 -1669.428476
2.279997 -1683.491116
2.289997 -1697.171695
2.299997 -1710.457402
2.309997 -1723.335331
2.319997 -1735.792492
2.329997 -1747.815802
2.339997 -1759.392099
2.349997 -1770.508137
2.359997 -1781.150934
2.369997 -1791.306909
2.379997 -1800.962580
2.389997 -1810.104395
2.399997 -1818.718570
2.409997 -1826.791911
2.419997 -1834.310337
2.429996 -1841.260198
2.439996 -1847.627462
2.449996 -1853.398834
2.459996 -1858.559548
2.469996 -1863.095895
2.479996 -1866.994253
2.489996 -1870.239751
2.499996 -1872.818980
2.509996 -1874.717014
2.519996 -1875.920641
2.529996 -1876.414740
2.539996 -1876.185595
2.549996 -1875.218755
2.559996 -1873.499624
2.569996 -1871.014266
2.579996 -1867.748058
2.589996 -1863.686898
2.599996 -1858.816411
2.609996 -1853.122093
2.619996 -1846.589821
2.629996 -1839.204738
2.639996 -1830.953327
2.649996 -1821.820637
2.659996 -1811.792684
2.669996 -1800.854368
2.679996 -1788.992198
2.689996 -1776.192438
2.699996 -1762.439563
2.709996 -1747.720543
2.719996 -1732.020188
2.729996 -1715.325497
2.739996 -1697.621316
2.749996 -1678.894507
2.759996 -1659.130631
2.769996 -1638.316068
2.779996 -1616.436886
2.789996 -1593.479569
2.799996 -1569.429990
2.809996 -1544.274941
2.819996 -1518.000629
2.829996 -1490.593375
2.839996 -1462.040344
2.849996 -1432.328164
2.859996 -1401.443439
2.869996 -1369.373161
2.879996 -1336.104673
2.889996 -1301.624653
2.899996 -1265.920543
2.909996 -1228.979763
2.919996 -1190.789635
2.929996 -1151.338046
2.939996 -1110.612577
2.949996 -1068.601159
2.959996 -1025.291858
2.969996 -980.672705
2.979996 -934.732227
2.989996 -887.458762
2.999996 -838.840903
