-1.990000 268.847952
-1.980000 268.530319
-1.970000 268.242396
-1.960000 267.984768
-1.950000 267.757891
-1.940000 267.562198
-1.930000 267.397907
-1.920000 267.265384
-1.910000 267.164923
-1.900000 267.096685
-1.890000 267.060988
-1.880000 267.057552
-1.870000 267.086895
-1.860000 267.148763
-1.850000 267.243296
-1.840000 267.370416
-1.830000 267.529853
-1.820000 267.721620
-1.810000 267.945480
-1.800000 268.201245
-1.790000 268.488509
-1.780000 268.807150
-1.770000 269.156681
-1.760000 269.536846
-1.750000 269.947140
-1.740000 270.386929
-1.730000 270.856054
-1.720000 271.353689
-1.710000 271.879544
-1.700000 272.432690
-1.690000 273.012618
-1.680000 273.618816
-1.670000 274.250465
-1.660000 274.906686
-1.650000 275.586810
-1.640000 276.290107
-1.630000 277.015726
-1.620000 277.762636
-1.610000 278.530112
-1.600000 279.317186
-1.590000 280.122960
-1.580000 280.946473
-1.570000 281.786684
-1.560000 282.642677
-1.550000 283.513177
-1.540000 284.397283
-1.530000 285.293891
-1.520000 286.201934
-1.510000 287.120206
-1.500000 288.047570
-1.490000 288.982873
-1.480000 289.924973
-1.470001 290.872652
-1.460001 291.824615
-1.450001 292.779793
-1.440001 293.736803
-1.430001 294.694487
-1.420001 295.651435
-1.410001 296.606497
-1.400001 297.558302
-1.390001 298.505647
-1.380001 299.447113
-1.370001 300.381451
-1.360001 301.307256
-1.350001 302.223206
-1.340001 303.128063
-1.330001 304.020407
-1.320001 304.898930
-1.310001 305.762267
-1.300001 306.608988
-1.290001 307.437841
-1.280001 308.247455
-1.270001 309.036461
-1.260001 309.803550
-1.250001 310.547326
-1.240001 311.266430
-1.230001 311.959560
-1.220001 312.625424
-1.210001 313.262646
-1.200001 313.869802
-1.190001 314.445817
-1.180001 314.989228
-1.170001 315.498693
-1.160001 315.973079
-1.150001 316.410983
-1.140001 316.811182
-1.130001 317.172467
-1.120001 317.493612
-1.110001 317.773352
-1.100001 318.010465
-1.090001 318.203801
-1.080001 318.352197
-1.070001 318.454375
-1.060001 318.509398
-1.050001 318.516079
-1.040001 318.473251
-1.030001 318.379903
-1.020001 318.234964
-1.010001 318.037388
-1.000001 317.786201
-0.990001 317.480403
-0.980001 317.118993
-0.970001 316.701122
-0.960001 316.225840
-0.950001 315.692225
-0.940001 315.099457
-0.930001 314.446743
-0.920001 313.733246
-0.910001 312.958205
-0.900001 312.120893
-0.890001 311.220561
-0.880001 310.256590
-0.870001 309.228297
-0.860001 308.135032
-0.850001 306.976340
-0.840001 305.751568
-0.830001 304.460237
-0.820001 303.101878
-0.810001 301.676035
-0.800001 300.182333
-0.790001 298.620344
-0.780001 296.989788
-0.770001 295.290312
-0.760001 293.521751
-0.750001 291.683808
-0.740001 289.776311
-0.730001 287.799166
-0.720001 285.752215
-0.710001 283.635384
-0.700001 281.448718
-0.690001 279.192181
-0.680001 276.865859
-0.670001 274.469840
-0.660001 272.004272
-0.650001 269.469344
-0.640001 266.865252
-0.630001 264.192271
-0.620001 261.450736
-0.610001 258.640988
-0.600001 255.763413
-0.590001 252.818475
-0.580001 249.806628
-0.570001 246.728423
-0.560001 243.584404
-0.550001 240.375224
-0.540001 237.101499
-0.530001 233.763971
-0.520001 230.363346
-0.510001 226.900468
-0.500001 223.376133
-0.490001 219.791242
-0.480001 216.146697
-0.470001 212.443502
-0.460001 208.682634
-0.450001 204.865186
-0.440001 200.992237
-0.430001 197.064955
-0.420002 193.084509
-0.410002 189.052154
-0.400002 184.969151
-0.390002 180.836852
-0.380002 176.656605
-0.370002 172.429828
-0.360002 168.157978
-0.350002 163.842549
-0.340002 159.485084
-0.330002 155.087163
-0.320002 150.650425
-0.310002 146.176524
-0.300002 141.667185
-0.290002 137.124144
-0.280002 132.549217
-0.270002 127.944225
-0.260002 123.311047
-0.250002 118.651593
-0.240002 113.967817
-0.230002 109.261729
-0.220002 104.535346
-0.210002 99.790757
-0.200002 95.030068
-0.190002 90.255424
-0.180002 85.469014
-0.170002 80.673055
-0.160002 75.869815
-0.150002 71.061583
-0.140002 66.250686
-0.130002 61.439489
-0.120002 56.630394
-0.110002 51.825828
-0.100002 47.028250
-0.090002 42.240162
-0.080002 37.464082
-0.070002 32.702570
-0.060002 27.958214
-0.050002 23.233628
-0.040002 18.531456
-0.030002 13.854370
-0.020002 9.205068
-0.010002 4.586275
-0.000002 0.000742
0.009998 -4.548757
0.019998 -9.059422
0.029998 -13.528434
0.039998 -17.952947
0.049998 -22.330097
0.059998 -26.656998
0.069998 -30.930749
0.079998 -35.148424
0.089998 -39.307082
0.099998 -43.403764
0.109998 -47.435502
0.119998 -51.399301
0.129998 -55.292163
0.139998 -59.111076
0.149998 -62.853014
0.159998 -66.514928
0.169998 -70.093777
0.179998 -73.586505
0.189998 -76.990051
0.199998 -80.301334
0.209998 -83.517284
0.219998 -86.634817
0.229998 -89.650850
0.239998 -92.562289
0.249998 -95.366056
0.259998 -98.059044
0.269998 -100.638180
0.279998 -103.100372
0.289998 -105.442531
0.299998 -107.661590
0.309998 -109.754459
0.319998 -111.718093
0.329998 -113.549397
0.339998 -115.245352
0.349998 -116.802902
0.359998 -118.219029
0.369998 -119.490700
0.379998 -120.614914
0.389998 -121.588686
0.399998 -122.409048
0.409998 -123.073035
0.419998 -123.577715
0.429998 -123.920161
0.439998 -124.097483
0.449998 -124.106808
0.459998 -123.945292
0.469998 -123.610086
0.479998 -123.098406
0.489998 -122.407471
0.499998 -121.534540
0.509998 -120.476880
0.519998 -119.231842
0.529998 -117.796748
0.539998 -116.168978
0.549998 -114.345951
0.559998 -112.325125
0.569998 -110.103978
0.579998 -107.680042
0.589998 -105.050882
0.599998 -102.214119
0.609998 -99.167358
0.619998 -95.908350
0.629998 -92.434787
0.639998 -88.744475
0.649998 -84.835254
0.659998 -80.704971
0.669998 -76.351582
0.679998 -71.773053
0.689998 -66.967425
0.699998 -61.932790
0.709998 -56.667255
0.719998 -51.169064
0.729998 -45.436416
0.739998 -39.467671
0.749998 -33.261166
0.759998 -26.815339
0.769998 -20.128714
0.779998 -13.199811
0.789998 -6.027238
0.799998 1.390247
0.809998 9.053992
0.819998 16.965103
0.829998 25.124682
0.839998 33.533806
0.849998 42.193482
0.859998 51.104532
0.869998 60.267839
0.879998 69.684074
0.889998 79.354021
0.899998 89.278149
0.909998 99.457136
0.919998 109.891247
0.929998 120.581001
0.939998 131.526599
0.949998 142.728205
0.959998 154.185998
0.969998 165.899976
0.979998 177.870153
0.989998 190.096305
0.999998 202.578221
1.009998 215.315605
1.019998 228.308018
1.029998 241.555091
1.039998 255.056100
1.049998 268.810496
1.059998 282.817370
1.069998 297.075934
1.079998 311.585307
1.089998 326.344352
1.099998 341.351945
1.109998 356.606809
1.119998 372.107736
1.129998 387.853148
1.139998 403.841585
1.149998 420.071435
1.159998 436.540987
1.169998 453.248316
1.179998 470.191567
1.189998 487.368639
1.199998 504.777529
1.209998 522.415876
1.219998 540.281414
1.229998 558.371545
1.239998 576.683911
1.249997 595.215818
1.259997 613.964468
1.269997 632.926957
1.279997 652.100390
1.289997 671.481649
1.299997 691.067511
1.309997 710.854760
1.319997 730.840075
1.329997 751.019791
1.339997 771.390250
1.349997 791.947807
1.359997 812.688828
1.369997 833.609090
1.379997 854.704623
1.389997 875.971344
1.399997 897.404945
1.409997 919.001004
1.419997 940.754993
1.429997 962.662394
1.439997 984.718577
1.449997 1006.918564
1.459997 1029.257508
1.469997 1051.730331
1.479997 1074.331845
1.489997 1097.056998
1.499997 1119.900140
1.509997 1142.856122
1.519997 1165.919075
1.529997 1189.083511
1.539997 1212.343468
1.549997 1235.693119
1.559997 1259.126649
1.569997 1282.637652
1.579997 1306.219733
1.589997 1329.867002
1.599997 1353.572731
1.609997 1377.330573
1.619997 1401.133710
1.629997 1424.975463
1.639997 1448.848928
1.649997 1472.747094
1.659997 1496.662972
1.669997 1520.589226
1.679997 1544.518902
1.689997 1568.444341
1.699997 1592.358266
1.709997 1616.252816
1.719997 1640.120638
1.729997 1663.953674
1.739997 1687.744494
1.749997 1711.484365
1.759997 1735.165904
1.769997 1758.780911
1.779997 1782.320851
1.789997 1805.777339
1.799997 1829.142136
1.809997 1852.406672
1.819997 1875.562525
1.829997 1898.600473
1.839997 1921.512156
1.849997 1944.288651
1.859997 1966.920833
1.869997 1989.399614
1.879997 2011.715938
1.889997 2033.861014
1.899997 2055.824810
1.909997 2077.598378
1.919997 2099.171996
1.929997 2120.536785
1.939997 2141.682188
1.949997 2162.599403
1.959997 2183.277962
1.969997 2203.708687
1.979997 2223.881201
1.989997 2243.785960
1.999997 2263.412459
2.009997 2282.751336
2.019997 2301.791770
2.029997 2320.523397
2.039997 2338.937009
2.049997 2357.020934
2.059997 2374.765628
2.069997 2392.160617
2.079997 2409.195379
2.089997 2425.859128
2.099997 2442.141457
2.109997 2458.031489
2.119997 2473.519143
2.129997 2488.593037
2.139997 2503.243002
2.149997 2517.457789
2.159997 2531.226737
2.169997 2544.538740
2.179997 2557.383469
2.189997 2569.749751
2.199997 2581.626195
2.209997 2593.002181
2.219997 2603.866662
2.229997 2614.208768
2.239997 2624.017024
2.249997 2633.280906
2.259997 2641.988722
2.269997 2650.130099
2.279997 2657.692958
2.289997 2664.667085
2.299997 2671.040950
2.309997 2676.803578
2.319997 2681.943807
2.329997 2686.449948
2.339997 2690.311912
2.349997 2693.518015
2.359997 2696.057291
2.369997 2697.918438
2.379997 2699.089839
2.389997 2699.561583
2.399997 2699.322077
2.409997 2698.360427
2.419997 2696.665110
2.429996 2694.225927
2.439996 2691.031728
2.449996 2687.070779
2.459996 2682.332650
2.469996 2676.807229
2.479996 2670.483207
2.489996 2663.349638
2.499996 2655.395335
2.509996 2646.610626
2.519996 2636.984698
2.529996 2626.506520
2.539996 2615.165140
2.549996 2602.951325
2.559996 2589.853952
2.569996 2575.862797
2.579996 2560.967177
2.589996 2545.158037
2.599996 2528.424057
2.609996 2510.755800
2.619996 2492.142894
2.629996 2472.575790
2.639996 2452.044764
2.649996 2430.539479
2.659996 2408.051315
2.669996 2384.569227
2.679996 2360.085207
2.689996 2334.589313
2.699996 2308.071958
2.709996 2280.524299
2.719996 2251.937774
2.729996 2222.302714
2.739996 2191.610581
2.749996 2159.852739
2.759996 2127.020480
2.769996 2093.105228
2.779996 2058.098886
2.789996 2021.993119
2.799996 1984.779571
2.809996 1946.450840
2.819996 1906.998669
2.829996 1866.415287
2.839996 1824.693220
2.849996 1781.825548
2.859996 1737.804486
2.869996 1692.623249
2.879996 1646.274276
2.889996 1598.751340
2.899996 1550.047703
2.909996 1500.156689
2.919996 1449.072134
2.929996 1396.787911
2.939996 1343.297763
2.949996 1288.596208
2.959996 1232.677344
2.969996 1175.535666
2.979996 1117.166248
2.989996 1057.563526
2.999996 996.722850
