-1.990000 2052.969442
-1.980000 2040.122622
-1.970000 2027.064337
-1.960000 2013.802354
-1.950000 2000.343023
-1.940000 1986.693754
-1.930000 1972.861667
-1.920000 1958.853813
-1.910000 1944.676488
-1.900000 1930.337063
-1.890000 1915.842034
-1.880000 1901.198407
-1.870000 1886.412416
-1.860000 1871.490337
-1.850000 1856.439191
-1.840000 1841.264988
-1.830000 1825.974249
-1.820000 1810.572949
-1.810000 1795.067222
-1.800000 1779.463361
-1.790000 1763.767226
-1.780000 1747.984719
-1.770000 1732.121660
-1.760000 1716.183792
-1.750000 1700.177018
-1.740000 1684.106440
-1.730000 1667.978041
-1.720000 1651.796879
-1.710000 1635.568657
-1.700000 1619.298391
-1.690000 1602.991255
-1.680000 1586.652464
-1.670000 1570.287271
-1.660000 1553.899997
-1.650000 1537.495850
-1.640000 1521.079591
-1.630000 1504.656021
-1.620000 1488.229488
-1.610000 1471.804748
-1.600000 1455.385983
-1.590000 1438.977657
-1.580000 1422.584150
-1.570000 1406.209516
-1.560000 1389.857966
-1.550000 1373.533385
-1.540000 1357.239696
-1.530000 1340.980860
-1.520000 1324.760509
-1.510000 1308.582315
-1.500000 1292.450109
-1.490000 1276.367274
-1.480000 1260.337108
-1.470001 1244.362951
-1.460001 1228.448301
-1.450001 1212.596087
-1.440001 1196.809644
-1.430001 1181.091736
-1.420001 1165.445533
-1.410001 1149.873639
-1.400001 1134.379060
-1.390001 1118.964359
-1.380001 1103.632259
-1.370001 1088.385165
-1.360001 1073.225521
-1.350001 1058.155692
-1.340001 1043.178204
-1.330001 1028.295026
-1.320001 1013.508291
-1.310001 998.820170
-1.300001 984.232643
-1.290001 969.747550
-1.280001 955.366778
-1.270001 941.092077
-1.260001 926.925068
-1.250001 912.867527
-1.240001 898.920753
-1.230001 885.086379
-1.220001 871.365734
-1.210001 857.760248
-1.200001 844.270938
-1.190001 830.899209
-1.180001 817.646166
-1.170001 804.512736
-1.160001 791.499891
-1.150001 778.608648
-1.140001 765.839790
-1.130001 753.194148
-1.120001 740.672375
-1.110001 728.275174
-1.100001 716.003073
-1.090001 703.856649
-1.080001 691.836311
-1.070001 679.942566
-1.060001 668.175704
-1.050001 656.536007
-1.040001 645.023703
-1.030001 633.638962
-1.020001 622.382002
-1.010001 611.252778
-1.000001 600.251348
-0.990001 589.377664
-0.980001 578.631578
-0.970001 568.013039
-0.960001 557.521799
-0.950001 547.157607
-0.940001 536.920167
-0.930001 526.809232
-0.920001 516.824267
-0.910001 506.964932
-0.900001 497.230796
-0.890001 487.621240
-0.880001 478.135794
-0.870001 468.773757
-0.860001 459.534531
-0.850001 450.417523
-0.840001 441.421916
-0.830001 432.546950
-0.820001 423.791873
-0.810001 415.155854
-0.800001 406.638025
-0.790001 398.237489
-0.780001 389.953272
-0.770001 381.784540
-0.760001 373.730173
-0.750001 365.789278
-0.740001 357.960679
-0.730001 350.243386
-0.720001 342.636336
-0.710001 335.138323
-0.700001 327.748236
-0.690001 320.464924
-0.680001 313.287171
-0.670001 306.213782
-0.660001 299.243522
-0.650001 292.375138
-0.640001 285.607377
-0.630001 278.938932
-0.620001 272.368500
-0.610001 265.894800
-0.600001 259.516480
-0.590001 253.232215
-0.580001 247.040630
-0.570001 240.940376
-0.560001 234.930093
-0.550001 229.008378
-0.540001 223.173823
-0.530001 217.425091
-0.520001 211.760714
-0.510001 206.179341
-0.500001 200.679514
-0.490001 195.259859
-0.480001 189.918926
-0.470001 184.655308
-0.460001 179.467597
-0.450001 174.354360
-0.440001 169.314189
-0.430001 164.345668
-0.420002 159.447381
-0.410002 154.617920
-0.400002 149.855892
-0.390002 145.159897
-0.380002 140.528543
-0.370002 135.960443
-0.360002 131.454233
-0.350002 127.008543
-0.340002 122.622006
-0.330002 118.293294
-0.320002 114.021061
-0.310002 109.803983
-0.300002 105.640767
-0.290002 101.530097
-0.280002 97.470707
-0.270002 93.461322
-0.260002 89.500687
-0.250002 85.587584
-0.240002 81.720779
-0.230002 77.899076
-0.220002 74.121292
-0.210002 70.386277
-0.200002 66.692873
-0.190002 63.039968
-0.180002 59.426452
-0.170002 55.851243
-0.160002 52.313292
-0.150002 48.811554
-0.140002 45.345017
-0.130002 41.912687
-0.120002 38.513609
-0.110002 35.146828
-0.100002 31.811432
-0.090002 28.506530
-0.080002 25.231256
-0.070002 21.984766
-0.060002 18.766250
-0.050002 15.574922
-0.040002 12.410021
-0.030002 9.270816
-0.020002 6.156606
-0.010002 3.066715
-0.000002 0.000496
0.009998 -3.042666
0.019998 -6.063360
0.029998 -9.062143
0.039998 -12.039544
0.049998 -14.996060
0.059998 -17.932161
0.069998 -20.848283
0.079998 -23.744833
0.089998 -26.622189
0.099998 -29.480694
0.109998 -32.320663
0.119998 -35.142376
0.129998 -37.946089
0.139998 -40.732024
0.149998 -43.500365
0.159998 -46.251270
0.169998 -48.984864
0.179998 -51.701241
0.189998 -54.400468
0.199998 -57.082573
0.209998 -59.747551
0.219998 -62.395379
0.229998 -65.025986
0.239998 -67.639285
0.249998 -70.235140
0.259998 -72.813403
0.269998 -75.373882
0.279998 -77.916364
0.289998 -80.440592
0.299998 -82.946290
0.309998 -85.433149
0.319998 -87.900834
0.329998 -90.348966
0.339998 -92.777152
0.349998 -95.184962
0.359998 -97.571936
0.369998 -99.937596
0.379998 -102.281415
0.389998 -104.602858
0.399998 -106.901364
0.409998 -109.176310
0.419998 -111.427090
0.429998 -113.653052
0.439998 -115.853515
0.449998 -118.027773
0.459998 -120.175107
0.469998 -122.294747
0.479998 -124.385938
0.489998 -126.447849
0.499998 -128.479662
0.509998 -130.480548
0.519998 -132.449618
0.529998 -134.385983
0.539998 -136.288708
0.549998 -138.156901
0.559998 -139.989570
0.569998 -141.785737
0.579998 -143.544434
0.589998 -145.264628
0.599998 -146.945283
0.609998 -148.585364
0.619998 -150.183819
0.629998 -151.739527
0.639998 -153.251422
0.649998 -154.718361
0.659998 -156.139261
0.669998 -157.512950
0.679998 -158.838282
0.689998 -160.114109
0.699998 -161.339230
0.709998 -162.512477
0.719998 -163.632671
0.729998 -164.698562
0.739998 -165.708975
0.749998 -166.662696
0.759998 -167.558475
0.769998 -168.395084
0.779998 -169.171294
0.789998 -169.885858
0.799998 -170.537538
0.809998 -171.125104
0.819998 -171.647260
0.829998 -172.102794
0.839998 -172.490453
0.849998 -172.808959
0.859998 -173.057107
0.869998 -173.233623
0.879998 -173.337273
0.889998 -173.366851
0.899998 -173.321072
0.909998 -173.198716
0.919998 -172.998632
0.929998 -172.719531
0.939998 -172.360218
0.949998 -171.919568
0.959998 -171.396319
0.969998 -170.789345
0.979998 -170.097507
0.989998 -169.319567
0.999998 -168.454514
1.009998 -167.501151
1.019998 -166.458398
1.029998 -165.325165
1.039998 -164.100422
1.049998 -162.783103
1.059998 -161.372163
1.069998 -159.866590
1.079998 -158.265446
1.089998 -156.567736
1.099998 -154.772545
1.109998 -152.878923
1.119998 -150.885989
1.129998 -148.792915
1.139998 -146.598791
1.149998 -144.302899
1.159998 -141.904425
1.169998 -139.402587
1.179998 -136.796702
1.189998 -134.086090
1.199998 -131.270048
1.209998 -128.348034
1.219998 -125.319354
1.229998 -122.183522
1.239998 -118.940058
1.249997 -115.588405
1.259997 -112.128174
1.269997 -108.558926
1.279997 -104.880335
1.289997 -101.092087
1.299997 -97.193805
1.309997 -93.185361
1.319997 -89.066478
1.329997 -84.837083
1.339997 -80.496974
1.349997 -76.046169
1.359997 -71.484614
1.369997 -66.812332
1.379997 -62.029452
1.389997 -57.136034
1.399997 -52.132201
1.409997 -47.018334
1.419997 -41.794597
1.429997 -36.461324
1.439997 -31.018947
1.449997 -25.467830
1.459997 -19.808511
1.469997 -14.041522
1.479997 -8.167388
1.489997 -2.186842
1.499997 3.899417
1.509997 10.090635
1.519997 16.386061
1.529997 22.784795
1.539997 29.285879
1.549997 35.888232
1.559997 42.590961
1.569997 49.392868
1.579997 56.292783
1.589997 63.289418
1.599997 70.381665
1.609997 77.567865
1.619997 84.846847
1.629997 92.217072
1.639997 99.676875
1.649997 107.224863
1.659997 114.859061
1.669997 122.577948
1.679997 130.379722
1.689997 138.262427
1.699997 146.224131
1.709997 154.262806
1.719997 162.376478
1.729997 170.562926
1.739997 178.819922
1.749997 187.145292
1.759997 195.536582
1.769997 203.991573
1.779997 212.507617
1.789997 221.082178
1.799997 229.712773
1.809997 238.396549
1.819997 247.130946
1.829997 255.912975
1.839997 264.739820
1.849997 273.608711
1.859997 282.516164
1.869997 291.459622
1.879997 300.435527
1.889997 309.441065
1.899997 318.472425
1.909997 327.526598
1.919997 336.600102
1.929997 345.689271
1.939997 354.790831
1.949997 363.900924
1.959997 373.015797
1.969997 382.131970
1.979997 391.245274
1.989997 400.352035
1.999997 409.448177
2.009997 418.529702
2.019997 427.592502
2.029997 436.632394
2.039997 445.645260
2.049997 454.626641
2.059997 463.572022
2.069997 472.477412
2.079997 481.338004
2.089997 490.149358
2.099997 498.906811
2.109997 507.605638
2.119997 516.241212
2.129997 524.808633
2.139997 533.303100
2.149997 541.719749
2.159997 550.053556
2.169997 558.299387
2.179997 566.452255
2.189997 574.507212
2.199997 582.458607
2.209997 590.301186
2.219997 598.030226
2.229997 605.639771
2.239997 613.124600
2.249997 620.479239
2.259997 627.698167
2.269997 634.775810
2.279997 641.706452
2.289997 648.484517
2.299997 655.104102
2.309997 661.559807
2.319997 667.845548
2.329997 673.955383
2.339997 679.883680
2.349997 685.624234
2.359997 691.171325
2.369997 696.518499
2.379997 701.660211
2.389997 706.590103
2.399997 711.301959
2.409997 715.789693
2.419997 720.047098
2.429996 724.068098
2.439996 727.846102
2.449996 731.374814
2.459996 734.648220
2.469996 737.659653
2.479996 740.403035
2.489996 742.871655
2.499996 745.059160
2.509996 746.959315
2.519996 748.565283
2.529996 749.870788
2.539996 750.869249
2.549996 751.554207
2.559996 751.918985
2.569996 751.957164
2.579996 751.662044
2.589996 751.027180
2.599996 750.046048
2.609996 748.711739
2.619996 747.017726
2.629996 744.957714
2.639996 742.524914
2.649996 739.712664
2.659996 736.514252
2.669996 732.923422
2.679996 728.933352
2.689996 724.537349
2.699996 719.729105
2.709996 714.501889
2.719996 708.849097
2.729996 702.764336
2.739996 696.240883
2.749996 689.272469
2.759996 681.852365
2.769996 673.974155
2.779996 665.631610
2.789996 656.818085
2.799996 647.526984
2.809996 637.752397
2.819996 627.487778
2.829996 616.726784
2.839996 605.463185
2.849996 593.690537
2.859996 581.403037
2.869996 568.594381
2.879996 555.258356
2.889996 541.388808
2.899996 526.979995
2.909996 512.025728
2.919996 496.520227
2.929996 480.457431
2.939996 463.831856
2.949996 446.637174
2.959996 428.868284
2.969996 410.519191
2.979996 391.584350
2.989996 372.058495
2.999996 351.935744
