-1.990000 -3791.366104
-1.980000 -3756.689564
-1.970000 -3721.677126
-1.960000 -3686.346678
-1.950000 -3650.714315
-1.940000 -3614.798410
-1.930000 -3578.615774
-1.920000 -3542.182774
-1.910000 -3505.515788
-1.900000 -3468.631669
-1.890000 -3431.545902
-1.880000 -3394.275372
-1.870000 -3356.834892
-1.860000 -3319.239976
-1.850000 -3281.506152
-1.840000 -3243.648493
-1.830000 -3205.681137
-1.820000 -3167.619645
-1.810000 -3129.477463
-1.800000 -3091.268991
-1.790000 -3053.008158
-1.780000 -3014.708669
-1.770000 -2976.383754
-1.760000 -2938.046652
-1.750000 -2899.710608
-1.740000 -2861.387433
-1.730000 -2823.090385
-1.720000 -2784.831769
-1.710000 -2746.622446
-1.700000 -2708.475697
-1.690000 -2670.402639
-1.680000 -2632.413665
-1.670000 -2594.521113
-1.660000 -2556.734418
-1.650000 -2519.065205
-1.640000 -2481.523894
-1.630000 -2444.119940
-1.620000 -2406.863290
-1.610000 -2369.764146
-1.600000 -2332.831742
-1.590000 -2296.074834
-1.580000 -2259.502434
-1.570000 -2223.123563
-1.560000 -2186.946522
-1.550000 -2150.979868
-1.540000 -2115.231194
-1.530000 -2079.708351
-1.520000 -2044.418840
-1.510000 -2009.370540
-1.500000 -1974.569764
-1.490000 -1940.024058
-1.480000 -1905.739406
-1.470001 -1871.722661
-1.460001 -1837.979966
-1.450001 -1804.517242
-1.440001 -1771.340190
-1.430001 -1738.454535
-1.420001 -1705.865297
-1.410001 -1673.577886
-1.400001 -1641.596774
-1.390001 -1609.927302
-1.380001 -1578.573156
-1.370001 -1547.539134
-1.360001 -1516.829105
-1.350001 -1486.446613
-1.340001 -1456.395953
-1.330001 -1426.680022
-1.320001 -1397.301996
-1.310001 -1368.265206
-1.300001 -1339.572548
-1.290001 -1311.226252
-1.280001 -1283.229062
-1.270001 -1255.583061
-1.260001 -1228.290378
-1.250001 -1201.353069
-1.240001 -1174.772545
-1.230001 -1148.550264
-1.220001 -1122.687969
-1.210001 -1097.186415
-1.200001 -1072.046875
-1.190001 -1047.269761
-1.180001 -1022.856115
-1.170001 -998.806238
-1.160001 -975.120386
-1.150001 -951.798760
-1.140001 -928.841125
-1.130001 -906.247755
-1.120001 -884.017824
-1.110001 -862.151241
-1.100001 -840.647158
-1.090001 -819.504909
-1.080001 -798.723360
-1.070001 -778.301612
-1.060001 -758.238412
-1.050001 -738.532481
-1.040001 -719.182295
-1.030001 -700.186205
-1.020001 -681.542537
-1.010001 -663.249390
-1.000001 -645.304843
-0.990001 -627.706755
-0.980001 -610.452868
-0.970001 -593.541014
-0.960001 -576.968512
-0.950001 -560.733027
-0.940001 -544.831817
-0.930001 -529.262140
-0.920001 -514.021206
-0.910001 -499.106029
-0.900001 -484.513532
-0.890001 -470.240647
-0.880001 -456.284170
-0.870001 -442.640719
-0.860001 -429.307020
-0.850001 -416.279536
-0.840001 -403.554840
-0.830001 -391.129293
-0.820001 -378.999192
-0.810001 -367.160813
-0.800001 -355.610412
-0.790001 -344.344099
-0.780001 -333.357927
-0.770001 -322.648026
-0.760001 -312.210303
-0.750001 -302.040745
-0.740001 -292.135211
-0.730001 -282.489559
-0.720001 -273.099650
-0.710001 -263.961187
-0.700001 -255.069962
-0.690001 -246.421695
-0.680001 -238.012039
-0.670001 -229.836685
-0.660001 -221.891261
-0.650001 -214.171414
-0.640001 -206.672702
-0.630001 -199.390762
-0.620001 -192.321184
-0.610001 -185.459514
-0.600001 -178.801363
-0.590001 -172.342240
-0.580001 -166.077753
-0.570001 -160.003483
-0.560001 -154.115013
-0.550001 -148.407921
-0.540001 -142.877795
-0.530001 -137.520270
-0.520001 -132.330965
-0.510001 -127.305532
-0.500001 -122.439616
-0.490001 -117.728954
-0.480001 -113.169239
-0.470001 -108.756224
-0.460001 -104.485694
-0.450001 -100.353452
-0.440001 -96.355356
-0.430001 -92.487290
-0.420002 -88.745172
-0.410002 -85.124981
-0.400002 -81.622726
-0.390002 -78.234472
-0.380002 -74.956318
-0.370002 -71.784427
-0.360002 -68.715015
-0.350002 -65.744340
-0.340002 -62.868735
-0.330002 -60.084574
-0.320002 -57.388309
-0.310002 -54.776436
-0.300002 -52.245528
-0.290002 -49.792218
-0.280002 -47.413211
-0.270002 -45.105273
-0.260002 -42.865252
-0.250002 -40.690063
-0.240002 -38.576690
-0.230002 -36.522202
-0.220002 -34.523735
-0.210002 -32.578514
-0.200002 -30.683838
-0.190002 -28.837085
-0.180002 -27.035719
-0.170002 -25.277284
-0.160002 -23.559412
-0.150002 -21.879818
-0.140002 -20.236306
-0.130002 -18.626767
-0.120002 -17.049181
-0.110002 -15.501618
-0.100002 -13.982239
-0.090002 -12.489294
-0.080002 -11.021130
-0.070002 -9.576181
-0.060002 -8.152980
-0.050002 -6.750154
-0.040002 -5.366422
-0.030002 -4.000601
-0.020002 -2.651604
-0.010002 -1.318439
-0.000002 -0.000213
0.009998 1.303871
0.019998 2.594512
0.029998 3.872310
0.039998 5.137769
0.049998 6.391294
0.059998 7.633191
0.069998 8.863668
0.079998 10.082834
0.089998 11.290701
0.099998 12.487182
0.109998 13.672092
0.119998 14.845146
0.129998 16.005966
0.139998 17.154072
0.149998 18.288890
0.159998 19.409746
0.169998 20.515874
0.179998 21.606408
0.189998 22.680391
0.199998 23.736768
0.209998 24.774390
0.219998 25.792019
0.229998 26.788320
0.239998 27.761868
0.249998 28.711147
0.259998 29.634549
0.269998 30.530378
0.279998 31.396855
0.289998 32.232107
0.299998 33.034175
0.309998 33.801019
0.319998 34.530516
0.329998 35.220455
0.339998 35.868547
0.349998 36.472421
0.359998 37.029634
0.369998 37.537654
0.379998 37.993881
0.389998 38.395642
0.399998 38.740181
0.409998 39.024687
0.419998 39.246262
0.429998 39.401952
0.439998 39.488729
0.449998 39.503505
0.459998 39.443123
0.469998 39.304373
0.479998 39.083980
0.489998 38.778620
0.499998 38.384896
0.509998 37.899367
0.519998 37.318548
0.529998 36.638897
0.539998 35.856812
0.549998 34.968677
0.559998 33.970796
0.569998 32.859467
0.579998 31.630916
0.589998 30.281351
0.599998 28.806944
0.609998 27.203823
0.619998 25.468110
0.629998 23.595880
0.639998 21.583175
0.649998 19.426041
0.659998 17.120485
0.669998 14.662495
0.679998 12.048041
0.689998 9.273125
0.699998 6.333649
0.709998 3.225583
0.719998 -0.055126
0.729998 -3.512566
0.739998 -7.150774
0.749998 -10.973813
0.759998 -14.985744
0.769998 -19.190639
0.779998 -23.592499
0.789998 -28.195361
0.799998 -33.003228
0.809998 -38.020105
0.819998 -43.249976
0.829998 -48.696733
0.839998 -54.364321
0.849998 -60.256632
0.859998 -66.377513
0.869998 -72.730789
0.879998 -79.320257
0.889998 -86.149605
0.899998 -93.222591
0.909998 -100.542859
0.919998 -108.113954
0.929998 -115.939464
0.939998 -124.022874
0.949998 -132.367612
0.959998 -140.977092
0.969998 -149.854566
0.979998 -159.003346
0.989998 -168.426468
0.999998 -178.127205
1.009998 -188.108470
1.019998 -198.373228
1.029998 -208.924363
1.039998 -219.764674
1.049998 -230.896861
1.059998 -242.323415
1.069998 -254.046986
1.079998 -266.069876
1.089998 -278.394557
1.099998 -291.023077
1.109998 -303.957703
1.119998 -317.200272
1.129998 -330.752891
1.139998 -344.617175
1.149998 -358.794784
1.159998 -373.287430
1.169998 -388.096427
1.179998 -403.223133
1.189998 -418.668722
1.199998 -434.434130
1.209998 -450.520557
1.219998 -466.928558
1.229998 -483.658780
1.239998 -500.711844
1.249997 -518.088292
1.259997 -535.787884
1.269997 -553.811160
1.279997 -572.157874
1.289997 -590.827745
1.299997 -609.820629
1.309997 -629.135702
1.319997 -648.772447
1.329997 -668.730192
1.339997 -689.007507
1.349997 -709.603510
1.359997 -730.517032
1.369997 -751.746081
1.379997 -773.289326
1.389997 -795.145027
1.399997 -817.310726
1.409997 -839.784448
1.419997 -862.564039
1.429997 -885.646501
1.439997 -909.029376
1.449997 -932.709657
1.459997 -956.684151
1.469997 -980.949474
1.479997 -1005.502419
1.489997 -1030.339218
1.499997 -1055.455548
1.509997 -1080.848103
1.519997 -1106.511678
1.529997 -1132.442697
1.539997 -1158.635919
1.549997 -1185.086391
1.559997 -1211.789444
1.569997 -1238.739595
1.579997 -1265.931033
1.589997 -1293.358352
1.599997 -1321.015938
1.609997 -1348.897234
1.619997 -1376.995963
1.629997 -1405.305881
1.639997 -1433.819678
1.649997 -1462.531172
1.659997 -1491.432507
1.669997 -1520.516343
1.679997 -1549.775490
1.689997 -1579.202053
1.699997 -1608.787320
1.709997 -1638.524057
1.719997 -1668.403115
1.729997 -1698.415738
1.739997 -1728.553553
1.749997 -1758.807003
1.759997 -1789.167038
1.769997 -1819.623667
1.779997 -1850.167880
1.789997 -1880.788654
1.799997 -1911.476423
1.809997 -1942.220919
1.819997 -1973.010947
1.829997 -2003.836045
1.839997 -2034.684585
1.849997 -2065.546138
1.859997 -2096.408176
1.869997 -2127.260301
1.879997 -2158.089090
1.889997 -2188.883245
1.899997 -2219.630085
1.909997 -2250.317182
1.919997 -2280.931434
1.929997 -2311.460676
1.939997 -2341.890468
1.949997 -2372.207997
1.959997 -2402.399779
1.969997 -2432.451669
1.979997 -2462.349549
1.989997 -2492.079540
1.999997 -2521.626891
2.009997 -2550.977393
2.019997 -2580.115292
2.029997 -2609.025991
2.039997 -2637.694604
2.049997 -2666.104961
2.059997 -2694.242005
2.069997 -2722.089622
2.079997 -2749.631512
2.089997 -2776.852470
2.099997 -2803.734972
2.109997 -2830.262809
2.119997 -2856.419788
2.129997 -2882.187871
2.139997 -2907.550929
2.149997 -2932.491205
2.159997 -2956.991595
2.169997 -2981.034015
2.179997 -3004.601028
2.189997 -3027.674229
2.199997 -3050.236650
2.209997 -3072.268779
2.219997 -3093.752547
2.229997 -3114.669336
2.239997 -3135.001152
2.249997 -3154.728503
2.259997 -3173.832156
2.269997 -3192.293681
2.279997 -3210.092456
2.289997 -3227.211263
2.299997 -3243.629043
2.309997 -3259.326472
2.319997 -3274.283380
2.329997 -3288.481270
2.339997 -3301.898674
2.349997 -3314.515463
2.359997 -3326.312781
2.369997 -3337.269578
2.379997 -3347.365413
2.389997 -3356.579421
2.399997 -3364.891988
2.409997 -3372.281416
2.419997 -3378.727590
2.429996 -3384.209974
2.439996 -3388.707006
2.449996 -3392.197712
2.459996 -3394.661984
2.469996 -3396.078401
2.479996 -3396.425207
2.489996 -3395.681818
2.499996 -3393.826998
2.509996 -3390.839761
2.519996 -3386.697943
2.529996 -3381.381645
2.539996 -3374.867830
2.549996 -3367.136810
2.559996 -3358.166379
2.569996 -3347.935168
2.579996 -3336.422592
2.589996 -3323.606487
2.599996 -3309.465254
2.609996 -3293.979065
2.619996 -3277.125579
2.629996 -3258.883031
2.639996 -3239.231369
2.649996 -3218.149112
2.659996 -3195.614392
2.669996 -3171.606774
2.679996 -3146.104960
2.689996 -3119.088158
2.699996 -3090.535628
2.709996 -3060.425873
2.719996 -3028.738526
2.729996 -2995.453469
2.739996 -2960.548716
2.749996 -2924.004739
2.759996 -2885.801665
2.769996 -2845.918257
2.779996 -2804.334180
2.789996 -2761.030585
2.799996 -2715.986661
2.809996 -2669.182941
2.819996 -2620.599596
2.829996 -2570.217118
2.839996 -2518.015717
2.849996 -2463.977787
2.859996 -2408.082426
2.869996 -2350.312034
2.879996 -2290.648009
2.889996 -2229.070460
2.899996 -2165.562470
2.909996 -2100.105764
2.919996 -2032.681652
2.929996 -1963.273224
2.939996 -1891.863267
2.949996 -1818.433432
2.959996 -1742.967578
2.969996 -1665.448798
2.979996 -1585.860132
2.989996 -1504.185710
2.999996 -1420.409409
