-1.990000 2957.417478
-1.980000 2927.477072
-1.970000 2897.278583
-1.960000 2866.836520
-1.950000 2836.164758
-1.940000 2805.278577
-1.930000 2774.191034
-1.920000 2742.916594
-1.910000 2711.469547
-1.900000 2679.862155
-1.890000 2648.108797
-1.880000 2616.222049
-1.870000 2584.215223
-1.860000 2552.101447
-1.850000 2519.892487
-1.840000 2487.600850
-1.830000 2455.239796
-1.820000 2422.820273
-1.810000 2390.354684
-1.800000 2357.854292
-1.790000 2325.330638
-1.780000 2292.795307
-1.770000 2260.258733
-1.760000 2227.732108
-1.750000 2195.226669
-1.740000 2162.752016
-1.730000 2130.318510
-1.720000 2097.936556
-1.710000 2065.615638
-1.700000 2033.366008
-1.690000 2001.196753
-1.680000 1969.117004
-1.670000 1937.136179
-1.660000 1905.262526
-1.650000 1873.505554
-1.640000 1841.873604
-1.630000 1810.374087
-1.620000 1779.016168
-1.610000 1747.807110
-1.600000 1716.754710
-1.590000 1685.866816
-1.580000 1655.150349
-1.570000 1624.612523
-1.560000 1594.260360
-1.550000 1564.100447
-1.540000 1534.139421
-1.530000 1504.383486
-1.520000 1474.838900
-1.510000 1445.511731
-1.500000 1416.407617
-1.490000 1387.532009
-1.480000 1358.890658
-1.470001 1330.488645
-1.460001 1302.330868
-1.450001 1274.422286
-1.440001 1246.767674
-1.430001 1219.371390
-1.420001 1192.237853
-1.410001 1165.371064
-1.400001 1138.775331
-1.390001 1112.453825
-1.380001 1086.410748
-1.370001 1060.649170
-1.360001 1035.172712
-1.350001 1009.984109
-1.340001 985.086824
-1.330001 960.483027
-1.320001 936.175735
-1.310001 912.167388
-1.300001 888.460034
-1.290001 865.056151
-1.280001 841.957593
-1.270001 819.166058
-1.260001 796.683333
-1.250001 774.511050
-1.240001 752.650464
-1.230001 731.102917
-1.220001 709.869375
-1.210001 688.951009
-1.200001 668.348509
-1.190001 648.062426
-1.180001 628.093633
-1.170001 608.442191
-1.160001 589.108707
-1.150001 570.093099
-1.140001 551.395605
-1.130001 533.016007
-1.120001 514.954023
-1.110001 497.209471
-1.100001 479.781833
-1.090001 462.670641
-1.080001 445.875152
-1.070001 429.394513
-1.060001 413.227982
-1.050001 397.374442
-1.040001 381.832835
-1.030001 366.602004
-1.020001 351.680691
-1.010001 337.067443
-1.000001 322.760764
-0.990001 308.759071
-0.980001 295.060843
-0.970001 281.664223
-0.960001 268.567422
-0.950001 255.768471
-0.940001 243.265573
-0.930001 231.056409
-0.920001 219.139130
-0.910001 207.511280
-0.900001 196.170771
-0.890001 185.115211
-0.880001 174.342192
-0.870001 163.849293
-0.860001 153.634036
-0.850001 143.693750
-0.840001 134.025941
-0.830001 124.627836
-0.820001 115.496797
-0.810001 106.630005
-0.800001 98.024735
-0.790001 89.678084
-0.780001 81.587183
-0.770001 73.749125
-0.760001 66.160971
-0.750001 58.819730
-0.740001 51.722404
-0.730001 44.865970
-0.720001 38.247342
-0.710001 31.863474
-0.700001 25.711279
-0.690001 19.787638
-0.680001 14.089434
-0.670001 8.613522
-0.660001 3.356768
-0.650001 -1.683972
-0.640001 -6.511862
-0.630001 -11.130052
-0.620001 -15.541691
-0.610001 -19.749944
-0.600001 -23.757971
-0.590001 -27.568875
-0.580001 -31.185817
-0.570001 -34.611933
-0.560001 -37.850309
-0.550001 -40.904069
-0.540001 -43.776252
-0.530001 -46.469946
-0.520001 -48.988184
-0.510001 -51.333976
-0.500001 -53.510332
-0.490001 -55.520195
-0.480001 -57.366513
-0.470001 -59.052185
-0.460001 -60.580095
-0.450001 -61.953071
-0.440001 -63.173932
-0.430001 -64.245435
-0.420002 -65.170309
-0.410002 -65.951243
-0.400002 -66.590878
-0.390002 -67.091816
-0.380002 -67.456622
-0.370002 -67.687798
-0.360002 -67.787797
-0.350002 -67.759041
-0.340002 -67.603880
-0.330002 -67.324628
-0.320002 -66.923539
-0.310002 -66.402805
-0.300002 -65.764562
-0.290002 -65.010906
-0.280002 -64.143855
-0.270002 -63.165369
-0.260002 -62.077362
-0.250002 -60.881663
-0.240002 -59.580052
-0.230002 -58.174250
-0.220002 -56.665904
-0.210002 -55.056589
-0.200002 -53.347822
-0.190002 -51.541062
-0.180002 -49.637673
-0.170002 -47.638975
-0.160002 -45.546201
-0.150002 -43.360534
-0.140002 -41.083056
-0.130002 -38.714805
-0.120002 -36.256732
-0.110002 -33.709716
-0.100002 -31.074567
-0.090002 -28.352021
-0.080002 -25.542736
-0.070002 -22.647303
-0.060002 -19.666228
-0.050002 -16.599952
-0.040002 -13.448835
-0.030002 -10.213164
-0.020002 -6.893152
-0.010002 -3.488934
-0.000002 -0.000573
0.009998 3.571945
0.019998 7.228711
0.029998 10.969887
0.039998 14.795714
0.049998 18.706503
0.059998 22.702643
0.069998 26.784599
0.079998 30.952905
0.089998 35.208167
0.099998 39.551073
0.109998 43.982374
0.119998 48.502902
0.129998 53.113548
0.139998 57.815288
0.149998 62.609158
0.159998 67.496271
0.169998 72.477796
0.179998 77.554984
0.189998 82.729151
0.199998 88.001668
0.209998 93.373989
0.219998 98.847617
0.229998 104.424128
0.239998 110.105149
0.249998 115.892394
0.259998 121.787599
0.269998 127.792598
0.279998 133.909250
0.289998 140.139515
0.299998 146.485353
0.309998 152.948821
0.319998 159.532011
0.329998 166.237067
0.339998 173.066203
0.349998 180.021653
0.359998 187.105696
0.369998 194.320699
0.379998 201.669034
0.389998 209.153111
0.399998 216.775454
0.409998 224.538508
0.419998 232.444851
0.429998 240.497074
0.439998 248.697751
0.449998 257.049592
0.459998 265.555234
0.469998 274.217423
0.479998 283.038851
0.489998 292.022316
0.499998 301.170586
0.509998 310.486495
0.519998 319.972846
0.529998 329.632481
0.539998 339.468237
0.549998 349.483063
0.559998 359.679790
0.569998 370.061290
0.579998 380.630541
0.589998 391.390395
0.599998 402.343737
0.609998 413.493557
0.619998 424.842741
0.629998 436.394099
0.639998 448.150647
0.649998 460.115215
0.659998 472.290693
0.669998 484.680000
0.679998 497.285883
0.689998 510.111265
0.699998 523.158895
0.709998 536.431615
0.719998 549.932204
0.729998 563.663334
0.739998 577.627727
0.749998 591.828113
0.759998 606.267107
0.769998 620.947286
0.779998 635.871273
0.789998 651.041561
0.799998 666.460602
0.809998 682.130840
0.819998 698.054718
0.829998 714.234446
0.839998 730.672452
0.849998 747.370832
0.859998 764.331806
0.869998 781.557442
0.879998 799.049881
0.889998 816.810822
0.899998 834.842412
0.909998 853.146589
0.919998 871.724636
0.929998 890.578724
0.939998 909.709973
0.949998 929.120401
0.959998 948.811055
0.969998 968.783487
0.979998 989.038761
0.989998 1009.578048
0.999998 1030.402629
1.009998 1051.513279
1.019998 1072.910880
1.029998 1094.596209
1.039998 1116.570045
1.049998 1138.832640
1.059998 1161.384766
1.069998 1184.226665
1.079998 1207.358246
1.089998 1230.780162
1.099998 1254.491868
1.109998 1278.493565
1.119998 1302.784673
1.129998 1327.365148
1.139998 1352.234154
1.149998 1377.391391
1.159998 1402.835757
1.169998 1428.566462
1.179998 1454.582579
1.189998 1480.882591
1.199998 1507.465290
1.209998 1534.329325
1.219998 1561.472972
1.229998 1588.894359
1.239998 1616.591924
1.249997 1644.563029
1.259997 1672.806039
1.269997 1701.318004
1.279997 1730.096745
1.289997 1759.139459
1.299997 1788.443414
1.309997 1818.005009
1.319997 1847.821891
1.329997 1877.890125
1.339997 1908.206316
1.349997 1938.766898
1.359997 1969.567659
1.369997 2000.604926
1.379997 2031.874375
1.389997 2063.371265
1.399997 2095.091634
1.409997 2127.030144
1.419997 2159.181991
1.429997 2191.542676
1.439997 2224.106066
1.449997 2256.866567
1.459997 2289.819610
1.469997 2322.958256
1.479997 2356.277078
1.489997 2389.769243
1.499997 2423.428698
1.509997 2457.248713
1.519997 2491.222855
1.529997 2525.343518
1.539997 2559.603634
1.549997 2593.996186
1.559997 2628.513226
1.569997 2663.146855
1.579997 2697.889462
1.589997 2732.732509
1.599997 2767.667745
1.609997 2802.686722
1.619997 2837.780546
1.629997 2872.940124
1.639997 2908.156163
1.649997 2943.419657
1.659997 2978.720426
1.669997 3014.049546
1.679997 3049.395950
1.689997 3084.750313
1.699997 3120.101894
1.709997 3155.440235
1.719997 3190.754438
1.729997 3226.033404
1.739997 3261.266072
1.749997 3296.441185
1.759997 3331.546561
1.769997 3366.571025
1.779997 3401.502715
1.789997 3436.328622
1.799997 3471.036731
1.809997 3505.615303
1.819997 3540.050031
1.829997 3574.329019
1.839997 3608.438522
1.849997 3642.365545
1.859997 3676.096896
1.869997 3709.617555
1.879997 3742.914886
1.889997 3775.973959
1.899997 3808.780363
1.909997 3841.320881
1.919997 3873.579112
1.929997 3905.541467
1.939997 3937.192105
1.949997 3968.516381
1.959997 3999.498104
1.969997 4030.122270
1.979997 4060.373240
1.989997 4090.234755
1.999997 4119.691279
2.009997 4148.725536
2.019997 4177.321227
2.029997 4205.462963
2.039997 4233.132339
2.049997 4260.313422
2.059997 4286.988809
2.069997 4313.141373
2.079997 4338.753406
2.089997 4363.807904
2.099997 4388.286858
2.109997 4412.172541
2.119997 4435.446244
2.129997 4458.090794
2.139997 4480.087621
2.149997 4501.418029
2.159997 4522.063605
2.169997 4542.006204
2.179997 4561.226344
2.189997 4579.706029
2.199997 4597.424749
2.209997 4614.364664
2.219997 4630.505840
2.229997 4645.829025
2.239997 4660.314860
2.249997 4673.943879
2.259997 4686.695762
2.269997 4698.551608
2.279997 4709.492031
2.289997 4719.494964
2.299997 4728.542341
2.309997 4736.613059
2.319997 4743.687406
2.329997 4749.745226
2.339997 4754.765594
2.349997 4758.728585
2.359997 4761.613510
2.369997 4763.400319
2.379997 4764.068216
2.389997 4763.596039
2.399997 4761.964257
2.409997 4759.151626
2.419997 4755.136893
2.429996 4749.900078
2.439996 4743.420830
2.449996 4735.676892
2.459996 4726.649141
2.469996 4716.315631
2.479996 4704.656269
2.489996 4691.649742
2.499996 4677.275357
2.509996 4661.512426
2.519996 4644.340273
2.529996 4625.738239
2.539996 4605.685412
2.549996 4584.161465
2.559996 4561.144749
2.569996 4536.616093
2.579996 4510.553688
2.589996 4482.937902
2.599996 4453.748102
2.609996 4422.963232
2.619996 4390.563815
2.629996 4356.529912
2.639996 4320.840237
2.649996 4283.475511
2.659996 4244.415136
2.669996 4203.639545
2.679996 4161.129686
2.689996 4116.864430
2.699996 4070.825798
2.709996 4022.992947
2.719996 3973.348476
2.729996 3921.870650
2.739996 3868.542684
2.749996 3813.344378
2.759996 3756.257257
2.769996 3697.263690
2.779996 3636.343345
2.789996 3573.479955
2.799996 3508.653949
2.809996 3441.848322
2.819996 3373.044920
2.829996 3302.227032
2.839996 3229.376016
2.849996 3154.475560
2.859996 3077.508923
2.869996 2998.459031
2.879996 2917.309338
2.889996 2834.044026
2.899996 2748.646515
2.909996 2661.101453
2.919996 2571.393243
2.929996 2479.506967
2.939996 2385.427120
2.949996 2289.139112
2.959996 2190.628602
2.969996 2089.881334
2.979996 1986.882881
2.989996 1881.621005
2.999996 1774.080951
