-1.990000 -4260.314216
-1.980000 -4226.350822
-1.970000 -4191.984280
-1.960000 -4157.232351
-1.950000 -4122.112146
-1.940000 -4086.641942
-1.930000 -4050.838461
-1.920000 -4014.718678
-1.910000 -3978.299369
-1.900000 -3941.597567
-1.890000 -3904.629643
-1.880000 -3867.410602
-1.870000 -3829.958488
-1.860000 -3792.287188
-1.850000 -3754.413636
-1.840000 -3716.352221
-1.830000 -3678.118992
-1.820000 -3639.728139
-1.810000 -3601.194576
-1.800000 -3562.533001
-1.790000 -3523.757659
-1.780000 -3484.882573
-1.770000 -3445.921307
-1.760000 -3406.887682
-1.750000 -3367.795537
-1.740000 -3328.657290
-1.730000 -3289.486574
-1.720000 -3250.296079
-1.710000 -3211.097546
-1.700000 -3171.903936
-1.690000 -3132.727264
-1.680000 -3093.578831
-1.670000 -3054.471168
-1.660000 -3015.414881
-1.650000 -2976.421562
-1.640000 -2937.501605
-1.630000 -2898.666394
-1.620000 -2859.925624
-1.610000 -2821.290226
-1.600000 -2782.769929
-1.590000 -2744.374480
-1.580000 -2706.113399
-1.570000 -2667.996225
-1.560000 -2630.032272
-1.550000 -2592.229652
-1.540000 -2554.597962
-1.530000 -2517.144866
-1.520000 -2479.878783
-1.510000 -2442.808151
-1.500000 -2405.940455
-1.490000 -2369.282962
-1.480000 -2332.843203
-1.470001 -2296.628494
-1.460001 -2260.645684
-1.450001 -2224.901168
-1.440001 -2189.401606
-1.430001 -2154.153447
-1.420001 -2119.162198
-1.410001 -2084.434362
-1.400001 -2049.974785
-1.390001 -2015.789309
-1.380001 -1981.883203
-1.370001 -1948.261412
-1.360001 -1914.928317
-1.350001 -1881.889050
-1.340001 -1849.147707
-1.330001 -1816.708540
-1.320001 -1784.575484
-1.310001 -1752.752277
-1.300001 -1721.242580
-1.290001 -1690.049742
-1.280001 -1659.176923
-1.270001 -1628.627325
-1.260001 -1598.403495
-1.250001 -1568.508263
-1.240001 -1538.944040
-1.230001 -1509.713172
-1.220001 -1480.817595
-1.210001 -1452.259185
-1.200001 -1424.039868
-1.190001 -1396.161058
-1.180001 -1368.624337
-1.170001 -1341.430891
-1.160001 -1314.581516
-1.150001 -1288.077519
-1.140001 -1261.919149
-1.130001 -1236.107610
-1.120001 -1210.642619
-1.110001 -1185.524844
-1.100001 -1160.754469
-1.090001 -1136.331202
-1.080001 -1112.255147
-1.070001 -1088.525723
-1.060001 -1065.142639
-1.050001 -1042.105143
-1.040001 -1019.412560
-1.030001 -997.063976
-1.020001 -975.058449
-1.010001 -953.394909
-1.000001 -932.071746
-0.990001 -911.088053
-0.980001 -890.441978
-0.970001 -870.132066
-0.960001 -850.156440
-0.950001 -830.513514
-0.940001 -811.200991
-0.930001 -792.216970
-0.920001 -773.559245
-0.910001 -755.225605
-0.900001 -737.213550
-0.890001 -719.520773
-0.880001 -702.144680
-0.870001 -685.082588
-0.860001 -668.331732
-0.850001 -651.889258
-0.840001 -635.752420
-0.830001 -619.918113
-0.820001 -604.383342
-0.810001 -589.144948
-0.800001 -574.199704
-0.790001 -559.544404
-0.780001 -545.175687
-0.770001 -531.090221
-0.760001 -517.284526
-0.750001 -503.755070
-0.740001 -490.498267
-0.730001 -477.510646
-0.720001 -464.788442
-0.710001 -452.327930
-0.700001 -440.125501
-0.690001 -428.177190
-0.680001 -416.479351
-0.670001 -405.028070
-0.660001 -393.819478
-0.650001 -382.849680
-0.640001 -372.114681
-0.630001 -361.610609
-0.620001 -351.333431
-0.610001 -341.279164
-0.600001 -331.443849
-0.590001 -321.823442
-0.580001 -312.413860
-0.570001 -303.211145
-0.560001 -294.211238
-0.550001 -285.410075
-0.540001 -276.803660
-0.530001 -268.387935
-0.520001 -260.158881
-0.510001 -252.112426
-0.500001 -244.244644
-0.490001 -236.551489
-0.480001 -229.028988
-0.470001 -221.673187
-0.460001 -214.480139
-0.450001 -207.445903
-0.440001 -200.566621
-0.430001 -193.838406
-0.420002 -187.257427
-0.410002 -180.819860
-0.400002 -174.521952
-0.390002 -168.359959
-0.380002 -162.330177
-0.370002 -156.428943
-0.360002 -150.652656
-0.350002 -144.997728
-0.340002 -139.460635
-0.330002 -134.037905
-0.320002 -128.726091
-0.310002 -123.521831
-0.300002 -118.421785
-0.290002 -113.422687
-0.280002 -108.521319
-0.270002 -103.714540
-0.260002 -98.999233
-0.250002 -94.372377
-0.240002 -89.830992
-0.230002 -85.372183
-0.220002 -80.993099
-0.210002 -76.690978
-0.200002 -72.463109
-0.190002 -68.306869
-0.180002 -64.219688
-0.170002 -60.199087
-0.160002 -56.242639
-0.150002 -52.348019
-0.140002 -48.512956
-0.130002 -44.735271
-0.120002 -41.012864
-0.110002 -37.343703
-0.100002 -33.725843
-0.090002 -30.157423
-0.080002 -26.636662
-0.070002 -23.161862
-0.060002 -19.731411
-0.050002 -16.343782
-0.040002 -12.997533
-0.030002 -9.691307
-0.020002 -6.423835
-0.010002 -3.193936
-0.000002 -0.000516
0.009998 3.157430
0.019998 6.280819
0.029998 9.370478
0.039998 12.427144
0.049998 15.451465
0.059998 18.443998
0.069998 21.405213
0.079998 24.335487
0.089998 27.235104
0.099998 30.104265
0.109998 32.943072
0.119998 35.751545
0.129998 38.529601
0.139998 41.277087
0.149998 43.993736
0.159998 46.679214
0.169998 49.333077
0.179998 51.954808
0.189998 54.543793
0.199998 57.099331
0.209998 59.620636
0.219998 62.106830
0.229998 64.556955
0.239998 66.969960
0.249998 69.344708
0.259998 71.679981
0.269998 73.974478
0.279998 76.226816
0.289998 78.435525
0.299998 80.599051
0.309998 82.715778
0.319998 84.783974
0.329998 86.801875
0.339998 88.767591
0.349998 90.679196
0.359998 92.534667
0.369998 94.331920
0.379998 96.068773
0.389998 97.742997
0.399998 99.352291
0.409998 100.894281
0.419998 102.366514
0.429998 103.766492
0.439998 105.091623
0.449998 106.339285
0.459998 107.506773
0.469998 108.591329
0.479998 109.590137
0.489998 110.500323
0.499998 111.318961
0.509998 112.043067
0.519998 112.669589
0.529998 113.195465
0.539998 113.617557
0.549998 113.932682
0.559998 114.137634
0.569998 114.229142
0.579998 114.203880
0.589998 114.058529
0.599998 113.789697
0.609998 113.393988
0.619998 112.867942
0.629998 112.208085
0.639998 111.410925
0.649998 110.472926
0.659998 109.390528
0.669998 108.160169
0.679998 106.778259
0.689998 105.241181
0.699998 103.545325
0.709998 101.687027
0.719998 99.662663
0.729998 97.468595
0.739998 95.101147
0.749998 92.556671
0.759998 89.831502
0.769998 86.921972
0.779998 83.824442
0.789998 80.535270
0.799998 77.050835
0.809998 73.367473
0.819998 69.481600
0.829998 65.389662
0.839998 61.088026
0.849998 56.573191
0.859998 51.841593
0.869998 46.889774
0.879998 41.714286
0.889998 36.311654
0.899998 30.678546
0.909998 24.811549
0.919998 18.707339
0.929998 12.362682
0.939998 5.774420
0.949998 -1.060780
0.959998 -8.145928
0.969998 -15.484129
0.979998 -23.078379
0.989998 -30.931640
0.999998 -39.046760
1.009998 -47.426676
1.019998 -56.074002
1.029998 -64.991535
1.039998 -74.181796
1.049998 -83.647410
1.059998 -93.390767
1.069998 -103.414307
1.079998 -113.720226
1.089998 -124.310877
1.099998 -135.188145
1.109998 -146.354309
1.119998 -157.811175
1.129998 -169.560589
1.139998 -181.604241
1.149998 -193.943883
1.159998 -206.580888
1.169998 -219.516827
1.179998 -232.752880
1.189998 -246.290283
1.199998 -260.130160
1.209998 -274.273571
1.219998 -288.721061
1.229998 -303.473677
1.239998 -318.531714
1.249997 -333.895912
1.259997 -349.566538
1.269997 -365.543609
1.279997 -381.827474
1.289997 -398.417878
1.299997 -415.314779
1.309997 -432.517700
1.319997 -450.026136
1.329997 -467.839558
1.339997 -485.957228
1.349997 -504.378051
1.359997 -523.101048
1.369997 -542.124875
1.379997 -561.448542
1.389997 -581.069942
1.399997 -600.987647
1.409997 -621.199828
1.419997 -641.704249
1.429997 -662.498870
1.439997 -683.581243
1.449997 -704.948992
1.459997 -726.599083
1.469997 -748.529040
1.479997 -770.735481
1.489997 -793.215213
1.499997 -815.965109
1.509997 -838.981129
1.519997 -862.259787
1.529997 -885.797044
1.539997 -909.588926
1.549997 -933.630537
1.559997 -957.918262
1.569997 -982.446708
1.579997 -1007.211150
1.589997 -1032.206548
1.599997 -1057.427674
1.609997 -1082.869224
1.619997 -1108.525095
1.629997 -1134.389718
1.639997 -1160.456843
1.649997 -1186.720752
1.659997 -1213.174191
1.669997 -1239.811169
1.679997 -1266.624523
1.689997 -1293.607496
1.699997 -1320.752525
1.709997 -1348.052333
1.719997 -1375.499076
1.729997 -1403.085313
1.739997 -1430.802798
1.749997 -1458.643081
1.759997 -1486.597754
1.769997 -1514.658442
1.779997 -1542.816089
1.789997 -1571.061555
1.799997 -1599.385854
1.809997 -1627.779322
1.819997 -1656.232327
1.829997 -1684.735273
1.839997 -1713.277414
1.849997 -1741.848632
1.859997 -1770.438954
1.869997 -1799.037269
1.879997 -1827.632732
1.889997 -1856.214761
1.899997 -1884.771184
1.909997 -1913.291017
1.919997 -1941.763076
1.929997 -1970.174596
1.939997 -1998.513769
1.949997 -2026.768130
1.959997 -2054.926155
1.969997 -2082.973633
1.979997 -2110.899321
1.989997 -2138.688861
1.999997 -2166.329942
2.009997 -2193.808822
2.019997 -2221.111719
2.029997 -2248.224530
2.039997 -2275.134177
2.049997 -2301.825215
2.059997 -2328.284844
2.069997 -2354.497480
2.079997 -2380.448022
2.089997 -2406.122472
2.099997 -2431.505795
2.109997 -2456.581946
2.119997 -2481.336599
2.129997 -2505.752961
2.139997 -2529.816155
2.149997 -2553.510101
2.159997 -2576.818557
2.169997 -2599.725534
2.179997 -2622.214876
2.189997 -2644.268678
2.199997 -2665.871880
2.209997 -2687.006487
2.219997 -2707.656720
2.229997 -2727.804117
2.239997 -2747.432409
2.249997 -2766.523640
2.259997 -2785.060115
2.269997 -2803.024570
2.279997 -2820.399787
2.289997 -2837.166196
2.299997 -2853.307257
2.309997 -2868.804275
2.319997 -2883.638813
2.329997 -2897.792507
2.339997 -2911.246882
2.349997 -2923.983705
2.359997 -2935.983594
2.369997 -2947.228118
2.379997 -2957.698063
2.389997 -2967.374805
2.399997 -2976.239617
2.409997 -2984.272370
2.419997 -2991.454514
2.429996 -2997.766754
2.439996 -3003.189093
2.449996 -3007.702433
2.459996 -3011.287597
2.469996 -3013.924423
2.479996 -3015.593924
2.489996 -3016.276146
2.499996 -3015.950812
2.509996 -3014.599076
2.519996 -3012.200588
2.529996 -3008.735838
2.539996 -3004.184444
2.549996 -2998.527124
2.559996 -2991.743741
2.569996 -2983.814954
2.579996 -2974.719819
2.589996 -2964.439506
2.599996 -2952.952599
2.609996 -2940.240765
2.619996 -2926.283387
2.629996 -2911.061354
2.639996 -2894.553411
2.649996 -2876.740972
2.659996 -2857.603809
2.669996 -2837.122439
2.679996 -2815.276529
2.689996 -2792.047555
2.699996 -2767.415083
2.709996 -2741.359622
2.719996 -2713.861949
2.729996 -2684.902698
2.739996 -2654.462196
2.749996 -2622.522010
2.759996 -2589.062263
2.769996 -2554.064133
2.779996 -2517.508704
2.789996 -2479.377335
2.799996 -2439.651149
2.809996 -2398.311721
2.819996 -2355.339958
2.829996 -2310.718466
2.839996 -2264.428278
2.849996 -2216.451783
2.859996 -2166.770373
2.869996 -2115.367127
2.879996 -2062.224159
2.889996 -2007.323782
2.899996 -1950.648869
2.909996 -1892.182448
2.919996 -1831.907495
2.929996 -1769.807195
2.939996 -1705.865333
2.949996 -1640.064723
2.959996 -1572.390497
2.969996 -1502.826082
2.979996 -1431.355885
2.989996 -1357.964224
2.999996 -1282.636119
