-1.990000 -1100.693870
-1.980000 -1089.859614
-1.970000 -1078.954669
-1.960000 -1067.984336
-1.950000 -1056.953719
-1.940000 -1045.868174
-1.930000 -1034.732517
-1.920000 -1023.552276
-1.910000 -1012.331635
-1.900000 -1001.075721
-1.890000 -989.789344
-1.880000 -978.476998
-1.870000 -967.143087
-1.860000 -955.792510
-1.850000 -944.429086
-1.840000 -933.057424
-1.830000 -921.681695
-1.820000 -910.305802
-1.810000 -898.934035
-1.800000 -887.570183
-1.790000 -876.218065
-1.780000 -864.881411
-1.770000 -853.563866
-1.760000 -842.269165
-1.750000 -831.000840
-1.740000 -819.761913
-1.730000 -808.556042
-1.720000 -797.386318
-1.710000 -786.255925
-1.700000 -775.167842
-1.690000 -764.125206
-1.680000 -753.130885
-1.670000 -742.187424
-1.660000 -731.297887
-1.650000 -720.464710
-1.640000 -709.690611
-1.630000 -698.977799
-1.620000 -688.328888
-1.610000 -677.746167
-1.600000 -667.231723
-1.590000 -656.787807
-1.580000 -646.416588
-1.570000 -636.119733
-1.560000 -625.899559
-1.550000 -615.757575
-1.540000 -605.695702
-1.530000 -595.715539
-1.520000 -585.818794
-1.510000 -576.007039
-1.500000 -566.281527
-1.490000 -556.643745
-1.480000 -547.094923
-1.470001 -537.636584
-1.460001 -528.269515
-1.450001 -518.995038
-1.440001 -509.814285
-1.430001 -500.727804
-1.420001 -491.736957
-1.410001 -482.842402
-1.400001 -474.044793
-1.390001 -465.344991
-1.380001 -456.743464
-1.370001 -448.240917
-1.360001 -439.837844
-1.350001 -431.534648
-1.340001 -423.331824
-1.330001 -415.229598
-1.320001 -407.228319
-1.310001 -399.328161
-1.300001 -391.529332
-1.290001 -383.831867
-1.280001 -376.235956
-1.270001 -368.741499
-1.260001 -361.348497
-1.250001 -354.056897
-1.240001 -346.866512
-1.230001 -339.777138
-1.220001 -332.788496
-1.210001 -325.900489
-1.200001 -319.112694
-1.190001 -312.424671
-1.180001 -305.836111
-1.170001 -299.346578
-1.160001 -292.955543
-1.150001 -286.662466
-1.140001 -280.466827
-1.130001 -274.368068
-1.120001 -268.365435
-1.110001 -262.458386
-1.100001 -256.646237
-1.090001 -250.928193
-1.080001 -245.303485
-1.070001 -239.771422
-1.060001 -234.331098
-1.050001 -228.981770
-1.040001 -223.722563
-1.030001 -218.552550
-1.020001 -213.470839
-1.010001 -208.476515
-1.000001 -203.568694
-0.990001 -198.746243
-0.980001 -194.008373
-0.970001 -189.354017
-0.960001 -184.782126
-0.950001 -180.291759
-0.940001 -175.881777
-0.930001 -171.551214
-0.920001 -167.298972
-0.910001 -163.124018
-0.900001 -159.025213
-0.890001 -155.001556
-0.880001 -151.051911
-0.870001 -147.175195
-0.860001 -143.370334
-0.850001 -139.636195
-0.840001 -135.971723
-0.830001 -132.375785
-0.820001 -128.847307
-0.810001 -125.385191
-0.800001 -121.988358
-0.790001 -118.655721
-0.780001 -115.386208
-0.770001 -112.178714
-0.760001 -109.032214
-0.750001 -105.945631
-0.740001 -102.917937
-0.730001 -99.948097
-0.720001 -97.035065
-0.710001 -94.177861
-0.700001 -91.375487
-0.690001 -88.626961
-0.680001 -85.931298
-0.670001 -83.287576
-0.660001 -80.694865
-0.650001 -78.152242
-0.640001 -75.658833
-0.630001 -73.213755
-0.620001 -70.816167
-0.610001 -68.465248
-0.600001 -66.160165
-0.590001 -63.900182
-0.580001 -61.684505
-0.570001 -59.512428
-0.560001 -57.383238
-0.550001 -55.296264
-0.540001 -53.250859
-0.530001 -51.246397
-0.520001 -49.282290
-0.510001 -47.357980
-0.500001 -45.472932
-0.490001 -43.626648
-0.480001 -41.818654
-0.470001 -40.048528
-0.460001 -38.315865
-0.450001 -36.620286
-0.440001 -34.961457
-0.430001 -33.339093
-0.420002 -31.752916
-0.410002 -30.202693
-0.400002 -28.688246
-0.390002 -27.209406
-0.380002 -25.766055
-0.370002 -24.358111
-0.360002 -22.985532
-0.350002 -21.648306
-0.340002 -20.346470
-0.330002 -19.080087
-0.320002 -17.849276
-0.310002 -16.654174
-0.300002 -15.494981
-0.290002 -14.371916
-0.280002 -13.285253
-0.270002 -12.235293
-0.260002 -11.222392
-0.250002 -10.246934
-0.240002 -9.309350
-0.230002 -8.410110
-0.220002 -7.549725
-0.210002 -6.728748
-0.200002 -5.947771
-0.190002 -5.207428
-0.180002 -4.508392
-0.170002 -3.851379
-0.160002 -3.237147
-0.150002 -2.666490
-0.140002 -2.140246
-0.130002 -1.659293
-0.120002 -1.224548
-0.110002 -0.836969
-0.100002 -0.497555
-0.090002 -0.207343
-0.080002 0.032591
-0.070002 0.221130
-0.060002 0.357120
-0.050002 0.439367
-0.040002 0.466640
-0.030002 0.437669
-0.020002 0.351147
-0.010002 0.205730
-0.000002 0.000038
0.009998 -0.267346
0.019998 -0.597874
0.029998 -0.993035
0.039998 -1.454349
0.049998 -1.983375
0.059998 -2.581702
0.069998 -3.250952
0.079998 -3.992782
0.089998 -4.808879
0.099998 -5.700960
0.109998 -6.670775
0.119998 -7.720103
0.129998 -8.850751
0.139998 -10.064556
0.149998 -11.363380
0.159998 -12.749114
0.169998 -14.223675
0.179998 -15.789004
0.189998 -17.447067
0.199998 -19.199854
0.209998 -21.049377
0.219998 -22.997667
0.229998 -25.046784
0.239998 -27.198799
0.249998 -29.455806
0.259998 -31.819916
0.269998 -34.293257
0.279998 -36.877978
0.289998 -39.576235
0.299998 -42.390202
0.309998 -45.322072
0.319998 -48.374035
0.329998 -51.548304
0.339998 -54.847102
0.349998 -58.272650
0.359998 -61.827189
0.369998 -65.512958
0.379998 -69.332203
0.389998 -73.287172
0.399998 -77.380133
0.409998 -81.613317
0.419998 -85.988994
0.429998 -90.509426
0.439998 -95.176850
0.449998 -99.993521
0.459998 -104.961681
0.469998 -110.083583
0.479998 -115.361433
0.489998 -120.797470
0.499998 -126.393902
0.509998 -132.152961
0.519998 -138.076774
0.529998 -144.167578
0.539998 -150.427483
0.549998 -156.858673
0.559998 -163.463253
0.569998 -170.243340
0.579998 -177.200999
0.589998 -184.338320
0.599998 -191.657321
0.609998 -199.160064
0.619998 -206.848480
0.629998 -214.724560
0.639998 -222.790230
0.649998 -231.047404
0.659998 -239.497928
0.669998 -248.143650
0.679998 -256.986384
0.689998 -266.027889
0.699998 -275.269887
0.709998 -284.714098
0.719998 -294.362105
0.729998 -304.215586
0.739998 -314.276037
0.749998 -324.545027
0.759998 -335.024001
0.769998 -345.714396
0.779998 -356.617577
0.789998 -367.734838
0.799998 -379.067507
0.809998 -390.616794
0.819998 -402.383831
0.829998 -414.369737
0.839998 -426.575530
0.849998 -439.002256
0.859998 -451.650766
0.869998 -464.521985
0.879998 -477.616729
0.889998 -490.935655
0.899998 -504.479542
0.909998 -518.248864
0.919998 -532.244263
0.929998 -546.466119
0.939998 -560.914836
0.949998 -575.590794
0.959998 -590.494202
0.969998 -605.625138
0.979998 -620.983806
0.989998 -636.570179
0.999998 -652.384100
1.009998 -668.425583
1.019998 -684.694203
1.029998 -701.189759
1.039998 -717.911860
1.049998 -734.859927
1.059998 -752.033447
1.069998 -769.431660
1.079998 -787.053931
1.089998 -804.899317
1.099998 -822.966889
1.109998 -841.255682
1.119998 -859.764470
1.129998 -878.491985
1.139998 -897.437026
1.149998 -916.598076
1.159998 -935.973739
1.169998 -955.562237
1.179998 -975.361750
1.189998 -995.370802
1.199998 -1015.587138
1.209998 -1036.008851
1.219998 -1056.633814
1.229998 -1077.459681
1.239998 -1098.484111
1.249997 -1119.704770
1.259997 -1141.118985
1.269997 -1162.723972
1.279997 -1184.517067
1.289997 -1206.495263
1.299997 -1228.655791
1.309997 -1250.995182
1.319997 -1273.510322
1.329997 -1296.197866
1.339997 -1319.054352
1.349997 -1342.076204
1.359997 -1365.259609
1.369997 -1388.600754
1.379997 -1412.095709
1.389997 -1435.740307
1.399997 -1459.530740
1.409997 -1483.462121
1.419997 -1507.530524
1.429997 -1531.731180
1.439997 -1556.059561
1.449997 -1580.510536
1.459997 -1605.079575
1.469997 -1629.761544
1.479997 -1654.551065
1.489997 -1679.443243
1.499997 -1704.432211
1.509997 -1729.512828
1.519997 -1754.679347
1.529997 -1779.926017
1.539997 -1805.246962
1.549997 -1830.635942
1.559997 -1856.087078
1.569997 -1881.593882
1.579997 -1907.150229
1.589997 -1932.749382
1.599997 -1958.384850
1.609997 -1984.049769
1.619997 -2009.737157
1.629997 -2035.440273
1.639997 -2061.152130
1.649997 -2086.864889
1.659997 -2112.571320
1.669997 -2138.264679
1.679997 -2163.936396
1.689997 -2189.579242
1.699997 -2215.185136
1.709997 -2240.746121
1.719997 -2266.254603
1.729997 -2291.701660
1.739997 -2317.079220
1.749997 -2342.379090
1.759997 -2367.592240
1.769997 -2392.710242
1.779997 -2417.724314
1.789997 -2442.625559
1.799997 -2467.404725
1.809997 -2492.052927
1.819997 -2516.560688
1.829997 -2540.918896
1.839997 -2565.118089
1.849997 -2589.148227
1.859997 -2612.999634
1.869997 -2636.663225
1.879997 -2660.128871
1.889997 -2683.385876
1.899997 -2706.424835
1.909997 -2729.234619
1.919997 -2751.806305
1.929997 -2774.128334
1.939997 -2796.190657
1.949997 -2817.982218
1.959997 -2839.493221
1.969997 -2860.711515
1.979997 -2881.627564
1.989997 -2902.229486
1.999997 -2922.506436
2.009997 -2942.447532
2.019997 -2962.040964
2.029997 -2981.275465
2.039997 -3000.140056
2.049997 -3018.622803
2.059997 -3036.712344
2.069997 -3054.396593
2.079997 -3071.664459
2.089997 -3088.503707
2.099997 -3104.902034
2.109997 -3120.848544
2.119997 -3136.330374
2.129997 -3151.335648
2.139997 -3165.852008
2.149997 -3179.867856
2.159997 -3193.369894
2.169997 -3206.346808
2.179997 -3218.785598
2.189997 -3230.673625
2.199997 -3241.998994
2.209997 -3252.748958
2.219997 -3262.910339
2.229997 -3272.471093
2.239997 -3281.418347
2.249997 -3289.739574
2.259997 -3297.421450
2.269997 -3304.451758
2.279997 -3310.817486
2.289997 -3316.505599
2.299997 -3321.503405
2.309997 -3325.798181
2.319997 -3329.376463
2.329997 -3332.225491
2.339997 -3334.332486
2.349997 -3335.684298
2.359997 -3336.267776
2.369997 -3336.070106
2.379997 -3335.078799
2.389997 -3333.279675
2.399997 -3330.660914
2.409997 -3327.209017
2.419997 -3322.910192
2.429996 -3317.752604
2.439996 -3311.723119
2.449996 -3304.808005
2.459996 -3296.995428
2.469996 -3288.271703
2.479996 -3278.623805
2.489996 -3268.039634
2.499996 -3256.505621
2.509996 -3244.009424
2.519996 -3230.537860
2.529996 -3216.078933
2.539996 -3200.618993
2.549996 -3184.146670
2.559996 -3166.648159
2.569996 -3148.111366
2.579996 -3128.523710
2.589996 -3107.873189
2.599996 -3086.147338
2.609996 -3063.334013
2.619996 -3039.420161
2.629996 -3014.394533
2.639996 -2988.244727
2.649996 -2960.959365
2.659996 -2932.525531
2.669996 -2902.932025
2.679996 -2872.167262
2.689996 -2840.219526
2.699996 -2807.077003
2.709996 -2772.728822
2.719996 -2737.163376
2.729996 -2700.369385
2.739996 -2662.335694
2.749996 -2623.051830
2.759996 -2582.506668
2.769996 -2540.689410
2.779996 -2497.589393
2.789996 -2453.196430
2.799996 -2407.500279
2.809996 -2360.490188
2.819996 -2312.156538
2.829996 -2262.489506
2.839996 -2211.479268
2.849996 -2159.116017
2.859996 -2105.390538
2.869996 -2050.293353
2.879996 -1993.815809
2.889996 -1935.948378
2.899996 -1876.682489
2.909996 -1816.009829
2.919996 -1753.921463
2.929996 -1690.409440
2.939996 -1625.465751
2.949996 -1559.082566
2.959996 -1491.251793
2.969996 -1421.966543
2.979996 -1351.218898
2.989996 -1279.002395
2.999996 -1205.309803
