-1.990000 -2460.870055
-1.980000 -2434.151470
-1.970000 -2407.236863
-1.960000 -2380.139579
-1.950000 -2352.872569
-1.940000 -2325.448619
-1.930000 -2297.881030
-1.920000 -2270.181566
-1.910000 -2242.362731
-1.900000 -2214.437318
-1.890000 -2186.417029
-1.880000 -2158.313387
-1.870000 -2130.138668
-1.860000 -2101.903806
-1.850000 -2073.620492
-1.840000 -2045.299770
-1.830000 -2016.952738
-1.820000 -1988.589842
-1.810000 -1960.221816
-1.800000 -1931.859215
-1.790000 -1903.512171
-1.780000 -1875.191110
-1.770000 -1846.905199
-1.760000 -1818.664373
-1.750000 -1790.478625
-1.740000 -1762.356560
-1.730000 -1734.307678
-1.720000 -1706.340932
-1.710000 -1678.464845
-1.700000 -1650.688479
-1.690000 -1623.019377
-1.680000 -1595.466467
-1.670000 -1568.037401
-1.660000 -1540.740128
-1.650000 -1513.582042
-1.640000 -1486.570960
-1.630000 -1459.713782
-1.620000 -1433.017948
-1.610000 -1406.489495
-1.600000 -1380.136345
-1.590000 -1353.964160
-1.580000 -1327.979393
-1.570000 -1302.188064
-1.560000 -1276.596622
-1.550000 -1251.210231
-1.540000 -1226.034726
-1.530000 -1201.075513
-1.520000 -1176.337695
-1.510000 -1151.826559
-1.500000 -1127.546599
-1.490000 -1103.502742
-1.480000 -1079.699365
-1.470001 -1056.140792
-1.460001 -1032.831047
-1.450001 -1009.774219
-1.440001 -986.974102
-1.430001 -964.434252
-1.420001 -942.158055
-1.410001 -920.148723
-1.400001 -898.409538
-1.390001 -876.943252
-1.380001 -855.752628
-1.370001 -834.840383
-1.360001 -814.208706
-1.350001 -793.859926
-1.340001 -773.796203
-1.330001 -754.019659
-1.320001 -734.531658
-1.310001 -715.333766
-1.300001 -696.427922
-1.290001 -677.815024
-1.280001 -659.496406
-1.270001 -641.472957
-1.260001 -623.745532
-1.250001 -606.314839
-1.240001 -589.181438
-1.230001 -572.345687
-1.220001 -555.807917
-1.210001 -539.568143
-1.200001 -523.626415
-1.190001 -507.982589
-1.180001 -492.636213
-1.170001 -477.587100
-1.160001 -462.834479
-1.150001 -448.377844
-1.140001 -434.216169
-1.130001 -420.348638
-1.120001 -406.774256
-1.110001 -393.491685
-1.100001 -380.499745
-1.090001 -367.796865
-1.080001 -355.381684
-1.070001 -343.252408
-1.060001 -331.407397
-1.050001 -319.844586
-1.040001 -308.562229
-1.030001 -297.558211
-1.020001 -286.830210
-1.010001 -276.376120
-1.000001 -266.193479
-0.990001 -256.279782
-0.980001 -246.632535
-0.970001 -237.249102
-0.960001 -228.126710
-0.950001 -219.262502
-0.940001 -210.653638
-0.930001 -202.297158
-0.920001 -194.189917
-0.910001 -186.328828
-0.900001 -178.710692
-0.890001 -171.332148
-0.880001 -164.189930
-0.870001 -157.280613
-0.860001 -150.600732
-0.850001 -144.146690
-0.840001 -137.914926
-0.830001 -131.901775
-0.820001 -126.103566
-0.810001 -120.516483
-0.800001 -115.136733
-0.790001 -109.960495
-0.780001 -104.983839
-0.770001 -100.202860
-0.760001 -95.613566
-0.750001 -91.211914
-0.740001 -86.993873
-0.730001 -82.955353
-0.720001 -79.092263
-0.710001 -75.400454
-0.700001 -71.875743
-0.690001 -68.513955
-0.680001 -65.310901
-0.670001 -62.262350
-0.660001 -59.364031
-0.650001 -56.611731
-0.640001 -54.001157
-0.630001 -51.528036
-0.620001 -49.188109
-0.610001 -46.977091
-0.600001 -44.890672
-0.590001 -42.924592
-0.580001 -41.074548
-0.570001 -39.336280
-0.560001 -37.705508
-0.550001 -36.177964
-0.540001 -34.749401
-0.530001 -33.415590
-0.520001 -32.172302
-0.510001 -31.015342
-0.500001 -29.940502
-0.490001 -28.943642
-0.480001 -28.020617
-0.470001 -27.167309
-0.460001 -26.379630
-0.450001 -25.653531
-0.440001 -24.984988
-0.430001 -24.370006
-0.420002 -23.804624
-0.410002 -23.284931
-0.400002 -22.807046
-0.390002 -22.367129
-0.380002 -21.961380
-0.370002 -21.586055
-0.360002 -21.237442
-0.350002 -20.911888
-0.340002 -20.605779
-0.330002 -20.315562
-0.320002 -20.037727
-0.310002 -19.768831
-0.300002 -19.505471
-0.290002 -19.244316
-0.280002 -18.982080
-0.270002 -18.715551
-0.260002 -18.441569
-0.250002 -18.157042
-0.240002 -17.858937
-0.230002 -17.544292
-0.220002 -17.210208
-0.210002 -16.853860
-0.200002 -16.472487
-0.190002 -16.063399
-0.180002 -15.623981
-0.170002 -15.151686
-0.160002 -14.644044
-0.150002 -14.098663
-0.140002 -13.513221
-0.130002 -12.885475
-0.120002 -12.213263
-0.110002 -11.494497
-0.100002 -10.727172
-0.090002 -9.909361
-0.080002 -9.039221
-0.070002 -8.114988
-0.060002 -7.134982
-0.050002 -6.097608
-0.040002 -5.001352
-0.030002 -3.844785
-0.020002 -2.626566
-0.010002 -1.345435
-0.000002 -0.000224
0.009998 1.410154
0.019998 2.886697
0.029998 4.430315
0.039998 6.041830
0.049998 7.721978
0.059998 9.471406
0.069998 11.290673
0.079998 13.180248
0.089998 15.140513
0.099998 17.171762
0.109998 19.274196
0.119998 21.447934
0.129998 23.692998
0.139998 26.009332
0.149998 28.396783
0.159998 30.855108
0.169998 33.383986
0.179998 35.982994
0.189998 38.651633
0.199998 41.389315
0.209998 44.195358
0.219998 47.068999
0.229998 50.009391
0.239998 53.015590
0.249998 56.086587
0.259998 59.221256
0.269998 62.418422
0.279998 65.676803
0.289998 68.995047
0.299998 72.371713
0.309998 75.805278
0.319998 79.294139
0.329998 82.836619
0.339998 86.430964
0.349998 90.075308
0.359998 93.767761
0.369998 97.506326
0.379998 101.288929
0.389998 105.113421
0.399998 108.977592
0.409998 112.879148
0.419998 116.815747
0.429998 120.784928
0.439998 124.784224
0.449998 128.811024
0.459998 132.862754
0.469998 136.936682
0.479998 141.030041
0.489998 145.140012
0.499998 149.263717
0.509998 153.398212
0.519998 157.540470
0.529998 161.687445
0.539998 165.836030
0.549998 169.983047
0.559998 174.125251
0.569998 178.259409
0.579998 182.382175
0.589998 186.490172
0.599998 190.579992
0.609998 194.648220
0.619998 198.691260
0.629998 202.705647
0.639998 206.687774
0.649998 210.634014
0.659998 214.540741
0.669998 218.404221
0.679998 222.220765
0.689998 225.986633
0.699998 229.698041
0.709998 233.351176
0.719998 236.942203
0.729998 240.467303
0.739998 243.922578
0.749998 247.304153
0.759998 250.608136
0.769998 253.830580
0.779998 256.967610
0.789998 260.015235
0.799998 262.969542
0.809998 265.826548
0.819998 268.582308
0.829998 271.232901
0.839998 273.774315
0.849998 276.202655
0.859998 278.513939
0.869998 280.704193
0.879998 282.769545
0.889998 284.706041
0.899998 286.509810
0.909998 288.176954
0.919998 289.703541
0.929998 291.085807
0.939998 292.319887
0.949998 293.401893
0.959998 294.328212
0.969998 295.095011
0.979998 295.698539
0.989998 296.135180
0.999998 296.401303
1.009998 296.493216
1.019998 296.407445
1.029998 296.140379
1.039998 295.688633
1.049998 295.048716
1.059998 294.217317
1.069998 293.191045
1.079998 291.966642
1.089998 290.540909
1.099998 288.910650
1.109998 287.072813
1.119998 285.024382
1.129998 282.762353
1.139998 280.283842
1.149998 277.586012
1.159998 274.666122
1.169998 271.521508
1.179998 268.149583
1.189998 264.547726
1.199998 260.713622
1.209998 256.644815
1.219998 252.339162
1.229998 247.794204
1.239998 243.008150
1.249997 237.978851
1.259997 232.704386
1.269997 227.182998
1.279997 221.412930
1.289997 215.392641
1.299997 209.120457
1.309997 202.595162
1.319997 195.815290
1.329997 188.779724
1.339997 181.487393
1.349997 173.937282
1.359997 166.128518
1.369997 158.060465
1.379997 149.732393
1.389997 141.143902
1.399997 132.294476
1.409997 123.183927
1.419997 113.812016
1.429997 104.178869
1.439997 94.284560
1.449997 84.129414
1.459997 73.713737
1.469997 63.037874
1.479997 52.102733
1.489997 40.908930
1.499997 29.457649
1.509997 17.749599
1.519997 5.786090
1.529997 -6.431457
1.539997 -18.901508
1.549997 -31.622599
1.559997 -44.592813
1.569997 -57.810330
1.579997 -71.273091
1.589997 -84.978519
1.599997 -98.924774
1.609997 -113.108944
1.619997 -127.528518
1.629997 -142.180704
1.639997 -157.062315
1.649997 -172.170370
1.659997 -187.501489
1.669997 -203.052377
1.679997 -218.819032
1.689997 -234.798085
1.699997 -250.985336
1.709997 -267.376984
1.719997 -283.968357
1.729997 -300.755330
1.739997 -317.733298
1.749997 -334.897251
1.759997 -352.242438
1.769997 -369.764001
1.779997 -387.456437
1.789997 -405.314080
1.799997 -423.332054
1.809997 -441.503945
1.819997 -459.824243
1.829997 -478.286620
1.839997 -496.885056
1.849997 -515.613125
1.859997 -534.464003
1.869997 -553.431285
1.879997 -572.507698
1.889997 -591.686501
1.899997 -610.960382
1.909997 -630.321861
1.919997 -649.763237
1.929997 -669.276761
1.939997 -688.855315
1.949997 -708.489565
1.959997 -728.172177
1.969997 -747.894684
1.979997 -767.648012
1.989997 -787.423988
1.999997 -807.213774
2.009997 -827.007823
2.019997 -846.797125
2.029997 -866.572484
2.039997 -886.324368
2.049997 -906.042763
2.059997 -925.718262
2.069997 -945.341077
2.079997 -964.900199
2.089997 -984.386285
2.099997 -1003.788133
2.109997 -1023.095667
2.119997 -1042.297817
2.129997 -1061.384201
2.139997 -1080.343248
2.149997 -1099.163770
2.159997 -1117.834840
2.169997 -1136.344575
2.179997 -1154.681964
2.189997 -1172.834349
2.199997 -1190.790839
2.209997 -1208.538811
2.219997 -1226.066308
2.229997 -1243.360945
2.239997 -1260.410690
2.249997 -1277.202711
2.259997 -1293.724247
2.269997 -1309.962139
2.279997 -1325.904696
2.289997 -1341.538139
2.299997 -1356.849147
2.309997 -1371.824831
2.319997 -1386.451736
2.329997 -1400.716477
2.339997 -1414.605561
2.349997 -1428.104866
2.359997 -1441.201222
2.369997 -1453.880144
2.379997 -1466.128255
2.389997 -1477.931063
2.399997 -1489.274828
2.409997 -1500.144892
2.419997 -1510.527496
2.429996 -1520.407184
2.439996 -1529.770990
2.449996 -1538.603001
2.459996 -1546.889450
2.469996 -1554.614789
2.479996 -1561.765397
2.489996 -1568.325461
2.499996 -1574.280768
2.509996 -1579.616292
2.519996 -1584.316678
2.529996 -1588.366960
2.539996 -1591.752403
2.549996 -1594.457664
2.559996 -1596.467642
2.569996 -1597.766936
2.579996 -1598.340386
2.589996 -1598.173314
2.599996 -1597.249720
2.609996 -1595.554501
2.619996 -1593.072401
2.629996 -1589.788152
2.639996 -1585.686470
2.649996 -1580.751720
2.659996 -1574.969193
2.669996 -1568.322806
2.679996 -1560.797408
2.689996 -1552.377958
2.699996 -1543.049303
2.709996 -1532.795785
2.719996 -1521.602005
2.729996 -1509.453385
2.739996 -1496.334083
2.749996 -1482.229657
2.759996 -1467.124093
2.769996 -1451.003106
2.779996 -1433.851172
2.789996 -1415.653969
2.799996 -1396.395281
2.809996 -1376.062121
2.819996 -1354.638120
2.829996 -1332.109258
2.839996 -1308.460787
2.849996 -1283.678338
2.859996 -1257.747331
2.869996 -1230.653160
2.879996 -1202.381980
2.889996 -1172.919375
2.899996 -1142.251185
2.909996 -1110.363822
2.919996 -1077.242996
2.929996 -1042.875122
2.939996 -1007.246421
2.949996 -970.344113
2.959996 -932.154174
2.969996 -892.663435
2.979996 -851.859016
2.989996 -809.727851
2.999996 -766.257401
