-1.990000 -1086.107912
-1.980000 -1070.524878
-1.970000 -1054.933344
-1.960000 -1039.340954
-1.950000 -1023.754864
-1.940000 -1008.182878
-1.930000 -992.631292
-1.920000 -977.107845
-1.910000 -961.618645
-1.900000 -946.171084
-1.890000 -930.770563
-1.880000 -915.424817
-1.870000 -900.138944
-1.860000 -884.919575
-1.850000 -869.772200
-1.840000 -854.702802
-1.830000 -839.717279
-1.820000 -824.820727
-1.810000 -810.018035
-1.800000 -795.315421
-1.790000 -780.717239
-1.780000 -766.228282
-1.770000 -751.853376
-1.760000 -737.597021
-1.750000 -723.463865
-1.740000 -709.458113
-1.730000 -695.583640
-1.720000 -681.844597
-1.710000 -668.244987
-1.700000 -654.788127
-1.690000 -641.477671
-1.680000 -628.317129
-1.670000 -615.309685
-1.660000 -602.458443
-1.650000 -589.766363
-1.640000 -577.236264
-1.630000 -564.870888
-1.620000 -552.672711
-1.610000 -540.644197
-1.600000 -528.787547
-1.590000 -517.104950
-1.580000 -505.598334
-1.570000 -494.269558
-1.560000 -483.120282
-1.550000 -472.152463
-1.540000 -461.367257
-1.530000 -450.765869
-1.520000 -440.349685
-1.510000 -430.119899
-1.500000 -420.077335
-1.490000 -410.222757
-1.480000 -400.556952
-1.470001 -391.080467
-1.460001 -381.793789
-1.450001 -372.697224
-1.440001 -363.791110
-1.430001 -355.075339
-1.420001 -346.550049
-1.410001 -338.215023
-1.400001 -330.070116
-1.390001 -322.115070
-1.380001 -314.349307
-1.370001 -306.772206
-1.360001 -299.383219
-1.350001 -292.181514
-1.340001 -285.166249
-1.330001 -278.336480
-1.320001 -271.691077
-1.310001 -265.228932
-1.300001 -258.948753
-1.290001 -252.849157
-1.280001 -246.928785
-1.270001 -241.186074
-1.260001 -235.619430
-1.250001 -230.227089
-1.240001 -225.007317
-1.230001 -219.958185
-1.220001 -215.077770
-1.210001 -210.364101
-1.200001 -205.815044
-1.190001 -201.428363
-1.180001 -197.201895
-1.170001 -193.133235
-1.160001 -189.220108
-1.150001 -185.459978
-1.140001 -181.850454
-1.130001 -178.388764
-1.120001 -175.072464
-1.110001 -171.898722
-1.100001 -168.864885
-1.090001 -165.968121
-1.080001 -163.205550
-1.070001 -160.574297
-1.060001 -158.071463
-1.050001 -155.693973
-1.040001 -153.438844
-1.030001 -151.302995
-1.020001 -149.283285
-1.010001 -147.376532
-1.000001 -145.579705
-0.990001 -143.889428
-0.980001 -142.302502
-0.970001 -140.815673
-0.960001 -139.425612
-0.950001 -138.129038
-0.940001 -136.922528
-0.930001 -135.802736
-0.920001 -134.766347
-0.910001 -133.809885
-0.900001 -132.929980
-0.890001 -132.123179
-0.880001 -131.386021
-0.870001 -130.715155
-0.860001 -130.107036
-0.850001 -129.558256
-0.840001 -129.065360
-0.830001 -128.624893
-0.820001 -128.233403
-0.810001 -127.887441
-0.800001 -127.583613
-0.790001 -127.318418
-0.780001 -127.088501
-0.770001 -126.890388
-0.760001 -126.720727
-0.750001 -126.576161
-0.740001 -126.453308
-0.730001 -126.348827
-0.720001 -126.259381
-0.710001 -126.181755
-0.700001 -126.112581
-0.690001 -126.048695
-0.680001 -125.986865
-0.670001 -125.923891
-0.660001 -125.856652
-0.650001 -125.782024
-0.640001 -125.696938
-0.630001 -125.598361
-0.620001 -125.483275
-0.610001 -125.348718
-0.600001 -125.191792
-0.590001 -125.009630
-0.580001 -124.799397
-0.570001 -124.558303
-0.560001 -124.283634
-0.550001 -123.972700
-0.540001 -123.622881
-0.530001 -123.231606
-0.520001 -122.796356
-0.510001 -122.314656
-0.500001 -121.784106
-0.490001 -121.202349
-0.480001 -120.567119
-0.470001 -119.876171
-0.460001 -119.127341
-0.450001 -118.318540
-0.440001 -117.447719
-0.430001 -116.512920
-0.420002 -115.512251
-0.410002 -114.443852
-0.400002 -113.305971
-0.390002 -112.096922
-0.380002 -110.815070
-0.370002 -109.458863
-0.360002 -108.026835
-0.350002 -106.517580
-0.340002 -104.929769
-0.330002 -103.262139
-0.320002 -101.513533
-0.310002 -99.682842
-0.300002 -97.769046
-0.290002 -95.771201
-0.280002 -93.688464
-0.270002 -91.520035
-0.260002 -89.265220
-0.250002 -86.923391
-0.240002 -84.494022
-0.230002 -81.976652
-0.220002 -79.370910
-0.210002 -76.676512
-0.200002 -73.893246
-0.190002 -71.020995
-0.180002 -68.059723
-0.170002 -65.009470
-0.160002 -61.870375
-0.150002 -58.642657
-0.140002 -55.326615
-0.130002 -51.922636
-0.120002 -48.431196
-0.110002 -44.852855
-0.100002 -41.188255
-0.090002 -37.438127
-0.080002 -33.603284
-0.070002 -29.684625
-0.060002 -25.683140
-0.050002 -21.599898
-0.040002 -17.436054
-0.030002 -13.192849
-0.020002 -8.871607
-0.010002 -4.473737
-0.000002 -0.000733
0.009998 4.545831
0.019998 9.164296
0.029998 13.852920
0.039998 18.609880
0.049998 23.433271
0.059998 28.321108
0.069998 33.271325
0.079998 38.281778
0.089998 43.350240
0.099998 48.474411
0.109998 53.651907
0.119998 58.880273
0.129998 64.156977
0.139998 69.479416
0.149998 74.844898
0.159998 80.250671
0.169998 85.693907
0.179998 91.171699
0.189998 96.681089
0.199998 102.219035
0.209998 107.782425
0.219998 113.368082
0.229998 118.972764
0.239998 124.593178
0.249998 130.225940
0.259998 135.867625
0.269998 141.514732
0.279998 147.163721
0.289998 152.810966
0.299998 158.452830
0.309998 164.085555
0.319998 169.705378
0.329998 175.308448
0.339998 180.890921
0.349998 186.448844
0.359998 191.978234
0.369998 197.475065
0.379998 202.935261
0.389998 208.354728
0.399998 213.729285
0.409998 219.054732
0.419998 224.326856
0.429998 229.541357
0.439998 234.693925
0.449998 239.780270
0.459998 244.795965
0.469998 249.736634
0.479998 254.597844
0.489998 259.375111
0.499998 264.063981
0.509998 268.659994
0.519998 273.158539
0.529998 277.555148
0.539998 281.845203
0.549998 286.024193
0.559998 290.087502
0.569998 294.030569
0.579998 297.848757
0.589998 301.537458
0.599998 305.092093
0.609998 308.508047
0.619998 311.780672
0.629998 314.905390
0.639998 317.877594
0.649998 320.692648
0.659998 323.345995
0.669998 325.833092
0.679998 328.149298
0.689998 330.290096
0.699998 332.250953
0.709998 334.027393
0.719998 335.614885
0.729998 337.008941
0.739998 338.205179
0.749998 339.199168
0.759998 339.986546
0.769998 340.562904
0.779998 340.923992
0.789998 341.065515
0.799998 340.983239
0.809998 340.673018
0.819998 340.130660
0.829998 339.352091
0.839998 338.333238
0.849998 337.070125
0.859998 335.558833
0.869998 333.795452
0.879998 331.776177
0.889998 329.497219
0.899998 326.954897
0.909998 324.145525
0.919998 321.065606
0.929998 317.711615
0.939998 314.080127
0.949998 310.167788
0.959998 305.971374
0.969998 301.487588
0.979998 296.713418
0.989998 291.645756
0.999998 286.281787
1.009998 280.618502
1.019998 274.653237
1.029998 268.383321
1.039998 261.806099
1.049998 254.919221
1.059998 247.720202
1.069998 240.206869
1.079998 232.376885
1.089998 224.228316
1.099998 215.759226
1.109998 206.967656
1.119998 197.852029
1.129998 188.410447
1.139998 178.641729
1.149998 168.544321
1.159998 158.116866
1.169998 147.358356
1.179998 136.267766
1.189998 124.844198
1.199998 113.086827
1.209998 100.995039
1.219998 88.568413
1.229998 75.806400
1.239998 62.708935
1.249997 49.275800
1.259997 35.507118
1.269997 21.403039
1.279997 6.963941
1.289997 -7.809946
1.299997 -22.917660
1.309997 -38.358619
1.319997 -54.131917
1.329997 -70.236555
1.339997 -86.671087
1.349997 -103.434298
1.359997 -120.524849
1.369997 -137.940766
1.379997 -155.680517
1.389997 -173.741510
1.399997 -192.122251
1.409997 -210.820247
1.419997 -229.832839
1.429997 -249.157385
1.439997 -268.791259
1.449997 -288.731364
1.459997 -308.974679
1.469997 -329.517591
1.479997 -350.356982
1.489997 -371.488896
1.499997 -392.909875
1.509997 -414.615556
1.519997 -436.601707
1.529997 -458.864351
1.539997 -481.398661
1.549997 -504.200308
1.559997 -527.263931
1.569997 -550.584663
1.579997 -574.157337
1.589997 -597.976668
1.599997 -622.036950
1.609997 -646.332173
1.619997 -670.856758
1.629997 -695.604458
1.639997 -720.568724
1.649997 -745.743314
1.659997 -771.121681
1.669997 -796.696611
1.679997 -822.461318
1.689997 -848.408590
1.699997 -874.531033
1.709997 -900.820830
1.719997 -927.270467
1.729997 -953.871765
1.739997 -980.616967
1.749997 -1007.497653
1.759997 -1034.505221
1.769997 -1061.631011
1.779997 -1088.866063
1.789997 -1116.201714
1.799997 -1143.628407
1.809997 -1171.136765
1.819997 -1198.717706
1.829997 -1226.361021
1.839997 -1254.056684
1.849997 -1281.794962
1.859997 -1309.565711
1.869997 -1337.358025
1.879997 -1365.161647
1.889997 -1392.965446
1.899997 -1420.758932
1.909997 -1448.530636
1.919997 -1476.269379
1.929997 -1503.963586
1.939997 -1531.601859
1.949997 -1559.171947
1.959997 -1586.662576
1.969997 -1614.060945
1.979997 -1641.355447
1.989997 -1668.532968
1.999997 -1695.581353
2.009997 -1722.487968
2.019997 -1749.239425
2.029997 -1775.822569
2.039997 -1802.224405
2.049997 -1828.431782
2.059997 -1854.431398
2.069997 -1880.208300
2.079997 -1905.750402
2.089997 -1931.042472
2.099997 -1956.070853
2.109997 -1980.821528
2.119997 -2005.280135
2.129997 -2029.431556
2.139997 -2053.261792
2.149997 -2076.755881
2.159997 -2099.899148
2.169997 -2122.675981
2.179997 -2145.071865
2.189997 -2167.071553
2.199997 -2188.659288
2.209997 -2209.819799
2.219997 -2230.537891
2.229997 -2250.796902
2.239997 -2270.582007
2.249997 -2289.876539
2.259997 -2308.665077
2.269997 -2326.931151
2.279997 -2344.658764
2.289997 -2361.832010
2.299997 -2378.433423
2.309997 -2394.447840
2.319997 -2409.858362
2.329997 -2424.647496
2.339997 -2438.799637
2.349997 -2452.297506
2.359997 -2465.124466
2.369997 -2477.263468
2.379997 -2488.698253
2.389997 -2499.410644
2.399997 -2509.384440
2.409997 -2518.602376
2.419997 -2527.046826
2.429996 -2534.701740
2.439996 -2541.548770
2.449996 -2547.571146
2.459996 -2552.751427
2.469996 -2557.072917
2.479996 -2560.516613
2.489996 -2563.067578
2.499996 -2564.706207
2.509996 -2565.417039
2.519996 -2565.181092
2.529996 -2563.981712
2.539996 -2561.801101
2.549996 -2558.623127
2.559996 -2554.428914
2.569996 -2549.201802
2.579996 -2542.924592
2.589996 -2535.579585
2.599996 -2527.149643
2.609996 -2517.617649
2.619996 -2506.966516
2.629996 -2495.178713
2.639996 -2482.237247
2.649996 -2468.125172
2.659996 -2452.825131
2.669996 -2436.320746
2.679996 -2418.594350
2.689996 -2399.630114
2.699996 -2379.410534
2.709996 -2357.919472
2.719996 -2335.139629
2.729996 -2311.055422
2.739996 -2285.649369
2.749996 -2258.906049
2.759996 -2230.808972
2.769996 -2201.342492
2.779996 -2170.489647
2.789996 -2138.235375
2.799996 -2104.563671
2.809996 -2069.458686
2.819996 -2032.905348
2.829996 -1994.888375
2.839996 -1955.392038
2.849996 -1914.401663
2.859996 -1871.902409
2.869996 -1827.879058
2.879996 -1782.317632
2.889996 -1735.203503
2.899996 -1686.522479
2.909996 -1636.260085
2.919996 -1584.402740
2.929996 -1530.936797
2.939996 -1475.848596
2.949996 -1419.125259
2.959996 -1360.752969
2.969996 -1300.719423
2.979996 -1239.011467
2.989996 -1175.617004
2.999996 -1110.523799
