-1.990000 -640.944283
-1.980000 -645.874523
-1.970000 -650.717112
-1.960000 -655.470846
-1.950000 -660.134331
-1.940000 -664.706366
-1.930000 -669.185786
-1.920000 -673.571281
-1.910000 -677.861861
-1.900000 -682.056336
-1.890000 -686.153545
-1.880000 -690.152591
-1.870000 -694.052259
-1.860000 -697.851600
-1.850000 -701.549692
-1.840000 -705.145648
-1.830000 -708.638436
-1.820000 -712.027230
-1.810000 -715.311239
-1.800000 -718.489581
-1.790000 -721.561588
-1.780000 -724.526384
-1.770000 -727.383304
-1.760000 -730.131653
-1.750000 -732.770892
-1.740000 -735.300211
-1.730000 -737.719193
-1.720000 -740.027153
-1.710000 -742.223678
-1.700000 -744.308207
-1.690000 -746.280333
-1.680000 -748.139556
-1.670000 -749.885533
-1.660000 -751.517891
-1.650000 -753.036349
-1.640000 -754.440539
-1.630000 -755.730181
-1.620000 -756.905093
-1.610000 -757.965120
-1.600000 -758.909960
-1.590000 -759.739523
-1.580000 -760.453811
-1.570000 -761.052615
-1.560000 -761.535880
-1.550000 -761.903702
-1.540000 -762.156026
-1.530000 -762.292829
-1.520000 -762.314361
-1.510000 -762.220661
-1.500000 -762.011797
-1.490000 -761.688051
-1.480000 -761.249553
-1.470001 -760.696461
-1.460001 -760.029209
-1.450001 -759.248017
-1.440001 -758.353134
-1.430001 -757.345020
-1.420001 -756.223985
-1.410001 -754.990425
-1.400001 -753.644829
-1.390001 -752.187653
-1.380001 -750.619379
-1.370001 -748.940521
-1.360001 -747.151680
-1.350001 -745.253364
-1.340001 -743.246229
-1.330001 -741.130839
-1.320001 -738.907964
-1.310001 -736.578221
-1.300001 -734.142375
-1.290001 -731.601096
-1.280001 -728.955201
-1.270001 -726.205473
-1.260001 -723.352719
-1.250001 -720.397773
-1.240001 -717.341552
-1.230001 -714.184939
-1.220001 -710.928785
-1.210001 -707.574136
-1.200001 -704.121834
-1.190001 -700.573028
-1.180001 -696.928553
-1.170001 -693.189602
-1.160001 -689.357111
-1.150001 -685.432263
-1.140001 -681.416038
-1.130001 -677.309663
-1.120001 -673.114272
-1.110001 -668.831021
-1.100001 -664.461032
-1.090001 -660.005612
-1.080001 -655.465923
-1.070001 -650.843256
-1.060001 -646.138813
-1.050001 -641.353922
-1.040001 -636.489876
-1.030001 -631.547986
-1.020001 -626.529634
-1.010001 -621.436164
-1.000001 -616.268889
-0.990001 -611.029241
-0.980001 -605.718665
-0.970001 -600.338471
-0.960001 -594.890190
-0.950001 -589.375262
-0.940001 -583.795094
-0.930001 -578.151209
-0.920001 -572.445138
-0.910001 -566.678332
-0.900001 -560.852303
-0.890001 -554.968622
-0.880001 -549.028874
-0.870001 -543.034464
-0.860001 -536.987141
-0.850001 -530.888334
-0.840001 -524.739765
-0.830001 -518.542931
-0.820001 -512.299480
-0.810001 -506.011023
-0.800001 -499.679179
-0.790001 -493.305620
-0.780001 -486.891981
-0.770001 -480.439863
-0.760001 -473.950960
-0.750001 -467.426972
-0.740001 -460.869521
-0.730001 -454.280318
-0.720001 -447.660998
-0.710001 -441.013282
-0.700001 -434.338857
-0.690001 -427.639411
-0.680001 -420.916678
-0.670001 -414.172354
-0.660001 -407.408100
-0.650001 -400.625657
-0.640001 -393.826731
-0.630001 -387.013064
-0.620001 -380.186327
-0.610001 -373.348264
-0.600001 -366.500550
-0.590001 -359.644930
-0.580001 -352.783178
-0.570001 -345.916868
-0.560001 -339.047841
-0.550001 -332.177767
-0.540001 -325.308317
-0.530001 -318.441224
-0.520001 -311.578217
-0.510001 -304.720958
-0.500001 -297.871168
-0.490001 -291.030504
-0.480001 -284.200705
-0.470001 -277.383419
-0.460001 -270.580318
-0.450001 -263.793068
-0.440001 -257.023355
-0.430001 -250.272832
-0.420002 -243.543144
-0.410002 -236.835931
-0.400002 -230.152847
-0.390002 -223.495490
-0.380002 -216.865500
-0.370002 -210.264480
-0.360002 -203.694004
-0.350002 -197.155725
-0.340002 -190.651153
-0.330002 -184.181898
-0.320002 -177.749513
-0.310002 -171.355542
-0.300002 -165.001535
-0.290002 -158.688976
-0.280002 -152.419410
-0.270002 -146.194330
-0.260002 -140.015205
-0.250002 -133.883534
-0.240002 -127.800734
-0.230002 -121.768300
-0.220002 -115.787615
-0.210002 -109.860132
-0.200002 -103.987225
-0.190002 -98.170286
-0.180002 -92.410695
-0.170002 -86.709790
-0.160002 -81.068917
-0.150002 -75.489387
-0.140002 -69.972507
-0.130002 -64.519564
-0.120002 -59.131823
-0.110002 -53.810534
-0.100002 -48.556929
-0.090002 -43.372217
-0.080002 -38.257596
-0.070002 -33.214240
-0.060002 -28.243303
-0.050002 -23.345923
-0.040002 -18.523215
-0.030002 -13.776276
-0.020002 -9.106181
-0.010002 -4.513986
-0.000002 -0.000727
0.009998 4.432585
0.019998 8.784957
0.029998 13.055418
0.039998 17.243018
0.049998 21.346832
0.059998 25.365955
0.069998 29.299506
0.079998 33.146622
0.089998 36.906467
0.099998 40.578231
0.109998 44.161120
0.119998 47.654367
0.129998 51.057226
0.139998 54.368986
0.149998 57.588938
0.159998 60.716418
0.169998 63.750774
0.179998 66.691387
0.189998 69.537645
0.199998 72.288993
0.209998 74.944862
0.219998 77.504735
0.229998 79.968111
0.239998 82.334519
0.249998 84.603507
0.259998 86.774634
0.269998 88.847526
0.279998 90.821792
0.289998 92.697088
0.299998 94.473096
0.309998 96.149517
0.319998 97.726075
0.329998 99.202533
0.339998 100.578655
0.349998 101.854267
0.359998 103.029195
0.369998 104.103296
0.379998 105.076449
0.389998 105.948584
0.399998 106.719610
0.409998 107.389496
0.419998 107.958240
0.429998 108.425865
0.439998 108.792388
0.449998 109.057896
0.459998 109.222473
0.469998 109.286239
0.479998 109.249349
0.489998 109.111961
0.499998 108.874269
0.509998 108.536509
0.519998 108.098929
0.529998 107.561805
0.539998 106.925424
0.549998 106.190121
0.559998 105.356253
0.569998 104.424189
0.579998 103.394336
0.589998 102.267115
0.599998 101.042999
0.609998 99.722444
0.619998 98.305965
0.629998 96.794083
0.639998 95.187364
0.649998 93.486361
0.659998 91.691725
0.669998 89.804040
0.679998 87.823951
0.689998 85.752162
0.699998 83.589368
0.709998 81.336285
0.719998 78.993673
0.729998 76.562275
0.739998 74.042897
0.749998 71.436369
0.759998 68.743524
0.769998 65.965218
0.779998 63.102327
0.789998 60.155774
0.799998 57.126500
0.809998 54.015430
0.819998 50.823573
0.829998 47.551870
0.839998 44.201398
0.849998 40.773141
0.859998 37.268195
0.869998 33.687606
0.879998 30.032513
0.889998 26.304003
0.899998 22.503207
0.909998 18.631346
0.919998 14.689518
0.929998 10.678985
0.939998 6.600929
0.949998 2.456576
0.959998 -1.752804
0.969998 -6.025926
0.979998 -10.361534
0.989998 -14.758306
0.999998 -19.214929
1.009998 -23.730020
1.019998 -28.302283
1.029998 -32.930303
1.039998 -37.612727
1.049998 -42.348134
1.059998 -47.135061
1.069998 -51.972136
1.079998 -56.857893
1.089998 -61.790850
1.099998 -66.769541
1.109998 -71.792483
1.119998 -76.858183
1.129998 -81.965133
1.139998 -87.111702
1.149998 -92.296469
1.159998 -97.517833
1.169998 -102.774184
1.179998 -108.064009
1.189998 -113.385732
1.199998 -118.737707
1.209998 -124.118336
1.219998 -129.526010
1.229998 -134.959112
1.239998 -140.415958
1.249997 -145.894969
1.259997 -151.394445
1.269997 -156.912735
1.279997 -162.448119
1.289997 -167.999049
1.299997 -173.563736
1.309997 -179.140498
1.319997 -184.727711
1.329997 -190.323564
1.339997 -195.926479
1.349997 -201.534637
1.359997 -207.146331
1.369997 -212.759853
1.379997 -218.373547
1.389997 -223.985638
1.399997 -229.594345
1.409997 -235.198006
1.419997 -240.794837
1.429997 -246.383172
1.439997 -251.961162
1.449997 -257.527140
1.459997 -263.079376
1.469997 -268.616141
1.479997 -274.135646
1.489997 -279.636162
1.499997 -285.115963
1.509997 -290.573321
1.519997 -296.006454
1.529997 -301.413637
1.539997 -306.793275
1.549997 -312.143469
1.559997 -317.462567
1.569997 -322.748798
1.579997 -328.000581
1.589997 -333.216033
1.599997 -338.393579
1.609997 -343.531471
1.619997 -348.628024
1.629997 -353.681499
1.639997 -358.690347
1.649997 -363.652661
1.659997 -368.567028
1.669997 -373.431615
1.679997 -378.244844
1.689997 -383.005021
1.699997 -387.710583
1.709997 -392.359917
1.719997 -396.951296
1.729997 -401.483187
1.739997 -405.954006
1.749997 -410.362120
1.759997 -414.706026
1.769997 -418.984114
1.779997 -423.194906
1.789997 -427.336695
1.799997 -431.408148
1.809997 -435.407644
1.819997 -439.333756
1.829997 -443.184832
1.839997 -446.959649
1.849997 -450.656586
1.859997 -454.274270
1.869997 -457.811228
1.879997 -461.266061
1.889997 -464.637441
1.899997 -467.923887
1.909997 -471.124104
1.919997 -474.236700
1.929997 -477.260472
1.939997 -480.193949
1.949997 -483.035905
1.959997 -485.785021
1.969997 -488.440163
1.979997 -490.999991
1.989997 -493.463298
1.999997 -495.828896
2.009997 -498.095642
2.019997 -500.262387
2.029997 -502.327919
2.039997 -504.291132
2.049997 -506.150936
2.059997 -507.906267
2.069997 -509.556132
2.079997 -511.099293
2.089997 -512.534964
2.099997 -513.862162
2.109997 -515.079825
2.119997 -516.186914
2.129997 -517.182621
2.139997 -518.066060
2.149997 -518.836363
2.159997 -519.492688
2.169997 -520.034117
2.179997 -520.459856
2.189997 -520.769236
2.199997 -520.961413
2.209997 -521.035763
2.219997 -520.991397
2.229997 -520.827838
2.239997 -520.544248
2.249997 -520.140104
2.259997 -519.614813
2.269997 -518.967805
2.279997 -518.198446
2.289997 -517.306311
2.299997 -516.290820
2.309997 -515.151511
2.319997 -513.888037
2.329997 -512.499898
2.339997 -510.986712
2.349997 -509.348123
2.359997 -507.583718
2.369997 -505.693282
2.379997 -503.676625
2.389997 -501.533249
2.399997 -499.263185
2.409997 -496.865996
2.419997 -494.341683
2.429996 -491.690031
2.439996 -488.911011
2.449996 -486.004387
2.459996 -482.970267
2.469996 -479.808472
2.479996 -476.519161
2.489996 -473.102143
2.499996 -469.557706
2.509996 -465.885792
2.519996 -462.086523
2.529996 -458.160119
2.539996 -454.106685
2.549996 -449.926428
2.559996 -445.619649
2.569996 -441.186410
2.579996 -436.627268
2.589996 -431.942345
2.599996 -427.132054
2.609996 -422.196710
2.619996 -417.136840
2.629996 -411.952696
2.639996 -406.644861
2.649996 -401.213766
2.659996 -395.659987
2.669996 -389.983959
2.679996 -384.186369
2.689996 -378.267710
2.699996 -372.228722
2.709996 -366.069958
2.719996 -359.792158
2.729996 -353.395987
2.739996 -346.882287
2.749996 -340.251681
2.759996 -333.505065
2.769996 -326.643173
2.779996 -319.666991
2.789996 -312.577224
2.799996 -305.374949
2.809996 -298.060935
2.819996 -290.636264
2.829996 -283.101880
2.839996 -275.458761
2.849996 -267.707982
2.859996 -259.850539
2.869996 -251.887627
2.879996 -243.820262
2.889996 -235.649652
2.899996 -227.376962
2.909996 -219.003270
2.919996 -210.529963
2.929996 -201.958147
2.939996 -193.289166
2.949996 -184.524239
2.959996 -175.664752
2.969996 -166.712017
2.979996 -157.667337
2.989996 -148.532197
2.999996 -139.307927
