-1.990000 1607.179793
-1.980000 1586.372619
-1.970000 1565.438673
-1.960000 1544.387622
-1.950000 1523.229572
-1.940000 1501.973715
-1.930000 1480.630139
-1.920000 1459.207441
-1.910000 1437.715113
-1.900000 1416.162524
-1.890000 1394.558108
-1.880000 1372.910855
-1.870000 1351.229864
-1.860000 1329.522936
-1.850000 1307.799253
-1.840000 1286.066465
-1.830000 1264.333138
-1.820000 1242.607121
-1.810000 1220.896240
-1.800000 1199.208306
-1.790000 1177.550995
-1.780000 1155.931846
-1.770000 1134.358020
-1.760000 1112.836782
-1.750000 1091.375138
-1.740000 1069.980074
-1.730000 1048.658321
-1.720000 1027.416711
-1.710000 1006.261452
-1.700000 985.199221
-1.690000 964.235948
-1.680000 943.377667
-1.670000 922.630879
-1.660000 902.000855
-1.650000 881.493454
-1.640000 861.114275
-1.630000 840.868656
-1.620000 820.761675
-1.610000 800.798638
-1.600000 780.984589
-1.590000 761.324313
-1.580000 741.822337
-1.570000 722.483292
-1.560000 703.311917
-1.550000 684.312084
-1.540000 665.488138
-1.530000 646.844166
-1.520000 628.383878
-1.510000 610.111212
-1.500000 592.029611
-1.490000 574.142747
-1.480000 556.453674
-1.470001 538.966045
-1.460001 521.682650
-1.450001 504.606425
-1.440001 487.740265
-1.430001 471.086909
-1.420001 454.649057
-1.410001 438.428858
-1.400001 422.428821
-1.390001 406.651147
-1.380001 391.097793
-1.370001 375.770894
-1.360001 360.672102
-1.350001 345.803130
-1.340001 331.165688
-1.330001 316.761189
-1.320001 302.590930
-1.310001 288.656208
-1.300001 274.958148
-1.290001 261.497700
-1.280001 248.275644
-1.270001 235.293000
-1.260001 222.550383
-1.250001 210.048215
-1.240001 197.787099
-1.230001 185.767243
-1.220001 173.989010
-1.210001 162.452399
-1.200001 151.157710
-1.190001 140.104599
-1.180001 129.293049
-1.170001 118.722720
-1.160001 108.393316
-1.150001 98.304361
-1.140001 88.455288
-1.130001 78.845492
-1.120001 69.474279
-1.110001 60.340699
-1.100001 51.444021
-1.090001 42.783123
-1.080001 34.356994
-1.070001 26.164509
-1.060001 18.204307
-1.050001 10.475237
-1.040001 2.975807
-1.030001 -4.295445
-1.020001 -11.340002
-1.010001 -18.159576
-1.000001 -24.755730
-0.990001 -31.130302
-0.980001 -37.285119
-0.970001 -43.221996
-0.960001 -48.942930
-0.950001 -54.449938
-0.940001 -59.745074
-0.930001 -64.830475
-0.920001 -69.708297
-0.910001 -74.380815
-0.900001 -78.850329
-0.890001 -83.119145
-0.880001 -87.189701
-0.870001 -91.064424
-0.860001 -94.745789
-0.850001 -98.236358
-0.840001 -101.538671
-0.830001 -104.655408
-0.820001 -107.589154
-0.810001 -110.342644
-0.800001 -112.918603
-0.790001 -115.319790
-0.780001 -117.548996
-0.770001 -119.609066
-0.760001 -121.502805
-0.750001 -123.233156
-0.740001 -124.803000
-0.730001 -126.215262
-0.720001 -127.472890
-0.710001 -128.578871
-0.700001 -129.536182
-0.690001 -130.347833
-0.680001 -131.016852
-0.670001 -131.546260
-0.660001 -131.939107
-0.650001 -132.198446
-0.640001 -132.327353
-0.630001 -132.328878
-0.620001 -132.206117
-0.610001 -131.962126
-0.600001 -131.599992
-0.590001 -131.122797
-0.580001 -130.533624
-0.570001 -129.835536
-0.560001 -129.031607
-0.550001 -128.124897
-0.540001 -127.118474
-0.530001 -126.015363
-0.520001 -124.818606
-0.510001 -123.531236
-0.500001 -122.156251
-0.490001 -120.696649
-0.480001 -119.155396
-0.470001 -117.535468
-0.460001 -115.839774
-0.450001 -114.071268
-0.440001 -112.232817
-0.430001 -110.327315
-0.420002 -108.357579
-0.410002 -106.326453
-0.400002 -104.236726
-0.390002 -102.091146
-0.380002 -99.892456
-0.370002 -97.643367
-0.360002 -95.346522
-0.350002 -93.004587
-0.340002 -90.620139
-0.330002 -88.195749
-0.320002 -85.733943
-0.310002 -83.237206
-0.300002 -80.707994
-0.290002 -78.148715
-0.280002 -75.561731
-0.270002 -72.949366
-0.260002 -70.313900
-0.250002 -67.657565
-0.240002 -64.982557
-0.230002 -62.291021
-0.220002 -59.585059
-0.210002 -56.866707
-0.200002 -54.137977
-0.190002 -51.400817
-0.180002 -48.657121
-0.170002 -45.908748
-0.160002 -43.157483
-0.150002 -40.405082
-0.140002 -37.653232
-0.130002 -34.903571
-0.120002 -32.157682
-0.110002 -29.417087
-0.100002 -26.683267
-0.090002 -23.957631
-0.080002 -21.241538
-0.070002 -18.536294
-0.060002 -15.843140
-0.050002 -13.163262
-0.040002 -10.497788
-0.030002 -7.847788
-0.020002 -5.214269
-0.010002 -2.598183
-0.000002 -0.000420
0.009998 2.578189
0.019998 5.136875
0.029998 7.674927
0.039998 10.191697
0.049998 12.686595
0.059998 15.159095
0.069998 17.608729
0.079998 20.035092
0.089998 22.437838
0.099998 24.816685
0.109998 27.171410
0.119998 29.501848
0.129998 31.807899
0.139998 34.089525
0.149998 36.346744
0.159998 38.579632
0.169998 40.788334
0.179998 42.973045
0.189998 45.134030
0.199998 47.271604
0.209998 49.386145
0.219998 51.478088
0.229998 53.547930
0.239998 55.596223
0.249998 57.623576
0.259998 59.630650
0.269998 61.618175
0.279998 63.586926
0.289998 65.537738
0.299998 67.471504
0.309998 69.389160
0.319998 71.291710
0.329998 73.180197
0.339998 75.055726
0.349998 76.919448
0.359998 78.772571
0.369998 80.616345
0.379998 82.452072
0.389998 84.281113
0.399998 86.104854
0.409998 87.924756
0.419998 89.742296
0.429998 91.559022
0.439998 93.376512
0.449998 95.196387
0.459998 97.020318
0.469998 98.850003
0.479998 100.687199
0.489998 102.533692
0.499998 104.391294
0.509998 106.261892
0.519998 108.147354
0.529998 110.049622
0.539998 111.970674
0.549998 113.912488
0.559998 115.877106
0.569998 117.866576
0.579998 119.883006
0.589998 121.928483
0.599998 124.005178
0.609998 126.115220
0.619998 128.260829
0.629998 130.444215
0.639998 132.667596
0.649998 134.933223
0.659998 137.243379
0.669998 139.600350
0.679998 142.006443
0.689998 144.463952
0.699998 146.975223
0.709998 149.542611
0.719998 152.168433
0.729998 154.855073
0.739998 157.604883
0.749998 160.420238
0.759998 163.303509
0.769998 166.257077
0.779998 169.283316
0.789998 172.384597
0.799998 175.563311
0.809998 178.821812
0.819998 182.162459
0.829998 185.587604
0.839998 189.099613
0.849998 192.700818
0.859998 196.393564
0.869998 200.180111
0.879998 204.062799
0.889998 208.043878
0.899998 212.125652
0.909998 216.310310
0.919998 220.600140
0.929998 224.997234
0.939998 229.503857
0.949998 234.122098
0.959998 238.854119
0.969998 243.701976
0.979998 248.667742
0.989998 253.753384
0.999998 258.960932
1.009998 264.292357
1.019998 269.749540
1.029998 275.334346
1.039998 281.048625
1.049998 286.894186
1.059998 292.872659
1.069998 298.985840
1.079998 305.235369
1.089998 311.622841
1.099998 318.149766
1.109998 324.817688
1.119998 331.627985
1.129998 338.582087
1.139998 345.681258
1.149998 352.926867
1.159998 360.320029
1.169998 367.861909
1.179998 375.553575
1.189998 383.396063
1.199998 391.390281
1.209998 399.537127
1.219998 407.837401
1.229998 416.291858
1.239998 424.901122
1.249997 433.665801
1.259997 442.586311
1.269997 451.663279
1.279997 460.896906
1.289997 470.287485
1.299997 479.835258
1.309997 489.540264
1.319997 499.402518
1.329997 509.422008
1.339997 519.598603
1.349997 529.931936
1.359997 540.421728
1.369997 551.067727
1.379997 561.869113
1.389997 572.825448
1.399997 583.936079
1.409997 595.200138
1.419997 606.616660
1.429997 618.184698
1.439997 629.903087
1.449997 641.770925
1.459997 653.786479
1.469997 665.948642
1.479997 678.255835
1.489997 690.706380
1.499997 703.298486
1.509997 716.030563
1.519997 728.900548
1.529997 741.906387
1.539997 755.045921
1.549997 768.316936
1.559997 781.716745
1.569997 795.243276
1.579997 808.893861
1.589997 822.665712
1.599997 836.555932
1.609997 850.561504
1.619997 864.679543
1.629997 878.906798
1.639997 893.240151
1.649997 907.675751
1.659997 922.210364
1.669997 936.840513
1.679997 951.562114
1.689997 966.371088
1.699997 981.263962
1.709997 996.236294
1.719997 1011.283884
1.729997 1026.402412
1.739997 1041.587075
1.749997 1056.833789
1.759997 1072.137507
1.769997 1087.493302
1.779997 1102.896005
1.789997 1118.341160
1.799997 1133.823114
1.809997 1149.336571
1.819997 1164.875755
1.829997 1180.435597
1.839997 1196.010079
1.849997 1211.593531
1.859997 1227.179576
1.869997 1242.762770
1.879997 1258.336377
1.889997 1273.894588
1.899997 1289.430199
1.909997 1304.937389
1.919997 1320.409064
1.929997 1335.838468
1.939997 1351.218844
1.949997 1366.542858
1.959997 1381.803628
1.969997 1396.994036
1.979997 1412.106177
1.989997 1427.132813
1.999997 1442.066259
2.009997 1456.898963
2.019997 1471.622947
2.029997 1486.229887
2.039997 1500.712192
2.049997 1515.061610
2.059997 1529.269781
2.069997 1543.327913
2.079997 1557.227863
2.089997 1570.961371
2.099997 1584.518799
2.109997 1597.892207
2.119997 1611.072072
2.129997 1624.049610
2.139997 1636.815932
2.149997 1649.361122
2.159997 1661.675994
2.169997 1673.751767
2.179997 1685.578147
2.189997 1697.146056
2.199997 1708.445619
2.209997 1719.466877
2.219997 1730.199976
2.229997 1740.634978
2.239997 1750.761472
2.249997 1760.570115
2.259997 1770.050136
2.269997 1779.191075
2.279997 1787.982770
2.289997 1796.414787
2.299997 1804.476621
2.309997 1812.157149
2.319997 1819.446266
2.329997 1826.333250
2.339997 1832.806780
2.349997 1838.856188
2.359997 1844.470906
2.369997 1849.639267
2.379997 1854.350923
2.389997 1858.593773
2.399997 1862.357351
2.409997 1865.630622
2.419997 1868.401688
2.429996 1870.659746
2.439996 1872.392825
2.449996 1873.590027
2.459996 1874.239781
2.469996 1874.330633
2.479996 1873.850647
2.489996 1872.789059
2.499996 1871.133285
2.509996 1868.872930
2.519996 1865.995521
2.529996 1862.489311
2.539996 1858.343372
2.549996 1853.545491
2.559996 1848.084016
2.569996 1841.947410
2.579996 1835.123605
2.589996 1827.601446
2.599996 1819.368736
2.609996 1810.414057
2.619996 1800.725734
2.629996 1790.291740
2.639996 1779.101140
2.649996 1767.141235
2.659996 1754.401112
2.669996 1740.868943
2.679996 1726.532936
2.689996 1711.381984
2.699996 1695.404349
2.709996 1678.588136
2.719996 1660.922523
2.729996 1642.395597
2.739996 1622.996010
2.749996 1602.712927
2.759996 1581.534697
2.769996 1559.449757
2.779996 1536.447329
2.789996 1512.516322
2.799996 1487.645867
2.809996 1461.824353
2.819996 1435.041389
2.829996 1407.286454
2.839996 1378.547906
2.849996 1348.815837
2.859996 1318.079110
2.869996 1286.327535
2.879996 1253.550723
2.889996 1219.738379
2.899996 1184.880306
2.909996 1148.966185
2.919996 1111.986161
2.929996 1073.930366
2.939996 1034.789142
2.949996 994.552650
2.959996 953.211648
2.969996 910.756295
2.979996 867.177677
2.989996 822.466421
2.999996 776.613617
