-1.990000 2056.256928
-1.980000 2047.987816
-1.970000 2039.447732
-1.960000 2030.642062
-1.950000 2021.575740
-1.940000 2012.253917
-1.930000 2002.681968
-1.920000 1992.865262
-1.910000 1982.808474
-1.900000 1972.517418
-1.890000 1961.996747
-1.880000 1951.251563
-1.870000 1940.287657
-1.860000 1929.109646
-1.850000 1917.722830
-1.840000 1906.132262
-1.830000 1894.343100
-1.820000 1882.360367
-1.810000 1870.189070
-1.800000 1857.834435
-1.790000 1845.301315
-1.780000 1832.594900
-1.770000 1819.720124
-1.760000 1806.681899
-1.750000 1793.485115
-1.740000 1780.134881
-1.730000 1766.635802
-1.720000 1752.993181
-1.710000 1739.211697
-1.700000 1725.296122
-1.690000 1711.251201
-1.680000 1697.081899
-1.670000 1682.792786
-1.660000 1668.388769
-1.650000 1653.874485
-1.640000 1639.254540
-1.630000 1624.533512
-1.620000 1609.716311
-1.610000 1594.807087
-1.600000 1579.810810
-1.590000 1564.731686
-1.580000 1549.574254
-1.570000 1534.343020
-1.560000 1519.042454
-1.550000 1503.676747
-1.540000 1488.250545
-1.530000 1472.767846
-1.520000 1457.232976
-1.510000 1441.650226
-1.500000 1426.023727
-1.490000 1410.357694
-1.480000 1394.656300
-1.470001 1378.923562
-1.460001 1363.163453
-1.450001 1347.379909
-1.440001 1331.577187
-1.430001 1315.758899
-1.420001 1299.929097
-1.410001 1284.091431
-1.400001 1268.249869
-1.390001 1252.408216
-1.380001 1236.569873
-1.370001 1220.738799
-1.360001 1204.918307
-1.350001 1189.112268
-1.340001 1173.324027
-1.330001 1157.557124
-1.320001 1141.815053
-1.310001 1126.101261
-1.300001 1110.418679
-1.290001 1094.771135
-1.280001 1079.161585
-1.270001 1063.593174
-1.260001 1048.069351
-1.250001 1032.592935
-1.240001 1017.167277
-1.230001 1001.795102
-1.220001 986.479434
-1.210001 971.223365
-1.200001 956.029591
-1.190001 940.900936
-1.180001 925.840341
-1.170001 910.850362
-1.160001 895.933784
-1.150001 881.093234
-1.140001 866.331177
-1.130001 851.650195
-1.120001 837.052823
-1.110001 822.541432
-1.100001 808.118401
-1.090001 793.786061
-1.080001 779.546743
-1.070001 765.402625
-1.060001 751.355884
-1.050001 737.408652
-1.040001 723.563062
-1.030001 709.821091
-1.020001 696.184720
-1.010001 682.655982
-1.000001 669.236552
-0.990001 655.928467
-0.980001 642.733354
-0.970001 629.653099
-0.960001 616.689231
-0.950001 603.843484
-0.940001 591.117440
-0.930001 578.512535
-0.920001 566.030352
-0.910001 553.672327
-0.900001 541.439845
-0.890001 529.334149
-0.880001 517.356624
-0.870001 505.508510
-0.860001 493.790953
-0.850001 482.205143
-0.840001 470.752130
-0.830001 459.432964
-0.820001 448.248736
-0.810001 437.200307
-0.800001 426.288586
-0.790001 415.514477
-0.780001 404.878790
-0.770001 394.382249
-0.760001 384.025575
-0.750001 373.809527
-0.740001 363.734647
-0.730001 353.801562
-0.720001 344.010767
-0.710001 334.362797
-0.700001 324.858139
-0.690001 315.497098
-0.680001 306.280075
-0.670001 297.207405
-0.660001 288.279363
-0.650001 279.496141
-0.640001 270.857965
-0.630001 262.364980
-0.620001 254.017291
-0.610001 245.814925
-0.600001 237.757955
-0.590001 229.846345
-0.580001 222.080018
-0.570001 214.458891
-0.560001 206.982810
-0.550001 199.651611
-0.540001 192.465062
-0.530001 185.422939
-0.520001 178.524934
-0.510001 171.770699
-0.500001 165.159882
-0.490001 158.692080
-0.480001 152.366850
-0.470001 146.183704
-0.460001 140.142157
-0.450001 134.241635
-0.440001 128.481585
-0.430001 122.861366
-0.420002 117.380355
-0.410002 112.037858
-0.400002 106.833151
-0.390002 101.765511
-0.380002 96.834151
-0.370002 92.038261
-0.360002 87.377005
-0.350002 82.849524
-0.340002 78.454899
-0.330002 74.192225
-0.320002 70.060536
-0.310002 66.058849
-0.300002 62.186163
-0.290002 58.441430
-0.280002 54.823587
-0.270002 51.331553
-0.260002 47.964204
-0.250002 44.720400
-0.240002 41.598982
-0.230002 38.598758
-0.220002 35.718519
-0.210002 32.957035
-0.200002 30.313040
-0.190002 27.785269
-0.180002 25.372414
-0.170002 23.073161
-0.160002 20.886169
-0.150002 18.810078
-0.140002 16.843513
-0.130002 14.985079
-0.120002 13.233359
-0.110002 11.586925
-0.100002 10.044327
-0.090002 8.604102
-0.080002 7.264772
-0.070002 6.024841
-0.060002 4.882802
-0.050002 3.837129
-0.040002 2.886290
-0.030002 2.028733
-0.020002 1.262897
-0.010002 0.587210
-0.000002 0.000088
0.009998 -0.500064
0.019998 -0.914852
0.029998 -1.245890
0.039998 -1.494800
0.049998 -1.663216
0.059998 -1.752778
0.069998 -1.765131
0.079998 -1.701931
0.089998 -1.564838
0.099998 -1.355519
0.109998 -1.075644
0.119998 -0.726889
0.129998 -0.310936
0.139998 0.170532
0.149998 0.715828
0.159998 1.323264
0.169998 1.991143
0.179998 2.717779
0.189998 3.501469
0.199998 4.340526
0.209998 5.233252
0.219998 6.177949
0.229998 7.172929
0.239998 8.216494
0.249998 9.306961
0.259998 10.442635
0.269998 11.621833
0.279998 12.842878
0.289998 14.104086
0.299998 15.403790
0.309998 16.740321
0.319998 18.112012
0.329998 19.517206
0.339998 20.954257
0.349998 22.421521
0.359998 23.917357
0.369998 25.440135
0.379998 26.988240
0.389998 28.560053
0.399998 30.153972
0.409998 31.768394
0.419998 33.401754
0.429998 35.052460
0.439998 36.718960
0.449998 38.399688
0.459998 40.093110
0.469998 41.797703
0.479998 43.511929
0.489998 45.234297
0.499998 46.963323
0.509998 48.697524
0.519998 50.435423
0.529998 52.175571
0.539998 53.916541
0.549998 55.656903
0.559998 57.395259
0.569998 59.130219
0.579998 60.860391
0.589998 62.584434
0.599998 64.300996
0.609998 66.008762
0.619998 67.706405
0.629998 69.392654
0.639998 71.066224
0.649998 72.725863
0.659998 74.370333
0.669998 75.998426
0.679998 77.608924
0.689998 79.200656
0.699998 80.772451
0.709998 82.323189
0.719998 83.851729
0.729998 85.356970
0.739998 86.837835
0.749998 88.293287
0.759998 89.722239
0.769998 91.123715
0.779998 92.496719
0.789998 93.840233
0.799998 95.153346
0.809998 96.435083
0.819998 97.684600
0.829998 98.900945
0.839998 100.083273
0.849998 101.230742
0.859998 102.342556
0.869998 103.417871
0.879998 104.455937
0.889998 105.456002
0.899998 106.417340
0.909998 107.339246
0.919998 108.221040
0.929998 109.062088
0.939998 109.861685
0.949998 110.619294
0.959998 111.334280
0.969998 112.006132
0.979998 112.634262
0.989998 113.218181
0.999998 113.757349
1.009998 114.251403
1.019998 114.699825
1.029998 115.102225
1.039998 115.458158
1.049998 115.767307
1.059998 116.029358
1.069998 116.243936
1.079998 116.410749
1.089998 116.529578
1.099998 116.600097
1.109998 116.622139
1.119998 116.595479
1.129998 116.519971
1.139998 116.395440
1.149998 116.221796
1.159998 115.998896
1.169998 115.726701
1.179998 115.405129
1.189998 115.034097
1.199998 114.613769
1.209998 114.143968
1.219998 113.624879
1.229998 113.056484
1.239998 112.438960
1.249997 111.772335
1.259997 111.056776
1.269997 110.292413
1.279997 109.479491
1.289997 108.618215
1.299997 107.708757
1.309997 106.751430
1.319997 105.746478
1.329997 104.694170
1.339997 103.594914
1.349997 102.448905
1.359997 101.256655
1.369997 100.018459
1.379997 98.734727
1.389997 97.405944
1.399997 96.032503
1.409997 94.614994
1.419997 93.153697
1.429997 91.649306
1.439997 90.102233
1.449997 88.513120
1.459997 86.882511
1.469997 85.210907
1.479997 83.499070
1.489997 81.747512
1.499997 79.957002
1.509997 78.127997
1.519997 76.261458
1.529997 74.357908
1.539997 72.418131
1.549997 70.442867
1.559997 68.432815
1.569997 66.388750
1.579997 64.311525
1.589997 62.201949
1.599997 60.060848
1.609997 57.889063
1.619997 55.687451
1.629997 53.456762
1.639997 51.198068
1.649997 48.912147
1.659997 46.599978
1.669997 44.262432
1.679997 41.900574
1.689997 39.515181
1.699997 37.107406
1.709997 34.678052
1.719997 32.228237
1.729997 29.758971
1.739997 27.271214
1.749997 24.766060
1.759997 22.244491
1.769997 19.707623
1.779997 17.156461
1.789997 14.592141
1.799997 12.015687
1.809997 9.428137
1.819997 6.830830
1.829997 4.224643
1.839997 1.610815
1.849997 -1.009526
1.859997 -3.635301
1.869997 -6.265542
1.879997 -8.898688
1.889997 -11.533815
1.899997 -14.169760
1.909997 -16.805410
1.919997 -19.439418
1.929997 -22.070719
1.939997 -24.698127
1.949997 -27.320396
1.959997 -29.936447
1.969997 -32.544913
1.979997 -35.144820
1.989997 -37.734684
1.999997 -40.313524
2.009997 -42.880185
2.019997 -45.433241
2.029997 -47.971589
2.039997 -50.494020
2.049997 -52.999211
2.059997 -55.486169
2.069997 -57.953572
2.079997 -60.400209
2.089997 -62.824765
2.099997 -65.226083
2.109997 -67.603221
2.119997 -69.954656
2.129997 -72.279291
2.139997 -74.575876
2.149997 -76.843265
2.159997 -79.080215
2.169997 -81.285789
2.179997 -83.458450
2.189997 -85.597268
2.199997 -87.700820
2.209997 -89.768234
2.219997 -91.798148
2.229997 -93.789358
2.239997 -95.740859
2.249997 -97.651459
2.259997 -99.520168
2.269997 -101.345610
2.279997 -103.126716
2.289997 -104.862514
2.299997 -106.551853
2.309997 -108.193409
2.319997 -109.786417
2.329997 -111.329575
2.339997 -112.822040
2.349997 -114.262621
2.359997 -115.650233
2.369997 -116.983885
2.379997 -118.262598
2.389997 -119.485236
2.399997 -120.651091
2.409997 -121.758886
2.419997 -122.807610
2.429996 -123.796587
2.439996 -124.724746
2.449996 -125.591037
2.459996 -126.394582
2.469996 -127.134591
2.479996 -127.810135
2.489996 -128.420373
2.499996 -128.964260
2.509996 -129.441135
2.519996 -129.849990
2.529996 -130.190261
2.539996 -130.461042
2.549996 -130.661517
2.559996 -130.790889
2.569996 -130.848446
2.579996 -130.833623
2.589996 -130.745411
2.599996 -130.583345
2.609996 -130.346588
2.619996 -130.034518
2.629996 -129.646707
2.639996 -129.182318
2.649996 -128.640726
2.659996 -128.021379
2.669996 -127.323855
2.679996 -126.547469
2.689996 -125.691780
2.699996 -124.756204
2.709996 -123.740337
2.719996 -122.643638
2.729996 -121.465741
2.739996 -120.206199
2.749996 -118.864585
2.759996 -117.440454
2.769996 -115.933743
2.779996 -114.343686
2.789996 -112.670303
2.799996 -110.913105
2.809996 -109.072007
2.819996 -107.146575
2.829996 -105.136721
2.839996 -103.042034
2.849996 -100.862608
2.859996 -98.598151
2.869996 -96.248476
2.879996 -93.813489
2.889996 -91.293147
2.899996 -88.687423
2.909996 -85.996164
2.919996 -83.219367
2.929996 -80.357098
2.939996 -77.409266
2.949996 -74.376079
2.959996 -71.257472
2.969996 -68.053599
2.979996 -64.764565
2.989996 -61.390500
2.999996 -57.931596
