-1.990000 3398.509605
-1.980000 3372.208477
-1.970000 3345.617252
-1.960000 3318.750163
-1.950000 3291.620589
-1.940000 3264.242186
-1.930000 3236.628203
-1.920000 3208.792165
-1.910000 3180.746502
-1.900000 3152.504148
-1.890000 3124.077389
-1.880000 3095.479022
-1.870000 3066.721197
-1.860000 3037.815877
-1.850000 3008.774365
-1.840000 2979.608949
-1.830000 2950.330791
-1.820000 2920.951571
-1.810000 2891.481358
-1.800000 2861.932163
-1.790000 2832.314148
-1.780000 2802.637756
-1.770000 2772.913477
-1.760000 2743.150893
-1.750000 2713.360590
-1.740000 2683.552246
-1.730000 2653.735103
-1.720000 2623.918213
-1.710000 2594.111398
-1.700000 2564.323567
-1.690000 2534.563195
-1.680000 2504.838806
-1.670000 2475.158731
-1.660000 2445.531358
-1.650000 2415.964880
-1.640000 2386.466573
-1.630000 2357.044497
-1.620000 2327.705791
-1.610000 2298.458138
-1.600000 2269.308059
-1.590000 2240.262862
-1.580000 2211.329182
-1.570000 2182.513225
-1.560000 2153.821500
-1.550000 2125.260089
-1.540000 2096.835136
-1.530000 2068.552114
-1.520000 2040.416807
-1.510000 2012.434327
-1.500000 1984.610345
-1.490000 1956.949620
-1.480000 1929.457224
-1.470001 1902.137811
-1.460001 1874.995620
-1.450001 1848.035688
-1.440001 1821.261429
-1.430001 1794.677298
-1.420001 1768.287099
-1.410001 1742.094231
-1.400001 1716.102652
-1.390001 1690.315673
-1.380001 1664.736207
-1.370001 1639.367488
-1.360001 1614.212352
-1.350001 1589.273720
-1.340001 1564.553880
-1.330001 1540.055211
-1.320001 1515.780413
-1.310001 1491.731328
-1.300001 1467.909889
-1.290001 1444.317886
-1.280001 1420.957436
-1.270001 1397.829578
-1.260001 1374.935917
-1.250001 1352.277919
-1.240001 1329.856683
-1.230001 1307.672950
-1.220001 1285.727790
-1.210001 1264.021917
-1.200001 1242.556149
-1.190001 1221.330950
-1.180001 1200.346440
-1.170001 1179.603075
-1.160001 1159.100966
-1.150001 1138.840561
-1.140001 1118.821077
-1.130001 1099.042962
-1.120001 1079.505666
-1.110001 1060.208760
-1.100001 1041.151713
-1.090001 1022.334112
-1.080001 1003.755230
-1.070001 985.414459
-1.060001 967.310457
-1.050001 949.442651
-1.040001 931.809951
-1.030001 914.411182
-1.020001 897.245090
-1.010001 880.310342
-1.000001 863.605734
-0.990001 847.129729
-0.980001 830.880821
-0.970001 814.857386
-0.960001 799.057880
-0.950001 783.480499
-0.940001 768.123472
-0.930001 752.984974
-0.920001 738.063167
-0.910001 723.356016
-0.900001 708.861577
-0.890001 694.577763
-0.880001 680.502488
-0.870001 666.633666
-0.860001 652.969077
-0.850001 639.506509
-0.840001 626.243667
-0.830001 613.178312
-0.820001 600.308083
-0.810001 587.630681
-0.800001 575.143644
-0.790001 562.844619
-0.780001 550.731189
-0.770001 538.800871
-0.760001 527.051253
-0.750001 515.479821
-0.740001 504.084050
-0.730001 492.861530
-0.720001 481.809718
-0.710001 470.926066
-0.700001 460.208026
-0.690001 449.653204
-0.680001 439.258972
-0.670001 429.022865
-0.660001 418.942379
-0.650001 409.015024
-0.640001 399.238241
-0.630001 389.609635
-0.620001 380.126712
-0.610001 370.786999
-0.600001 361.588110
-0.590001 352.527644
-0.580001 343.603189
-0.570001 334.812426
-0.560001 326.152930
-0.550001 317.622534
-0.540001 309.218873
-0.530001 300.939682
-0.520001 292.782855
-0.510001 284.746163
-0.500001 276.827480
-0.490001 269.024691
-0.480001 261.335779
-0.470001 253.758742
-0.460001 246.291591
-0.450001 238.932418
-0.440001 231.679357
-0.430001 224.530594
-0.420002 217.484366
-0.410002 210.538961
-0.400002 203.692673
-0.390002 196.943950
-0.380002 190.291200
-0.370002 183.732971
-0.360002 177.267823
-0.350002 170.894367
-0.340002 164.611301
-0.330002 158.417401
-0.320002 152.311459
-0.310002 146.292374
-0.300002 140.359090
-0.290002 134.510627
-0.280002 128.746075
-0.270002 123.064585
-0.260002 117.465394
-0.250002 111.947777
-0.240002 106.511116
-0.230002 101.154854
-0.220002 95.878503
-0.210002 90.681661
-0.200002 85.563987
-0.190002 80.525224
-0.180002 75.565177
-0.170002 70.683752
-0.160002 65.880908
-0.150002 61.156700
-0.140002 56.511246
-0.130002 51.944747
-0.120002 47.457491
-0.110002 43.049832
-0.100002 38.722204
-0.090002 34.475129
-0.080002 30.309200
-0.070002 26.225089
-0.060002 22.223555
-0.050002 18.305426
-0.040002 14.471616
-0.030002 10.723116
-0.020002 7.060995
-0.010002 3.486400
-0.000002 0.000559
0.009998 -3.395226
0.019998 -6.699571
0.029998 -9.911020
0.039998 -13.028035
0.049998 -16.049004
0.059998 -18.972241
0.069998 -21.795981
0.079998 -24.518388
0.089998 -27.137550
0.099998 -29.651482
0.109998 -32.058128
0.119998 -34.355357
0.129998 -36.540972
0.139998 -38.612704
0.149998 -40.568211
0.159998 -42.405088
0.169998 -44.120861
0.179998 -45.712983
0.189998 -47.178860
0.199998 -48.515814
0.209998 -49.721123
0.219998 -50.791986
0.229998 -51.725556
0.239998 -52.518916
0.249998 -53.169098
0.259998 -53.673078
0.269998 -54.027773
0.279998 -54.230057
0.289998 -54.276733
0.299998 -54.164579
0.309998 -53.890300
0.319998 -53.450572
0.329998 -52.842012
0.339998 -52.061204
0.349998 -51.104682
0.359998 -49.968954
0.369998 -48.650460
0.379998 -47.145644
0.389998 -45.450878
0.399998 -43.562512
0.409998 -41.476888
0.419998 -39.190296
0.429998 -36.698993
0.439998 -33.999235
0.449998 -31.087232
0.459998 -27.959187
0.469998 -24.611287
0.479998 -21.039685
0.489998 -17.240550
0.499998 -13.209982
0.509998 -8.944127
0.519998 -4.439124
0.529998 0.308922
0.539998 5.303925
0.549998 10.549739
0.559998 16.050277
0.569998 21.809418
0.579998 27.831017
0.589998 34.118955
0.599998 40.677116
0.609998 47.509304
0.619998 54.619376
0.629998 62.011135
0.639998 69.688344
0.649998 77.654797
0.659998 85.914225
0.669998 94.470312
0.679998 103.326766
0.689998 112.487204
0.699998 121.955304
0.709998 131.734529
0.719998 141.828434
0.729998 152.240534
0.739998 162.974296
0.749998 174.032972
0.759998 185.419967
0.769998 197.138591
0.779998 209.192012
0.789998 221.583420
0.799998 234.315856
0.809998 247.392428
0.819998 260.815952
0.829998 274.589437
0.839998 288.715689
0.849998 303.197433
0.859998 318.037271
0.869998 333.237764
0.879998 348.801484
0.889998 364.730773
0.899998 381.027979
0.909998 397.695210
0.919998 414.734721
0.929998 432.148423
0.939998 449.938324
0.949998 468.106129
0.959998 486.653682
0.969998 505.582423
0.979998 524.893975
0.989998 544.589547
0.999998 564.670533
1.009998 585.138105
1.019998 605.993109
1.029998 627.236468
1.039998 648.868979
1.049998 670.891096
1.059998 693.303671
1.069998 716.106783
1.079998 739.300691
1.089998 762.885515
1.099998 786.861122
1.109998 811.227452
1.119998 835.983859
1.129998 861.130205
1.139998 886.665428
1.149998 912.588972
1.159998 938.899627
1.169998 965.596633
1.179998 992.678456
1.189998 1020.143451
1.199998 1047.990028
1.209998 1076.216888
1.219998 1104.821421
1.229998 1133.801985
1.239998 1163.155846
1.249997 1192.880783
1.259997 1222.973933
1.269997 1253.432482
1.279997 1284.253436
1.289997 1315.433611
1.299997 1346.969407
1.309997 1378.857501
1.319997 1411.093909
1.329997 1443.674454
1.339997 1476.595475
1.349997 1509.851929
1.359997 1543.439761
1.369997 1577.354008
1.379997 1611.589740
1.389997 1646.141826
1.399997 1681.004451
1.409997 1716.172798
1.419997 1751.640396
1.429997 1787.401534
1.439997 1823.450047
1.449997 1859.779319
1.459997 1896.382523
1.469997 1933.253345
1.479997 1970.384531
1.489997 2007.768854
1.499997 2045.398384
1.509997 2083.265950
1.519997 2121.363674
1.529997 2159.682730
1.539997 2198.215536
1.549997 2236.952824
1.559997 2275.886084
1.569997 2315.006341
1.579997 2354.304397
1.589997 2393.770588
1.599997 2433.395516
1.609997 2473.169074
1.619997 2513.080928
1.629997 2553.121256
1.639997 2593.279036
1.649997 2633.543265
1.659997 2673.903692
1.669997 2714.348138
1.679997 2754.865661
1.689997 2795.444607
1.699997 2836.072617
1.709997 2876.738318
1.719997 2917.428180
1.729997 2958.130866
1.739997 2998.833128
1.749997 3039.521258
1.759997 3080.182292
1.769997 3120.803521
1.779997 3161.370340
1.789997 3201.869604
1.799997 3242.286275
1.809997 3282.606771
1.819997 3322.816574
1.829997 3362.900247
1.839997 3402.843321
1.849997 3442.630171
1.859997 3482.245667
1.869997 3521.674002
1.879997 3560.899860
1.889997 3599.906785
1.899997 3638.678120
1.909997 3677.198625
1.919997 3715.450317
1.929997 3753.417315
1.939997 3791.081710
1.949997 3828.427446
1.959997 3865.436226
1.969997 3902.090695
1.979997 3938.372637
1.989997 3974.264096
1.999997 4009.747379
2.009997 4044.804371
2.019997 4079.415680
2.029997 4113.562849
2.039997 4147.227017
2.049997 4180.389152
2.059997 4213.029618
2.069997 4245.129478
2.079997 4276.669619
2.089997 4307.629485
2.099997 4337.989224
2.109997 4367.728823
2.119997 4396.828121
2.129997 4425.267218
2.139997 4453.024821
2.149997 4480.081151
2.159997 4506.415050
2.169997 4532.004829
2.179997 4556.830289
2.189997 4580.871080
2.199997 4604.104335
2.209997 4626.508675
2.219997 4648.063385
2.229997 4668.746449
2.239997 4688.536138
2.249997 4707.410615
2.259997 4725.347940
2.269997 4742.325326
2.279997 4758.321773
2.289997 4773.314678
2.299997 4787.281369
2.309997 4800.199103
2.319997 4812.046147
2.329997 4822.799959
2.339997 4832.436877
2.349997 4840.934955
2.359997 4848.271813
2.369997 4854.423986
2.379997 4859.368321
2.389997 4863.082971
2.399997 4865.545017
2.409997 4866.730198
2.419997 4866.616220
2.429996 4865.180415
2.439996 4862.399137
2.449996 4858.249687
2.459996 4852.709345
2.469996 4845.754157
2.479996 4837.361115
2.489996 4827.508404
2.499996 4816.171822
2.509996 4803.329265
2.519996 4788.956617
2.529996 4773.031815
2.539996 4755.531403
2.549996 4736.432815
2.559996 4715.713515
2.569996 4693.349417
2.579996 4669.319699
2.589996 4643.600414
2.599996 4616.169278
2.609996 4587.004069
2.619996 4556.081167
2.629996 4523.380953
2.639996 4488.878078
2.649996 4452.552125
2.659996 4414.381307
2.669996 4374.342602
2.679996 4332.415367
2.689996 4288.576866
2.699996 4242.806251
2.709996 4195.081944
2.719996 4145.382526
2.729996 4093.687529
2.739996 4039.975062
2.749996 3984.225348
2.759996 3926.417237
2.769996 3866.529809
2.779996 3804.544108
2.789996 3740.439895
2.799996 3674.195834
2.809996 3605.793822
2.819996 3535.213943
2.829996 3462.436553
2.839996 3387.443447
2.849996 3310.215714
2.859996 3230.734422
2.869996 3148.981463
2.879996 3064.939214
2.889996 2978.589273
2.899996 2889.914532
2.909996 2798.897646
2.919996 2705.521565
2.929996 2609.769743
2.939996 2511.625513
2.949996 2411.073491
2.959996 2308.097403
2.969996 2202.681545
2.979996 2094.811372
2.989996 1984.471348
2.999996 1871.647814
