-1.990000 -1550.742510
-1.980000 -1533.328086
-1.970000 -1515.804883
-1.960000 -1498.180920
-1.950000 -1480.464994
-1.940000 -1462.665222
-1.930000 -1444.789826
-1.920000 -1426.847024
-1.910000 -1408.844798
-1.900000 -1390.791009
-1.890000 -1372.693049
-1.880000 -1354.558880
-1.870000 -1336.396110
-1.860000 -1318.211758
-1.850000 -1300.013300
-1.840000 -1281.807736
-1.830000 -1263.602057
-1.820000 -1245.403128
-1.810000 -1227.217569
-1.800000 -1209.052227
-1.790000 -1190.913468
-1.780000 -1172.807528
-1.770000 -1154.740753
-1.760000 -1136.719244
-1.750000 -1118.748972
-1.740000 -1100.835658
-1.730000 -1082.985137
-1.720000 -1065.202873
-1.710000 -1047.494321
-1.700000 -1029.865052
-1.690000 -1012.320021
-1.680000 -994.864298
-1.670000 -977.502704
-1.660000 -960.240414
-1.650000 -943.081750
-1.640000 -926.031511
-1.630000 -909.093883
-1.620000 -892.273410
-1.610000 -875.574023
-1.600000 -858.999953
-1.590000 -842.554938
-1.580000 -826.242955
-1.570000 -810.067615
-1.560000 -794.032277
-1.550000 -778.140547
-1.540000 -762.395719
-1.530000 -746.800847
-1.520000 -731.358979
-1.510000 -716.073166
-1.500000 -700.946216
-1.490000 -685.980694
-1.480000 -671.179104
-1.470001 -656.543956
-1.460001 -642.077701
-1.450001 -627.782368
-1.440001 -613.660174
-1.430001 -599.712917
-1.420001 -585.942583
-1.410001 -572.351044
-1.400001 -558.939696
-1.390001 -545.710126
-1.380001 -532.663811
-1.370001 -519.801996
-1.360001 -507.125877
-1.350001 -494.636605
-1.340001 -482.334984
-1.330001 -470.222069
-1.320001 -458.298575
-1.310001 -446.565055
-1.300001 -435.022312
-1.290001 -423.670581
-1.280001 -412.510289
-1.270001 -401.541707
-1.260001 -390.765068
-1.250001 -380.180393
-1.240001 -369.787666
-1.230001 -359.586781
-1.220001 -349.577423
-1.210001 -339.759420
-1.200001 -330.132393
-1.190001 -320.695764
-1.180001 -311.449155
-1.170001 -302.391789
-1.160001 -293.522922
-1.150001 -284.841868
-1.140001 -276.347639
-1.130001 -268.039361
-1.120001 -259.915920
-1.110001 -251.976208
-1.100001 -244.219154
-1.090001 -236.643287
-1.080001 -229.247448
-1.070001 -222.030215
-1.060001 -214.990104
-1.050001 -208.125536
-1.040001 -201.434976
-1.030001 -194.916771
-1.020001 -188.569133
-1.010001 -182.390406
-1.000001 -176.378633
-0.990001 -170.531994
-0.980001 -164.848526
-0.970001 -159.326224
-0.960001 -153.963060
-0.950001 -148.756917
-0.940001 -143.705671
-0.930001 -138.807125
-0.920001 -134.059063
-0.910001 -129.459154
-0.900001 -125.005159
-0.890001 -120.694668
-0.880001 -116.525282
-0.870001 -112.494624
-0.860001 -108.600204
-0.850001 -104.839496
-0.840001 -101.210049
-0.830001 -97.709224
-0.820001 -94.334501
-0.810001 -91.083244
-0.800001 -87.952841
-0.790001 -84.940642
-0.780001 -82.043946
-0.770001 -79.260089
-0.760001 -76.586345
-0.750001 -74.019999
-0.740001 -71.558307
-0.730001 -69.198538
-0.720001 -66.937900
-0.710001 -64.773637
-0.700001 -62.702971
-0.690001 -60.723127
-0.680001 -58.831304
-0.670001 -57.024724
-0.660001 -55.300591
-0.650001 -53.656105
-0.640001 -52.088485
-0.630001 -50.594960
-0.620001 -49.172727
-0.610001 -47.819021
-0.600001 -46.531090
-0.590001 -45.306157
-0.580001 -44.141498
-0.570001 -43.034368
-0.560001 -41.982055
-0.550001 -40.981859
-0.540001 -40.031090
-0.530001 -39.127083
-0.520001 -38.267197
-0.510001 -37.448797
-0.500001 -36.669281
-0.490001 -35.926081
-0.480001 -35.216623
-0.470001 -34.538393
-0.460001 -33.888889
-0.450001 -33.265633
-0.440001 -32.666188
-0.430001 -32.088143
-0.420002 -31.529118
-0.410002 -30.986771
-0.400002 -30.458791
-0.390002 -29.942908
-0.380002 -29.436889
-0.370002 -28.938527
-0.360002 -28.445669
-0.350002 -27.956199
-0.340002 -27.468038
-0.330002 -26.979150
-0.320002 -26.487551
-0.310002 -25.991289
-0.300002 -25.488465
-0.290002 -24.977225
-0.280002 -24.455759
-0.270002 -23.922313
-0.260002 -23.375170
-0.250002 -22.812673
-0.240002 -22.233210
-0.230002 -21.635221
-0.220002 -21.017199
-0.210002 -20.377690
-0.200002 -19.715293
-0.190002 -19.028661
-0.180002 -18.316502
-0.170002 -17.577575
-0.160002 -16.810703
-0.150002 -16.014759
-0.140002 -15.188675
-0.130002 -14.331441
-0.120002 -13.442105
-0.110002 -12.519772
-0.100002 -11.563607
-0.090002 -10.572835
-0.080002 -9.546737
-0.070002 -8.484659
-0.060002 -7.386003
-0.050002 -6.250235
-0.040002 -5.076879
-0.030002 -3.865520
-0.020002 -2.615809
-0.010002 -1.327451
-0.000002 -0.000219
0.009998 1.366056
0.019998 2.771480
0.029998 4.216097
0.039998 5.699890
0.049998 7.222779
0.059998 8.784621
0.069998 10.385217
0.079998 12.024297
0.089998 13.701539
0.099998 15.416553
0.109998 17.168890
0.119998 18.958037
0.129998 20.783427
0.139998 22.644427
0.149998 24.540344
0.159998 26.470423
0.169998 28.433854
0.179998 30.429766
0.189998 32.457225
0.199998 34.515243
0.209998 36.602772
0.219998 38.718712
0.229998 40.861890
0.239998 43.031096
0.249998 45.225048
0.259998 47.442419
0.269998 49.681821
0.279998 51.941811
0.289998 54.220901
0.299998 56.517541
0.309998 58.830129
0.319998 61.157021
0.329998 63.496512
0.339998 65.846848
0.349998 68.206224
0.359998 70.572798
0.369998 72.944670
0.379998 75.319898
0.389998 77.696495
0.399998 80.072412
0.409998 82.445578
0.419998 84.813887
0.429998 87.175153
0.439998 89.527180
0.449998 91.867735
0.459998 94.194508
0.469998 96.505204
0.479998 98.797453
0.489998 101.068865
0.499998 103.317008
0.509998 105.539431
0.519998 107.733632
0.529998 109.897089
0.539998 112.027252
0.549998 114.121535
0.559998 116.177324
0.569998 118.192004
0.579998 120.162896
0.589998 122.087319
0.599998 123.962582
0.609998 125.785955
0.619998 127.554689
0.629998 129.266018
0.639998 130.917176
0.649998 132.505364
0.659998 134.027780
0.669998 135.481590
0.679998 136.863979
0.689998 138.172121
0.699998 139.403127
0.709998 140.554196
0.719998 141.622417
0.729998 142.604973
0.739998 143.498987
0.749998 144.301621
0.759998 145.009959
0.769998 145.621187
0.779998 146.132437
0.789998 146.540867
0.799998 146.843643
0.809998 147.037940
0.819998 147.120900
0.829998 147.089766
0.839998 146.941729
0.849998 146.673985
0.859998 146.283849
0.869998 145.768494
0.879998 145.125253
0.889998 144.351425
0.899998 143.444330
0.909998 142.401328
0.919998 141.219817
0.929998 139.897153
0.939998 138.430818
0.949998 136.818279
0.959998 135.057062
0.969998 133.144665
0.979998 131.078737
0.989998 128.856842
0.999998 126.476618
1.009998 123.935865
1.019998 121.232219
1.029998 118.363557
1.039998 115.327697
1.049998 112.122496
1.059998 108.745912
1.069998 105.195944
1.079998 101.470656
1.089998 97.568075
1.099998 93.486501
1.109998 89.223995
1.119998 84.778937
1.129998 80.149631
1.139998 75.334515
1.149998 70.331982
1.159998 65.140642
1.169998 59.759021
1.179998 54.185884
1.189998 48.419927
1.199998 42.460017
1.209998 36.304968
1.219998 29.953769
1.229998 23.405559
1.239998 16.659327
1.249997 9.714342
1.259997 2.569942
1.269997 -4.774582
1.279997 -12.319754
1.289997 -20.065965
1.299997 -28.013638
1.309997 -36.163150
1.319997 -44.514526
1.329997 -53.067929
1.339997 -61.823376
1.349997 -70.780741
1.359997 -79.939924
1.369997 -89.300639
1.379997 -98.862350
1.389997 -108.624783
1.399997 -118.587173
1.409997 -128.749075
1.419997 -139.109459
1.429997 -149.667551
1.439997 -160.422415
1.449997 -171.372856
1.459997 -182.517661
1.469997 -193.855603
1.479997 -205.385253
1.489997 -217.104951
1.499997 -229.013349
1.509997 -241.108262
1.519997 -253.388177
1.529997 -265.850971
1.539997 -278.494508
1.549997 -291.316615
1.559997 -304.315079
1.569997 -317.487264
1.579997 -330.830662
1.589997 -344.342765
1.599997 -358.020584
1.609997 -371.861130
1.619997 -385.861599
1.629997 -400.018576
1.639997 -414.329017
1.649997 -428.789385
1.659997 -443.396085
1.669997 -458.145702
1.679997 -473.034150
1.689997 -488.057888
1.699997 -503.212341
1.709997 -518.494081
1.719997 -533.898224
1.729997 -549.420609
1.739997 -565.056947
1.749997 -580.802103
1.759997 -596.651776
1.769997 -612.600821
1.779997 -628.644206
1.789997 -644.776895
1.799997 -660.993484
1.809997 -677.288446
1.819997 -693.656604
1.829997 -710.092296
1.839997 -726.589266
1.849997 -743.142074
1.859997 -759.744566
1.869997 -776.390467
1.879997 -793.073609
1.889997 -809.787698
1.899997 -826.525970
1.909997 -843.281886
1.919997 -860.048782
1.929997 -876.819642
1.939997 -893.587216
1.949997 -910.344930
1.959997 -927.085064
1.969997 -943.800347
1.979997 -960.483613
1.989997 -977.126679
1.999997 -993.722029
2.009997 -1010.262303
2.019997 -1026.738533
2.029997 -1043.143569
2.039997 -1059.468659
2.049997 -1075.705816
2.059997 -1091.846284
2.069997 -1107.881850
2.079997 -1123.803968
2.089997 -1139.603240
2.099997 -1155.271544
2.109997 -1170.799587
2.119997 -1186.178290
2.129997 -1201.398366
2.139997 -1216.451048
2.149997 -1231.325918
2.159997 -1246.014313
2.169997 -1260.506948
2.179997 -1274.793429
2.189997 -1288.864082
2.199997 -1302.709531
2.209997 -1316.318923
2.219997 -1329.683089
2.229997 -1342.791589
2.239997 -1355.634285
2.249997 -1368.200573
2.259997 -1380.480339
2.269997 -1392.463002
2.279997 -1404.138094
2.289997 -1415.494511
2.299997 -1426.522365
2.309997 -1437.210131
2.319997 -1447.547223
2.329997 -1457.522706
2.339997 -1467.125845
2.349997 -1476.345216
2.359997 -1485.169780
2.369997 -1493.588516
2.379997 -1501.590084
2.389997 -1509.162758
2.399997 -1516.296097
2.409997 -1522.977770
2.419997 -1529.197214
2.429996 -1534.941704
2.439996 -1540.200891
2.449996 -1544.962458
2.459996 -1549.215006
2.469996 -1552.946935
2.479996 -1556.146457
2.489996 -1558.802201
2.499996 -1560.901725
2.509996 -1562.433313
2.519996 -1563.385653
2.529996 -1563.746540
2.539996 -1563.504185
2.549996 -1562.647055
2.559996 -1561.162642
2.569996 -1559.039393
2.579996 -1556.265464
2.589996 -1552.828751
2.599996 -1548.717537
2.609996 -1543.919972
2.619996 -1538.423721
2.629996 -1532.217321
2.639996 -1525.289059
2.649996 -1517.626186
2.659996 -1509.217729
2.669996 -1500.051676
2.679996 -1490.116159
2.689996 -1479.399235
2.699996 -1467.889215
2.709996 -1455.574436
2.719996 -1442.443571
2.729996 -1428.484225
2.739996 -1413.685451
2.749996 -1398.035545
2.759996 -1381.522867
2.769996 -1364.135665
2.779996 -1345.863489
2.789996 -1326.694335
2.799996 -1306.616991
2.809996 -1285.620304
2.819996 -1263.693343
2.829996 -1240.824555
2.839996 -1217.003538
2.849996 -1192.219133
2.859996 -1166.460839
2.869996 -1139.717283
2.879996 -1111.978413
2.889996 -1083.233338
2.899996 -1053.472020
2.909996 -1022.683792
2.919996 -990.858570
2.929996 -957.986051
2.939996 -924.056471
2.949996 -889.059858
2.959996 -852.986553
2.969996 -815.826579
2.979996 -777.570789
2.989996 -738.209568
2.999996 -697.733765
