-1.990000 -2467.969301
-1.980000 -2445.864706
-1.970000 -2423.466801
-1.960000 -2400.786523
-1.950000 -2377.834959
-1.940000 -2354.622664
-1.930000 -2331.160340
-1.920000 -2307.459751
-1.910000 -2283.530752
-1.900000 -2259.384029
-1.890000 -2235.029949
-1.880000 -2210.479723
-1.870000 -2185.742849
-1.860000 -2160.829430
-1.850000 -2135.750410
-1.840000 -2110.515712
-1.830000 -2085.134689
-1.820000 -2059.617541
-1.810000 -2033.974134
-1.800000 -2008.214239
-1.790000 -1982.347052
-1.780000 -1956.381902
-1.770000 -1930.329214
-1.760000 -1904.196918
-1.750000 -1877.995234
-1.740000 -1851.732600
-1.730000 -1825.418064
-1.720000 -1799.060812
-1.710000 -1772.668953
-1.700000 -1746.251940
-1.690000 -1719.817662
-1.680000 -1693.374623
-1.670000 -1666.931216
-1.660000 -1640.495478
-1.650000 -1614.075818
-1.640000 -1587.679802
-1.630000 -1561.315488
-1.620000 -1534.990575
-1.610000 -1508.712524
-1.600000 -1482.489045
-1.590000 -1456.327118
-1.580000 -1430.234461
-1.570000 -1404.218061
-1.560000 -1378.284788
-1.550000 -1352.441633
-1.540000 -1326.695348
-1.530000 -1301.052562
-1.520000 -1275.519782
-1.510000 -1250.103640
-1.500000 -1224.810035
-1.490000 -1199.645597
-1.480000 -1174.615858
-1.470001 -1149.727205
-1.460001 -1124.985167
-1.450001 -1100.395397
-1.440001 -1075.963546
-1.430001 -1051.694898
-1.420001 -1027.595098
-1.410001 -1003.669063
-1.400001 -979.921709
-1.390001 -956.358309
-1.380001 -932.983412
-1.370001 -909.801923
-1.360001 -886.818266
-1.350001 -864.036742
-1.340001 -841.462005
-1.330001 -819.097872
-1.320001 -796.948990
-1.310001 -775.018578
-1.300001 -753.310917
-1.290001 -731.829811
-1.280001 -710.578355
-1.270001 -689.560698
-1.260001 -668.779578
-1.250001 -648.238434
-1.240001 -627.940466
-1.230001 -607.888408
-1.220001 -588.085453
-1.210001 -568.534215
-1.200001 -549.237189
-1.190001 -530.197098
-1.180001 -511.416093
-1.170001 -492.896775
-1.160001 -474.641065
-1.150001 -456.651163
-1.140001 -438.928819
-1.130001 -421.476007
-1.120001 -404.294474
-1.110001 -387.385690
-1.100001 -370.751181
-1.090001 -354.392363
-1.080001 -338.310593
-1.070001 -322.506798
-1.060001 -306.982283
-1.050001 -291.737814
-1.040001 -276.774321
-1.030001 -262.092521
-1.020001 -247.693028
-1.010001 -233.576354
-1.000001 -219.742958
-0.990001 -206.193202
-0.980001 -192.927240
-0.970001 -179.945284
-0.960001 -167.247245
-0.950001 -154.833186
-0.940001 -142.702877
-0.930001 -130.855993
-0.920001 -119.292311
-0.910001 -108.011321
-0.900001 -97.012422
-0.890001 -86.295115
-0.880001 -75.858620
-0.870001 -65.702165
-0.860001 -55.824843
-0.850001 -46.225616
-0.840001 -36.903525
-0.830001 -27.857366
-0.820001 -19.085898
-0.810001 -10.587893
-0.800001 -2.361905
-0.790001 5.593475
-0.780001 13.279845
-0.770001 20.698768
-0.760001 27.851988
-0.750001 34.741197
-0.740001 41.368280
-0.730001 47.735134
-0.720001 53.843679
-0.710001 59.695988
-0.700001 65.294177
-0.690001 70.640407
-0.680001 75.736883
-0.670001 80.585891
-0.660001 85.189815
-0.650001 89.551062
-0.640001 93.672094
-0.630001 97.555431
-0.620001 101.203663
-0.610001 104.619419
-0.600001 107.805360
-0.590001 110.764252
-0.580001 113.498880
-0.570001 116.012063
-0.560001 118.306682
-0.550001 120.385630
-0.540001 122.251916
-0.530001 123.908550
-0.520001 125.358537
-0.510001 126.604997
-0.500001 127.651042
-0.490001 128.499828
-0.480001 129.154575
-0.470001 129.618478
-0.460001 129.894821
-0.450001 129.986890
-0.440001 129.898000
-0.430001 129.631493
-0.420002 129.190739
-0.410002 128.579157
-0.400002 127.800150
-0.390002 126.857147
-0.380002 125.753653
-0.370002 124.493100
-0.360002 123.079031
-0.350002 121.514934
-0.340002 119.804359
-0.330002 117.950826
-0.320002 115.957909
-0.310002 113.829179
-0.300002 111.568193
-0.290002 109.178549
-0.280002 106.663836
-0.270002 104.027639
-0.260002 101.273580
-0.250002 98.405243
-0.240002 95.426233
-0.230002 92.340164
-0.220002 89.150630
-0.210002 85.861236
-0.200002 82.475578
-0.190002 78.997251
-0.180002 75.429838
-0.170002 71.776916
-0.160002 68.042053
-0.150002 64.228811
-0.140002 60.340737
-0.130002 56.381369
-0.120002 52.354227
-0.110002 48.262819
-0.100002 44.110635
-0.090002 39.901152
-0.080002 35.637825
-0.070002 31.324091
-0.060002 26.963366
-0.050002 22.559047
-0.040002 18.114507
-0.030002 13.633095
-0.020002 9.118135
-0.010002 4.572927
-0.000002 0.000745
0.009998 -4.595168
0.019998 -9.211593
0.029998 -13.845345
0.039998 -18.493267
0.049998 -23.152233
0.059998 -27.819150
0.069998 -32.490960
0.079998 -37.164638
0.089998 -41.837191
0.099998 -46.505667
0.109998 -51.167145
0.119998 -55.818750
0.129998 -60.457632
0.139998 -65.080997
0.149998 -69.686077
0.159998 -74.270148
0.169998 -78.830526
0.179998 -83.364576
0.189998 -87.869697
0.199998 -92.343335
0.209998 -96.782984
0.219998 -101.186177
0.229998 -105.550490
0.239998 -109.873555
0.249998 -114.153034
0.259998 -118.386652
0.269998 -122.572171
0.279998 -126.707412
0.289998 -130.790224
0.299998 -134.818535
0.309998 -138.790302
0.319998 -142.703533
0.329998 -146.556285
0.339998 -150.346668
0.349998 -154.072859
0.359998 -157.733049
0.369998 -161.325521
0.379998 -164.848576
0.389998 -168.300605
0.399998 -171.680012
0.409998 -174.985282
0.419998 -178.214926
0.429998 -181.367545
0.439998 -184.441770
0.449998 -187.436273
0.459998 -190.349803
0.469998 -193.181165
0.479998 -195.929206
0.489998 -198.592823
0.499998 -201.170971
0.509998 -203.662683
0.519998 -206.066982
0.529998 -208.383027
0.539998 -210.609986
0.549998 -212.747070
0.559998 -214.793588
0.569998 -216.748873
0.579998 -218.612294
0.589998 -220.383292
0.599998 -222.061411
0.609998 -223.646165
0.619998 -225.137173
0.629998 -226.534088
0.639998 -227.836635
0.649998 -229.044576
0.659998 -230.157724
0.669998 -231.175962
0.679998 -232.099189
0.689998 -232.927394
0.699998 -233.660635
0.709998 -234.298927
0.719998 -234.842451
0.729998 -235.291341
0.739998 -235.645881
0.749998 -235.906303
0.759998 -236.072951
0.769998 -236.146237
0.779998 -236.126562
0.789998 -236.014349
0.799998 -235.810177
0.809998 -235.514611
0.819998 -235.128257
0.829998 -234.651793
0.839998 -234.085921
0.849998 -233.431338
0.859998 -232.688901
0.869998 -231.859492
0.879998 -230.943869
0.889998 -229.943020
0.899998 -228.857953
0.909998 -227.689621
0.919998 -226.439114
0.929998 -225.107442
0.939998 -223.695821
0.949998 -222.205386
0.959998 -220.637335
0.969998 -218.992951
0.979998 -217.273428
0.989998 -215.480121
0.999998 -213.614371
1.009998 -211.677655
1.019998 -209.671237
1.029998 -207.596647
1.039998 -205.455344
1.049998 -203.248867
1.059998 -200.978696
1.069998 -198.646429
1.079998 -196.253655
1.089998 -193.802071
1.099998 -191.293182
1.109998 -188.728805
1.119998 -186.110564
1.129998 -183.440201
1.139998 -180.719428
1.149998 -177.950086
1.159998 -175.133914
1.169998 -172.272659
1.179998 -169.368362
1.189998 -166.422610
1.199998 -163.437426
1.209998 -160.414652
1.219998 -157.356088
1.229998 -154.263807
1.239998 -151.139663
1.249997 -147.985583
1.259997 -144.803503
1.269997 -141.595369
1.279997 -138.363254
1.289997 -135.108946
1.299997 -131.834533
1.309997 -128.541962
1.319997 -125.233306
1.329997 -121.910489
1.339997 -118.575532
1.349997 -115.230366
1.359997 -111.877042
1.369997 -108.517643
1.379997 -105.154129
1.389997 -101.788399
1.399997 -98.422559
1.409997 -95.058470
1.419997 -91.698259
1.429997 -88.343774
1.439997 -84.997191
1.449997 -81.660251
1.459997 -78.335050
1.469997 -75.023372
1.479997 -71.727473
1.489997 -68.448869
1.499997 -65.189700
1.509997 -61.951879
1.519997 -58.737150
1.529997 -55.547487
1.539997 -52.384690
1.549997 -49.250454
1.559997 -46.146845
1.569997 -43.075365
1.579997 -40.038161
1.589997 -37.036507
1.599997 -34.072382
1.609997 -31.147439
1.619997 -28.263395
1.629997 -25.421848
1.639997 -22.624370
1.649997 -19.872446
1.659997 -17.167862
1.669997 -14.511981
1.679997 -11.906377
1.689997 -9.352533
1.699997 -6.851775
1.709997 -4.405518
1.719997 -2.015202
1.729997 0.318040
1.739997 2.592658
1.749997 4.807534
1.759997 6.961406
1.769997 9.053202
1.779997 11.081797
1.789997 13.045962
1.799997 14.944803
1.809997 16.777175
1.819997 18.542212
1.829997 20.238912
1.839997 21.866499
1.849997 23.424092
1.859997 24.910887
1.869997 26.326096
1.879997 27.669157
1.889997 28.939406
1.899997 30.136201
1.909997 31.258981
1.919997 32.307290
1.929997 33.280722
1.939997 34.178868
1.949997 35.001425
1.959997 35.747833
1.969997 36.417956
1.979997 37.012127
1.989997 37.529501
1.999997 37.970716
2.009997 38.334928
2.019997 38.622721
2.029997 38.834388
2.039997 38.969625
2.049997 39.028816
2.059997 39.012158
2.069997 38.920149
2.079997 38.752912
2.089997 38.511248
2.099997 38.195400
2.109997 37.806018
2.119997 37.343499
2.129997 36.809025
2.139997 36.202803
2.149997 35.526133
2.159997 34.779423
2.169997 33.963835
2.179997 33.080313
2.189997 32.129785
2.199997 31.113640
2.209997 30.032906
2.219997 28.888844
2.229997 27.682415
2.239997 26.415345
2.249997 25.089129
2.259997 23.704846
2.269997 22.264469
2.279997 20.769255
2.289997 19.221015
2.299997 17.621367
2.309997 15.972356
2.319997 14.275631
2.329997 12.533066
2.339997 10.746925
2.349997 8.918764
2.359997 7.051097
2.369997 5.145974
2.379997 3.205402
2.389997 1.231772
2.399997 -0.772535
2.409997 -2.805057
2.419997 -4.863359
2.429996 -6.945023
2.439996 -9.047591
2.449996 -11.168404
2.459996 -13.304264
2.469996 -15.453139
2.479996 -17.611705
2.489996 -19.777643
2.499996 -21.947256
2.509996 -24.118360
2.519996 -26.287452
2.529996 -28.451683
2.539996 -30.607861
2.549996 -32.752743
2.559996 -34.883190
2.569996 -36.995690
2.579996 -39.087132
2.589996 -41.154198
2.599996 -43.193137
2.609996 -45.200787
2.619996 -47.173081
2.629996 -49.107210
2.639996 -50.999017
2.649996 -52.845013
2.659996 -54.641424
2.669996 -56.384228
2.679996 -58.069990
2.689996 -59.694817
2.699996 -61.254662
2.709996 -62.745652
2.719996 -64.163570
2.729996 -65.504975
2.739996 -66.765253
2.749996 -67.940675
2.759996 -69.026890
2.769996 -70.019798
2.779996 -70.915260
2.789996 -71.709111
2.799996 -72.396952
2.809996 -72.974639
2.819996 -73.437589
2.829996 -73.781743
2.839996 -74.002769
2.849996 -74.096028
2.859996 -74.057204
2.869996 -73.881839
2.879996 -73.565636
2.889996 -73.103889
2.899996 -72.492149
2.909996 -71.725972
2.919996 -70.800803
2.929996 -69.712014
2.939996 -68.455074
2.949996 -67.025484
2.959996 -65.418587
2.969996 -63.629717
2.979996 -61.654426
2.989996 -59.487997
2.999996 -57.125800
