-1.990000 4302.659488
-1.980000 4266.933116
-1.970000 4230.800174
-1.960000 4194.279211
-1.950000 4157.388574
-1.940000 4120.145953
-1.930000 4082.569285
-1.920000 4044.676300
-1.910000 4006.484061
-1.900000 3968.010335
-1.890000 3929.271298
-1.880000 3890.284755
-1.870000 3851.066913
-1.860000 3811.633518
-1.850000 3772.001498
-1.840000 3732.186629
-1.830000 3692.203754
-1.820000 3652.069138
-1.810000 3611.798119
-1.800000 3571.405333
-1.790000 3530.905186
-1.780000 3490.313044
-1.770000 3449.642857
-1.760000 3408.908580
-1.750000 3368.124414
-1.740000 3327.303370
-1.730000 3286.459428
-1.720000 3245.605372
-1.710000 3204.754474
-1.700000 3163.919292
-1.690000 3123.112389
-1.680000 3082.345609
-1.670000 3041.631046
-1.660000 3000.981044
-1.650000 2960.406254
-1.640000 2919.918306
-1.630000 2879.528353
-1.620000 2839.247068
-1.610000 2799.085377
-1.600000 2759.053240
-1.590000 2719.160624
-1.580000 2679.417508
-1.570000 2639.833881
-1.560000 2600.418764
-1.550000 2561.181436
-1.540000 2522.130942
-1.530000 2483.275853
-1.520000 2444.624997
-1.510000 2406.185994
-1.500000 2367.967213
-1.490000 2329.976548
-1.480000 2292.221426
-1.470001 2254.708802
-1.460001 2217.446621
-1.450001 2180.441146
-1.440001 2143.699149
-1.430001 2107.227177
-1.420001 2071.031314
-1.410001 2035.117670
-1.400001 1999.492014
-1.390001 1964.159661
-1.380001 1929.126428
-1.370001 1894.397204
-1.360001 1859.976784
-1.350001 1825.870230
-1.340001 1792.081683
-1.330001 1758.615673
-1.320001 1725.476285
-1.310001 1692.667404
-1.300001 1660.192595
-1.290001 1628.055577
-1.280001 1596.259522
-1.270001 1564.807406
-1.260001 1533.702363
-1.250001 1502.946987
-1.240001 1472.543914
-1.230001 1442.495479
-1.220001 1412.803604
-1.210001 1383.470603
-1.200001 1354.498150
-1.190001 1325.887858
-1.180001 1297.641164
-1.170001 1269.759335
-1.160001 1242.243577
-1.150001 1215.094595
-1.140001 1188.313486
-1.130001 1161.900627
-1.120001 1135.856569
-1.110001 1110.181486
-1.100001 1084.875722
-1.090001 1059.939145
-1.080001 1035.371472
-1.070001 1011.172706
-1.060001 987.342058
-1.050001 963.879135
-1.040001 940.783191
-1.030001 918.053239
-1.020001 895.688369
-1.010001 873.687538
-1.000001 852.049163
-0.990001 830.772154
-0.980001 809.854991
-0.970001 789.295830
-0.960001 769.093218
-0.950001 749.245035
-0.940001 729.749450
-0.930001 710.604278
-0.920001 691.807521
-0.910001 673.356738
-0.900001 655.249585
-0.890001 637.483572
-0.880001 620.056118
-0.870001 602.964644
-0.860001 586.206295
-0.850001 569.778321
-0.840001 553.677796
-0.830001 537.901624
-0.820001 522.446861
-0.810001 507.310312
-0.800001 492.488753
-0.790001 477.978898
-0.780001 463.777480
-0.770001 449.880959
-0.760001 436.285992
-0.750001 422.989052
-0.740001 409.986521
-0.730001 397.274772
-0.720001 384.850214
-0.710001 372.709050
-0.700001 360.847603
-0.690001 349.262078
-0.680001 337.948645
-0.670001 326.903405
-0.660001 316.122544
-0.650001 305.602107
-0.640001 295.338155
-0.630001 285.326762
-0.620001 275.563987
-0.610001 266.045796
-0.600001 256.768185
-0.590001 247.727170
-0.580001 238.918694
-0.570001 230.338794
-0.560001 221.983438
-0.550001 213.848532
-0.540001 205.930144
-0.530001 198.224189
-0.520001 190.726686
-0.510001 183.433662
-0.500001 176.341128
-0.490001 169.445080
-0.480001 162.741592
-0.470001 156.226757
-0.460001 149.896621
-0.450001 143.747337
-0.440001 137.775032
-0.430001 131.975916
-0.420002 126.346150
-0.410002 120.881997
-0.400002 115.579729
-0.390002 110.435680
-0.380002 105.446188
-0.370002 100.607648
-0.360002 95.916508
-0.350002 91.369265
-0.340002 86.962441
-0.330002 82.692639
-0.320002 78.556495
-0.310002 74.550699
-0.300002 70.671997
-0.290002 66.917205
-0.280002 63.283186
-0.270002 59.766863
-0.260002 56.365231
-0.250002 53.075344
-0.240002 49.894311
-0.230002 46.819330
-0.220002 43.847646
-0.210002 40.976594
-0.200002 38.203568
-0.190002 35.526033
-0.180002 32.941535
-0.170002 30.447693
-0.160002 28.042197
-0.150002 25.722824
-0.140002 23.487421
-0.130002 21.333918
-0.120002 19.260330
-0.110002 17.264745
-0.100002 15.345341
-0.090002 13.500374
-0.080002 11.728186
-0.070002 10.027205
-0.060002 8.395945
-0.050002 6.833004
-0.040002 5.337070
-0.030002 3.906916
-0.020002 2.541404
-0.010002 1.239484
-0.000002 0.000196
0.009998 -1.177330
0.019998 -2.293878
0.029998 -3.350137
0.039998 -4.346711
0.049998 -5.284108
0.059998 -6.162751
0.069998 -6.982970
0.079998 -7.745003
0.089998 -8.449000
0.099998 -9.095018
0.109998 -9.683026
0.119998 -10.212900
0.129998 -10.684430
0.139998 -11.097314
0.149998 -11.451158
0.159998 -11.745484
0.169998 -11.979719
0.179998 -12.153207
0.189998 -12.265206
0.199998 -12.314879
0.209998 -12.301309
0.219998 -12.223489
0.229998 -12.080333
0.239998 -11.870662
0.249998 -11.593221
0.259998 -11.246666
0.269998 -10.829577
0.279998 -10.340447
0.289998 -9.777695
0.299998 -9.139655
0.309998 -8.424586
0.319998 -7.630671
0.329998 -6.756017
0.339998 -5.798652
0.349998 -4.756539
0.359998 -3.627568
0.369998 -2.409547
0.379998 -1.100226
0.389998 0.302718
0.399998 1.801665
0.409998 3.399077
0.419998 5.097459
0.429998 6.899397
0.439998 8.807528
0.449998 10.824533
0.459998 12.953184
0.469998 15.196266
0.479998 17.556659
0.489998 20.037273
0.499998 22.641062
0.509998 25.371049
0.519998 28.230263
0.529998 31.221817
0.539998 34.348849
0.549998 37.614538
0.559998 41.022098
0.569998 44.574791
0.579998 48.275891
0.589998 52.128724
0.599998 56.136642
0.609998 60.303000
0.619998 64.631212
0.629998 69.124678
0.639998 73.786862
0.649998 78.621203
0.659998 83.631180
0.669998 88.820288
0.679998 94.191990
0.689998 99.749818
0.699998 105.497270
0.709998 111.437885
0.719998 117.575145
0.729998 123.912548
0.739998 130.453629
0.749998 137.201895
0.759998 144.160803
0.769998 151.333837
0.779998 158.724489
0.789998 166.336169
0.799998 174.172287
0.809998 182.236275
0.819998 190.531528
0.829998 199.061334
0.839998 207.829074
0.849998 216.837949
0.859998 226.091210
0.869998 235.592167
0.879998 245.343898
0.889998 255.349532
0.899998 265.612148
0.909998 276.134778
0.919998 286.920300
0.929998 297.971781
0.939998 309.291937
0.949998 320.883617
0.959998 332.749556
0.969998 344.892425
0.979998 357.314771
0.989998 370.019070
0.999998 383.007822
1.009998 396.283399
1.019998 409.848093
1.029998 423.703954
1.039998 437.853362
1.049998 452.298033
1.059998 467.040116
1.069998 482.081348
1.079998 497.423473
1.089998 513.068136
1.099998 529.016877
1.109998 545.271077
1.119998 561.832061
1.129998 578.701045
1.139998 595.879238
1.149998 613.367403
1.159998 631.166347
1.169998 649.277092
1.179998 667.700085
1.189998 686.435875
1.199998 705.484593
1.209998 724.846694
1.219998 744.522156
1.229998 764.510876
1.239998 784.812669
1.249997 805.427321
1.259997 826.354244
1.269997 847.592876
1.279997 869.142391
1.289997 891.001688
1.299997 913.169985
1.309997 935.645697
1.319997 958.427902
1.329997 981.514575
1.339997 1004.903999
1.349997 1028.594648
1.359997 1052.584234
1.369997 1076.870539
1.379997 1101.451169
1.389997 1126.323561
1.399997 1151.484733
1.409997 1176.932126
1.419997 1202.662522
1.429997 1228.672278
1.439997 1254.958415
1.449997 1281.517041
1.459997 1308.344323
1.469997 1335.436235
1.479997 1362.788563
1.489997 1390.396781
1.499997 1418.256410
1.509997 1446.362655
1.519997 1474.710284
1.529997 1503.294596
1.539997 1532.109714
1.549997 1561.150053
1.559997 1590.410065
1.569997 1619.883394
1.579997 1649.564330
1.589997 1679.446107
1.599997 1709.521994
1.609997 1739.785544
1.619997 1770.229733
1.629997 1800.846719
1.639997 1831.629793
1.649997 1862.570936
1.659997 1893.661921
1.669997 1924.895279
1.679997 1956.262600
1.689997 1987.754778
1.699997 2019.363703
1.709997 2051.080326
1.719997 2082.895382
1.729997 2114.799635
1.739997 2146.783632
1.749997 2178.836982
1.759997 2210.949806
1.769997 2243.112724
1.779997 2275.314225
1.789997 2307.544020
1.799997 2339.791604
1.809997 2372.045540
1.819997 2404.294419
1.829997 2436.526617
1.839997 2468.731005
1.849997 2500.895529
1.859997 2533.007223
1.869997 2565.054549
1.879997 2597.024821
1.889997 2628.904678
1.899997 2660.682174
1.909997 2692.343068
1.919997 2723.874073
1.929997 2755.262149
1.939997 2786.493362
1.949997 2817.552891
1.959997 2848.427306
1.969997 2879.101840
1.979997 2909.561975
1.989997 2939.792772
1.999997 2969.779760
2.009997 2999.506770
2.019997 3028.958827
2.029997 3058.119834
2.039997 3086.974762
2.049997 3115.507507
2.059997 3143.701353
2.069997 3171.540264
2.079997 3199.007805
2.089997 3226.087141
2.099997 3252.761054
2.109997 3279.012994
2.119997 3304.825183
2.129997 3330.180098
2.139997 3355.061078
2.149997 3379.449639
2.159997 3403.326947
2.169997 3426.676654
2.179997 3449.479603
2.189997 3471.717900
2.199997 3493.372498
2.209997 3514.424604
2.219997 3534.855674
2.229997 3554.646240
2.239997 3573.778239
2.249997 3592.231541
2.259997 3609.986286
2.269997 3627.024369
2.279997 3643.325290
2.289997 3658.868452
2.299997 3673.635719
2.309997 3687.605893
2.319997 3700.759134
2.329997 3713.075488
2.339997 3724.533832
2.349997 3735.114366
2.359997 3744.796826
2.369997 3753.559824
2.379997 3761.382591
2.389997 3768.245947
2.399997 3774.126934
2.409997 3779.005876
2.419997 3782.861358
2.429996 3785.672237
2.439996 3787.417943
2.449996 3788.076890
2.459996 3787.626846
2.469996 3786.048616
2.479996 3783.319564
2.489996 3779.418264
2.499996 3774.323557
2.509996 3768.013666
2.519996 3760.467950
2.529996 3751.664868
2.539996 3741.581763
2.549996 3730.198493
2.559996 3717.493226
2.569996 3703.443363
2.579996 3688.029246
2.589996 3671.228303
2.599996 3653.019817
2.609996 3633.381068
2.619996 3612.292378
2.629996 3589.731360
2.639996 3565.676681
2.649996 3540.107063
2.659996 3513.002866
2.669996 3484.341067
2.679996 3454.101027
2.689996 3422.262148
2.699996 3388.803460
2.709996 3353.703674
2.719996 3316.942626
2.729996 3278.499421
2.739996 3238.353284
2.749996 3196.485064
2.759996 3152.872327
2.769996 3107.496152
2.779996 3060.336934
2.789996 3011.373465
2.799996 2960.586772
2.809996 2907.956669
2.819996 2853.464106
2.829996 2797.089839
2.839996 2738.814776
2.849996 2678.618573
2.859996 2616.483955
2.869996 2552.391789
2.879996 2486.323449
2.889996 2418.260769
2.899996 2348.185304
2.909996 2276.080001
2.919996 2201.926606
2.929996 2125.708007
2.939996 2047.406485
2.949996 1967.005588
2.959996 1884.489012
2.969996 1799.839277
2.979996 1713.040632
2.989996 1624.077492
2.999996 1532.933627
