-1.990000 1590.573554
-1.980000 1577.246508
-1.970000 1563.731123
-1.960000 1550.034213
-1.950000 1536.161979
-1.940000 1522.121591
-1.930000 1507.919265
-1.920000 1493.561621
-1.910000 1479.055116
-1.900000 1464.406038
-1.890000 1449.620969
-1.880000 1434.705978
-1.870000 1419.667306
-1.860000 1404.511260
-1.850000 1389.243972
-1.840000 1373.871285
-1.830000 1358.399571
-1.820000 1342.834554
-1.810000 1327.182138
-1.800000 1311.448402
-1.790000 1295.638653
-1.780000 1279.759088
-1.770000 1263.815251
-1.760000 1247.812378
-1.750000 1231.756486
-1.740000 1215.652806
-1.730000 1199.506505
-1.720000 1183.323529
-1.710000 1167.108556
-1.700000 1150.867280
-1.690000 1134.604488
-1.680000 1118.325503
-1.670000 1102.035097
-1.660000 1085.738461
-1.650000 1069.440108
-1.640000 1053.145339
-1.630000 1036.858410
-1.620000 1020.584483
-1.610000 1004.327799
-1.600000 988.092894
-1.590000 971.884358
-1.580000 955.706588
-1.570000 939.563911
-1.560000 923.460586
-1.550000 907.400677
-1.540000 891.388300
-1.530000 875.427744
-1.520000 859.522740
-1.510000 843.677192
-1.500000 827.895053
-1.490000 812.179963
-1.480000 796.535733
-1.470001 780.965860
-1.460001 765.474012
-1.450001 750.063543
-1.440001 734.737858
-1.430001 719.500289
-1.420001 704.354218
-1.410001 689.302715
-1.400001 674.348898
-1.390001 659.495936
-1.380001 644.746563
-1.370001 630.103927
-1.360001 615.570622
-1.350001 601.149771
-1.340001 586.843591
-1.330001 572.655063
-1.320001 558.586502
-1.310001 544.640629
-1.300001 530.819739
-1.290001 517.126060
-1.280001 503.561985
-1.270001 490.129720
-1.260001 476.831433
-1.250001 463.669020
-1.240001 450.644743
-1.230001 437.760248
-1.220001 425.017575
-1.210001 412.418469
-1.200001 399.964719
-1.190001 387.657938
-1.180001 375.499784
-1.170001 363.491625
-1.160001 351.635104
-1.150001 339.931515
-1.140001 328.382316
-1.130001 316.988675
-1.120001 305.751867
-1.110001 294.673047
-1.100001 283.753307
-1.090001 272.993573
-1.080001 262.394925
-1.070001 251.958272
-1.060001 241.684360
-1.050001 231.574141
-1.040001 221.628241
-1.030001 211.847285
-1.020001 202.232046
-1.010001 192.782877
-1.000001 183.500390
-0.990001 174.385133
-0.980001 165.437298
-0.970001 156.657326
-0.960001 148.045554
-0.950001 139.602064
-0.940001 131.327188
-0.930001 123.220978
-0.920001 115.283489
-0.910001 107.514749
-0.900001 99.914784
-0.890001 92.483474
-0.880001 85.220749
-0.870001 78.126370
-0.860001 71.200148
-0.850001 64.441845
-0.840001 57.851133
-0.830001 51.427640
-0.820001 45.171017
-0.810001 39.080782
-0.800001 33.156477
-0.790001 27.397560
-0.780001 21.803490
-0.770001 16.373644
-0.760001 11.107379
-0.750001 6.004016
-0.740001 1.062816
-0.730001 -3.716936
-0.720001 -8.336072
-0.710001 -12.795419
-0.700001 -17.095818
-0.690001 -21.238186
-0.680001 -25.223432
-0.670001 -29.052556
-0.660001 -32.726532
-0.650001 -36.246383
-0.640001 -39.613183
-0.630001 -42.827995
-0.620001 -45.891950
-0.610001 -48.806169
-0.600001 -51.571837
-0.590001 -54.190144
-0.580001 -56.662319
-0.570001 -58.989576
-0.560001 -61.173224
-0.550001 -63.214528
-0.540001 -65.114812
-0.530001 -66.875404
-0.520001 -68.497662
-0.510001 -69.982952
-0.500001 -71.332673
-0.490001 -72.548244
-0.480001 -73.631083
-0.470001 -74.582644
-0.460001 -75.404385
-0.450001 -76.097790
-0.440001 -76.664335
-0.430001 -77.105550
-0.420002 -77.422925
-0.410002 -77.618009
-0.400002 -77.692341
-0.390002 -77.647468
-0.380002 -77.484955
-0.370002 -77.206374
-0.360002 -76.813314
-0.350002 -76.307345
-0.340002 -75.690073
-0.330002 -74.963102
-0.320002 -74.128034
-0.310002 -73.186484
-0.300002 -72.140068
-0.290002 -70.990406
-0.280002 -69.739119
-0.270002 -68.387831
-0.260002 -66.938182
-0.250002 -65.391782
-0.240002 -63.750271
-0.230002 -62.015272
-0.220002 -60.188419
-0.210002 -58.271329
-0.200002 -56.265626
-0.190002 -54.172942
-0.180002 -51.994882
-0.170002 -49.733070
-0.160002 -47.389105
-0.150002 -44.964599
-0.140002 -42.461145
-0.130002 -39.880340
-0.120002 -37.223766
-0.110002 -34.493003
-0.100002 -31.689621
-0.090002 -28.815178
-0.080002 -25.871233
-0.070002 -22.859326
-0.060002 -19.780993
-0.050002 -16.637756
-0.040002 -13.431128
-0.030002 -10.162610
-0.020002 -6.833694
-0.010002 -3.445857
-0.000002 -0.000564
0.009998 3.500732
0.019998 7.056592
0.029998 10.665592
0.039998 14.326318
0.049998 18.037376
0.059998 21.797383
0.069998 25.604973
0.079998 29.458795
0.089998 33.357514
0.099998 37.299810
0.109998 41.284383
0.119998 45.309946
0.129998 49.375227
0.139998 53.478987
0.149998 57.619981
0.159998 61.797002
0.169998 66.008842
0.179998 70.254333
0.189998 74.532307
0.199998 78.841628
0.209998 83.181167
0.219998 87.549826
0.229998 91.946521
0.239998 96.370178
0.249998 100.819767
0.259998 105.294247
0.269998 109.792620
0.279998 114.313898
0.289998 118.857133
0.299998 123.421352
0.309998 128.005657
0.319998 132.609133
0.329998 137.230887
0.339998 141.870072
0.349998 146.525835
0.359998 151.197364
0.369998 155.883844
0.379998 160.584492
0.389998 165.298558
0.399998 170.025312
0.409998 174.764009
0.419998 179.513960
0.429998 184.274498
0.439998 189.044949
0.449998 193.824673
0.459998 198.613064
0.469998 203.409521
0.479998 208.213465
0.489998 213.024320
0.499998 217.841575
0.509998 222.664692
0.519998 227.493187
0.529998 232.326547
0.539998 237.164336
0.549998 242.006110
0.559998 246.851443
0.569998 251.699926
0.579998 256.551154
0.589998 261.404785
0.599998 266.260451
0.609998 271.117830
0.619998 275.976585
0.629998 280.836414
0.639998 285.697066
0.649998 290.558253
0.659998 295.419703
0.669998 300.281196
0.679998 305.142529
0.689998 310.003474
0.699998 314.863840
0.709998 319.723486
0.719998 324.582211
0.729998 329.439882
0.739998 334.296343
0.749998 339.151531
0.759998 344.005274
0.769998 348.857514
0.779998 353.708120
0.789998 358.557061
0.799998 363.404271
0.809998 368.249697
0.819998 373.093295
0.829998 377.935032
0.839998 382.774927
0.849998 387.612828
0.859998 392.448911
0.869998 397.283039
0.879998 402.115360
0.889998 406.945748
0.899998 411.774320
0.909998 416.601056
0.919998 421.426038
0.929998 426.249305
0.939998 431.070901
0.949998 435.890775
0.959998 440.709127
0.969998 445.525961
0.979998 450.341286
0.989998 455.155260
0.999998 459.967895
1.009998 464.779252
1.019998 469.589394
1.029998 474.398384
1.039998 479.206283
1.049998 484.013153
1.059998 488.819158
1.069998 493.624251
1.079998 498.428486
1.089998 503.231968
1.099998 508.034745
1.109998 512.836807
1.119998 517.638246
1.129998 522.439096
1.139998 527.239384
1.149998 532.039076
1.159998 536.838240
1.169998 541.636995
1.179998 546.435115
1.189998 551.232814
1.199998 556.029845
1.209998 560.826463
1.219998 565.622400
1.229998 570.417720
1.239998 575.212244
1.249997 580.006012
1.259997 584.798938
1.269997 589.590922
1.279997 594.381849
1.289997 599.171592
1.299997 603.959890
1.309997 608.746819
1.319997 613.532088
1.329997 618.315389
1.339997 623.096750
1.349997 627.875768
1.359997 632.652321
1.369997 637.426027
1.379997 642.196725
1.389997 646.964176
1.399997 651.727820
1.409997 656.487557
1.419997 661.242906
1.429997 665.993604
1.439997 670.739066
1.449997 675.478986
1.459997 680.212912
1.469997 684.940372
1.479997 689.660869
1.489997 694.373819
1.499997 699.078859
1.509997 703.775234
1.519997 708.462469
1.529997 713.139818
1.539997 717.806754
1.549997 722.462598
1.559997 727.106526
1.569997 731.737926
1.579997 736.356038
1.589997 740.960012
1.599997 745.549092
1.609997 750.122369
1.619997 754.679089
1.629997 759.218284
1.639997 763.738956
1.649997 768.240197
1.659997 772.721010
1.669997 777.180363
1.679997 781.617196
1.689997 786.030475
1.699997 790.419074
1.709997 794.781652
1.719997 799.117322
1.729997 803.424556
1.739997 807.702279
1.749997 811.949199
1.759997 816.163991
1.769997 820.345297
1.779997 824.491603
1.789997 828.601723
1.799997 832.674074
1.809997 836.706982
1.819997 840.699154
1.829997 844.649023
1.839997 848.554987
1.849997 852.415293
1.859997 856.228385
1.869997 859.992440
1.879997 863.705831
1.889997 867.366781
1.899997 870.973358
1.909997 874.523830
1.919997 878.016311
1.929997 881.448879
1.939997 884.819577
1.949997 888.126413
1.959997 891.367131
1.969997 894.540122
1.979997 897.642946
1.989997 900.673693
1.999997 903.629857
2.009997 906.509737
2.019997 909.310749
2.029997 912.030677
2.039997 914.667209
2.049997 917.218001
2.059997 919.680779
2.069997 922.052912
2.079997 924.332165
2.089997 926.515841
2.099997 928.601740
2.109997 930.587099
2.119997 932.469228
2.129997 934.245927
2.139997 935.914127
2.149997 937.471250
2.159997 938.914682
2.169997 940.241674
2.179997 941.449345
2.189997 942.534886
2.199997 943.495653
2.209997 944.328575
2.219997 945.030944
2.229997 945.599537
2.239997 946.031587
2.249997 946.324103
2.259997 946.474159
2.269997 946.478332
2.279997 946.334017
2.289997 946.037925
2.299997 945.586836
2.309997 944.977688
2.319997 944.207393
2.329997 943.272654
2.339997 942.170244
2.349997 940.896823
2.359997 939.449207
2.369997 937.824182
2.379997 936.018427
2.389997 934.028517
2.399997 931.851008
2.409997 929.482604
2.419997 926.920068
2.429996 924.159738
2.439996 921.198259
2.449996 918.032335
2.459996 914.658339
2.469996 911.072863
2.479996 907.272180
2.489996 903.253081
2.499996 899.011888
2.509996 894.545281
2.519996 889.849345
2.529996 884.920809
2.539996 879.755820
2.549996 874.351215
2.559996 868.703128
2.569996 862.807900
2.579996 856.662130
2.589996 850.262143
2.599996 843.604265
2.609996 836.685008
2.619996 829.500751
2.629996 822.047632
2.639996 814.322276
2.649996 806.321004
2.659996 798.040197
2.669996 789.476297
2.679996 780.625634
2.689996 771.484495
2.699996 762.049545
2.709996 752.316977
2.719996 742.283205
2.729996 731.944804
2.739996 721.298101
2.749996 710.339493
2.759996 699.065575
2.769996 687.472631
2.779996 675.557323
2.789996 663.316184
2.799996 650.745473
2.809996 637.842011
2.819996 624.602028
2.829996 611.022257
2.839996 597.099473
2.849996 582.830064
2.859996 568.210638
2.869996 553.238028
2.879996 537.908884
2.889996 522.219733
2.899996 506.167597
2.909996 489.749094
2.919996 472.961058
2.929996 455.800297
2.939996 438.263708
2.949996 420.348171
2.959996 402.050651
2.969996 383.368144
2.979996 364.297683
2.989996 344.836222
2.999996 324.980918
