-1.990000 2955.711741
-1.980000 2921.104059
-1.970000 2886.298165
-1.960000 2851.311218
-1.950000 2816.159013
-1.940000 2780.857999
-1.930000 2745.424618
-1.920000 2709.873925
-1.910000 2674.221412
-1.900000 2638.482551
-1.890000 2602.672111
-1.880000 2566.804835
-1.870000 2530.895221
-1.860000 2494.957279
-1.850000 2459.005703
-1.840000 2423.052824
-1.830000 2387.113301
-1.820000 2351.199657
-1.810000 2315.325339
-1.800000 2279.502357
-1.790000 2243.743647
-1.780000 2208.060940
-1.770000 2172.466425
-1.760000 2136.972037
-1.750000 2101.588735
-1.740000 2066.327699
-1.730000 2031.199373
-1.720000 1996.215269
-1.710000 1961.385317
-1.700000 1926.719918
-1.690000 1892.228127
-1.680000 1857.920438
-1.670000 1823.805761
-1.660000 1789.893357
-1.650000 1756.191871
-1.640000 1722.709938
-1.630000 1689.455820
-1.620000 1656.438139
-1.610000 1623.663803
-1.600000 1591.141059
-1.590000 1558.877297
-1.580000 1526.879293
-1.570000 1495.153701
-1.560000 1463.707666
-1.550000 1432.547355
-1.540000 1401.678820
-1.530000 1371.108116
-1.520000 1340.840694
-1.510000 1310.881770
-1.500000 1281.236935
-1.490000 1251.911061
-1.480000 1222.908666
-1.470001 1194.234161
-1.460001 1165.892097
-1.450001 1137.886553
-1.440001 1110.221024
-1.430001 1082.899148
-1.420001 1055.924584
-1.410001 1029.300050
-1.400001 1003.028775
-1.390001 977.113534
-1.380001 951.556770
-1.370001 926.360721
-1.360001 901.527539
-1.350001 877.059053
-1.340001 852.957014
-1.330001 829.223032
-1.320001 805.858285
-1.310001 782.863761
-1.300001 760.240609
-1.290001 737.989619
-1.280001 716.111272
-1.270001 694.605817
-1.260001 673.473494
-1.250001 652.714371
-1.240001 632.328341
-1.230001 612.314839
-1.220001 592.673824
-1.210001 573.404228
-1.200001 554.505453
-1.190001 535.976344
-1.180001 517.815933
-1.170001 500.022985
-1.160001 482.595890
-1.150001 465.533205
-1.140001 448.833033
-1.130001 432.493760
-1.120001 416.513326
-1.110001 400.889485
-1.100001 385.620029
-1.090001 370.702620
-1.080001 356.134692
-1.070001 341.913798
-1.060001 328.037054
-1.050001 314.501597
-1.040001 301.304402
-1.030001 288.442628
-1.020001 275.912934
-1.010001 263.712013
-1.000001 251.836617
-0.990001 240.283172
-0.980001 229.048273
-0.970001 218.128094
-0.960001 207.519083
-0.950001 197.217333
-0.940001 187.219033
-0.930001 177.520226
-0.920001 168.116863
-0.910001 159.004852
-0.900001 150.180111
-0.890001 141.638403
-0.880001 133.375436
-0.870001 125.386961
-0.860001 117.668536
-0.850001 110.215840
-0.840001 103.024391
-0.830001 96.089694
-0.820001 89.407188
-0.810001 82.972388
-0.800001 76.780650
-0.790001 70.827411
-0.780001 65.108029
-0.770001 59.617821
-0.760001 54.352134
-0.750001 49.306277
-0.740001 44.475584
-0.730001 39.855360
-0.720001 35.440874
-0.710001 31.227429
-0.700001 27.210349
-0.690001 23.384924
-0.680001 19.746483
-0.670001 16.290329
-0.660001 13.011821
-0.650001 9.906338
-0.640001 6.969236
-0.630001 4.195938
-0.620001 1.581873
-0.610001 -0.877515
-0.600001 -3.186705
-0.590001 -5.350176
-0.580001 -7.372378
-0.570001 -9.257674
-0.560001 -11.010438
-0.550001 -12.634961
-0.540001 -14.135505
-0.530001 -15.516272
-0.520001 -16.781403
-0.510001 -17.935006
-0.500001 -18.981112
-0.490001 -19.923702
-0.480001 -20.766680
-0.470001 -21.513897
-0.460001 -22.169135
-0.450001 -22.736105
-0.440001 -23.218439
-0.430001 -23.619705
-0.420002 -23.943391
-0.410002 -24.192910
-0.400002 -24.371579
-0.390002 -24.482654
-0.380002 -24.529294
-0.370002 -24.514580
-0.360002 -24.441500
-0.350002 -24.312949
-0.340002 -24.131743
-0.330002 -23.900594
-0.320002 -23.622121
-0.310002 -23.298854
-0.300002 -22.933221
-0.290002 -22.527548
-0.280002 -22.084067
-0.270002 -21.604907
-0.260002 -21.092089
-0.250002 -20.547538
-0.240002 -19.973068
-0.230002 -19.370389
-0.220002 -18.741104
-0.210002 -18.086705
-0.200002 -17.408581
-0.190002 -16.708005
-0.180002 -15.986141
-0.170002 -15.244040
-0.160002 -14.482646
-0.150002 -13.702784
-0.140002 -12.905166
-0.130002 -12.090395
-0.120002 -11.258954
-0.110002 -10.411212
-0.100002 -9.547425
-0.090002 -8.667732
-0.080002 -7.772154
-0.070002 -6.860601
-0.060002 -5.932862
-0.050002 -4.988611
-0.040002 -4.027408
-0.030002 -3.048694
-0.020002 -2.051795
-0.010002 -1.035922
-0.000002 -0.000170
0.009998 1.056483
0.019998 2.135172
0.029998 3.237148
0.039998 4.363774
0.049998 5.516529
0.059998 6.697003
0.069998 7.906902
0.079998 9.148038
0.089998 10.422338
0.099998 11.731838
0.109998 13.078683
0.119998 14.465126
0.129998 15.893527
0.139998 17.366356
0.149998 18.886180
0.159998 20.455679
0.169998 22.077628
0.179998 23.754907
0.189998 25.490498
0.199998 27.287478
0.209998 29.149022
0.219998 31.078406
0.229998 33.078988
0.239998 35.154230
0.249998 37.307683
0.259998 39.542982
0.269998 41.863855
0.279998 44.274107
0.289998 46.777649
0.299998 49.378440
0.309998 52.080546
0.319998 54.888107
0.329998 57.805326
0.339998 60.836489
0.349998 63.985946
0.359998 67.258136
0.369998 70.657540
0.379998 74.188718
0.389998 77.856295
0.399998 81.664941
0.409998 85.619393
0.419998 89.724458
0.429998 93.984962
0.439998 98.405804
0.449998 102.991929
0.459998 107.748330
0.469998 112.680027
0.479998 117.792107
0.489998 123.089638
0.499998 128.577777
0.509998 134.261720
0.519998 140.146626
0.529998 146.237716
0.539998 152.540270
0.549998 159.059510
0.559998 165.800737
0.569998 172.769251
0.579998 179.970345
0.589998 187.409350
0.599998 195.091519
0.609998 203.022241
0.619998 211.206764
0.629998 219.650454
0.639998 228.358578
0.649998 237.336392
0.659998 246.589226
0.669998 256.122262
0.679998 265.940791
0.689998 276.049985
0.699998 286.455004
0.709998 297.161015
0.719998 308.173112
0.729998 319.496346
0.739998 331.135769
0.749998 343.096345
0.759998 355.382965
0.769998 368.000555
0.779998 380.953960
0.789998 394.247861
0.799998 407.886958
0.809998 421.875930
0.819998 436.219296
0.829998 450.921546
0.839998 465.987047
0.849998 481.420173
0.859998 497.225171
0.869998 513.406153
0.879998 529.967183
0.889998 546.912232
0.899998 564.245169
0.909998 581.969716
0.919998 600.089534
0.929998 618.608223
0.939998 637.529125
0.949998 656.855660
0.959998 676.590931
0.969998 696.738016
0.979998 717.299914
0.989998 738.279396
0.999998 759.679147
1.009998 781.501662
1.019998 803.749452
1.029998 826.424465
1.039998 849.529285
1.049998 873.065507
1.059998 897.034989
1.069998 921.439488
1.079998 946.280329
1.089998 971.558997
1.099998 997.276483
1.109998 1023.433933
1.119998 1050.031882
1.129998 1077.071123
1.139998 1104.552050
1.149998 1132.474984
1.159998 1160.839945
1.169998 1189.646764
1.179998 1218.895077
1.189998 1248.584663
1.199998 1278.714422
1.209998 1309.283848
1.219998 1340.291315
1.229998 1371.735904
1.239998 1403.615912
1.249997 1435.929652
1.259997 1468.675105
1.269997 1501.850033
1.279997 1535.452208
1.289997 1569.478709
1.299997 1603.926975
1.309997 1638.793627
1.319997 1674.075526
1.329997 1709.768941
1.339997 1745.870262
1.349997 1782.375282
1.359997 1819.279909
1.369997 1856.579690
1.379997 1894.269207
1.389997 1932.344229
1.399997 1970.799077
1.409997 2009.628422
1.419997 2048.826437
1.429997 2088.386921
1.439997 2128.303532
1.449997 2168.570156
1.459997 2209.179688
1.469997 2250.124761
1.479997 2291.398715
1.489997 2332.993408
1.499997 2374.901404
1.509997 2417.114023
1.519997 2459.623290
1.529997 2502.420227
1.539997 2545.495826
1.549997 2588.841540
1.559997 2632.447323
1.569997 2676.302856
1.579997 2720.399007
1.589997 2764.725146
1.599997 2809.270607
1.609997 2854.024205
1.619997 2898.975446
1.629997 2944.112340
1.639997 2989.423104
1.649997 3034.895917
1.659997 3080.518432
1.669997 3126.278752
1.679997 3172.162752
1.689997 3218.158213
1.699997 3264.251178
1.709997 3310.428378
1.719997 3356.675536
1.729997 3402.978577
1.739997 3449.322905
1.749997 3495.693402
1.759997 3542.075392
1.769997 3588.453440
1.779997 3634.811352
1.789997 3681.134093
1.799997 3727.404440
1.809997 3773.606564
1.819997 3819.723170
1.829997 3865.738113
1.839997 3911.633553
1.849997 3957.391383
1.859997 4002.994872
1.869997 4048.424438
1.879997 4093.663044
1.889997 4138.691514
1.899997 4183.490416
1.909997 4228.041903
1.919997 4272.325099
1.929997 4316.320718
1.939997 4360.009213
1.949997 4403.370321
1.959997 4446.383080
1.969997 4489.026733
1.979997 4531.281177
1.989997 4573.124264
1.999997 4614.535841
2.009997 4655.493023
2.019997 4695.973919
2.029997 4735.956963
2.039997 4775.419724
2.049997 4814.338243
2.059997 4852.692247
2.069997 4890.456042
2.079997 4927.608463
2.089997 4964.124270
2.099997 4999.980582
2.109997 5035.154290
2.119997 5069.620401
2.129997 5103.354567
2.139997 5136.332248
2.149997 5168.529124
2.159997 5199.920268
2.169997 5230.480573
2.179997 5260.184754
2.189997 5289.006557
2.199997 5316.921949
2.209997 5343.903944
2.219997 5369.927376
2.229997 5394.966125
2.239997 5418.993541
2.249997 5441.983977
2.259997 5463.908984
2.269997 5484.744149
2.279997 5504.461888
2.289997 5523.035620
2.299997 5540.437901
2.309997 5556.640824
2.319997 5571.618544
2.329997 5585.343286
2.339997 5597.786491
2.349997 5608.922670
2.359997 5618.722041
2.369997 5627.157885
2.379997 5634.203028
2.389997 5639.828199
2.399997 5644.007087
2.409997 5646.709665
2.419997 5647.909164
2.429996 5647.577439
2.439996 5645.686303
2.449996 5642.207537
2.459996 5637.112898
2.469996 5630.372904
2.479996 5621.961725
2.489996 5611.849844
2.499996 5600.008393
2.509996 5586.410271
2.519996 5571.026624
2.529996 5553.829207
2.539996 5534.789807
2.549996 5513.880242
2.559996 5491.073449
2.569996 5466.340760
2.579996 5439.652037
2.589996 5410.982455
2.599996 5380.302531
2.609996 5347.585435
2.619996 5312.801920
2.629996 5275.925326
2.639996 5236.927617
2.649996 5195.782743
2.659996 5152.461499
2.669996 5106.938492
2.679996 5059.184841
2.689996 5009.174926
2.699996 4956.881501
2.709996 4902.277507
2.719996 4845.338083
2.729996 4786.034487
2.739996 4724.342570
2.749996 4660.236326
2.759996 4593.688123
2.769996 4524.674614
2.779996 4453.168989
2.789996 4379.146822
2.799996 4302.583182
2.809996 4223.452740
2.819996 4141.732643
2.829996 4057.397111
2.839996 3970.422547
2.849996 3880.786148
2.859996 3788.463102
2.869996 3693.431690
2.879996 3595.668527
2.889996 3495.151093
2.899996 3391.856706
2.909996 3285.764424
2.919996 3176.852192
2.929996 3065.098979
2.939996 2950.483665
2.949996 2832.985521
2.959996 2712.584922
2.969996 2589.261658
2.979996 2462.996444
2.989996 2333.770194
2.999996 2201.563801
