-1.990000 -3374.039003
-1.980000 -3344.101188
-1.970000 -3313.802292
-1.960000 -3283.157529
-1.950000 -3252.181986
-1.940000 -3220.890389
-1.930000 -3189.297323
-1.920000 -3157.417234
-1.910000 -3125.264884
-1.900000 -3092.854207
-1.890000 -3060.199217
-1.880000 -3027.314477
-1.870000 -2994.213012
-1.860000 -2960.909323
-1.850000 -2927.415893
-1.840000 -2893.747156
-1.830000 -2859.915282
-1.820000 -2825.934400
-1.810000 -2791.816596
-1.800000 -2757.574741
-1.790000 -2723.221785
-1.780000 -2688.769801
-1.770000 -2654.230938
-1.760000 -2619.617418
-1.750000 -2584.941781
-1.740000 -2550.214239
-1.730000 -2515.448201
-1.720000 -2480.653538
-1.710000 -2445.842605
-1.700000 -2411.025655
-1.690000 -2376.214219
-1.680000 -2341.418448
-1.670000 -2306.649534
-1.660000 -2271.917524
-1.650000 -2237.232534
-1.640000 -2202.604750
-1.630000 -2168.043940
-1.620000 -2133.560186
-1.610000 -2099.162172
-1.600000 -2064.860118
-1.590000 -2030.662846
-1.580000 -1996.579245
-1.570000 -1962.618275
-1.560000 -1928.788716
-1.550000 -1895.098441
-1.540000 -1861.556122
-1.530000 -1828.170012
-1.520000 -1794.947941
-1.510000 -1761.897319
-1.500000 -1729.026356
-1.490000 -1696.341866
-1.480000 -1663.851585
-1.470001 -1631.561975
-1.460001 -1599.480420
-1.450001 -1567.613155
-1.440001 -1535.967090
-1.430001 -1504.548599
-1.420001 -1473.363516
-1.410001 -1442.418229
-1.400001 -1411.718228
-1.390001 -1381.269434
-1.380001 -1351.077116
-1.370001 -1321.146612
-1.360001 -1291.483329
-1.350001 -1262.091907
-1.340001 -1232.977177
-1.330001 -1204.144157
-1.320001 -1175.596869
-1.310001 -1147.339878
-1.300001 -1119.377231
-1.290001 -1091.713164
-1.280001 -1064.350928
-1.270001 -1037.294667
-1.260001 -1010.547779
-1.250001 -984.113502
-1.240001 -957.994919
-1.230001 -932.195300
-1.220001 -906.717412
-1.210001 -881.563870
-1.200001 -856.737135
-1.190001 -832.239973
-1.180001 -808.074312
-1.170001 -784.242279
-1.160001 -760.745959
-1.150001 -737.587181
-1.140001 -714.767514
-1.130001 -692.288499
-1.120001 -670.151422
-1.110001 -648.357649
-1.100001 -626.908298
-1.090001 -605.804023
-1.080001 -585.046103
-1.070001 -564.634921
-1.060001 -544.571165
-1.050001 -524.855174
-1.040001 -505.487266
-1.030001 -486.467685
-1.020001 -467.796339
-1.010001 -449.473325
-1.000001 -431.498306
-0.990001 -413.871034
-0.980001 -396.591038
-0.970001 -379.657732
-0.960001 -363.070465
-0.950001 -346.828526
-0.940001 -330.930890
-0.930001 -315.376724
-0.920001 -300.164741
-0.910001 -285.293845
-0.900001 -270.762689
-0.890001 -256.569827
-0.880001 -242.713762
-0.870001 -229.192899
-0.860001 -216.005546
-0.850001 -203.149829
-0.840001 -190.623919
-0.830001 -178.425853
-0.820001 -166.553535
-0.810001 -155.004740
-0.800001 -143.777296
-0.790001 -132.868905
-0.780001 -122.277144
-0.770001 -111.999560
-0.760001 -102.033623
-0.750001 -92.376690
-0.740001 -83.026089
-0.730001 -73.979017
-0.720001 -65.232690
-0.710001 -56.784216
-0.700001 -48.630682
-0.690001 -40.769017
-0.680001 -33.196190
-0.670001 -25.909075
-0.660001 -18.904492
-0.650001 -12.179212
-0.640001 -5.729973
-0.630001 0.446552
-0.620001 6.353736
-0.610001 11.994995
-0.600001 17.373784
-0.590001 22.493564
-0.580001 27.357904
-0.570001 31.970336
-0.560001 36.334493
-0.550001 40.453958
-0.540001 44.332439
-0.530001 47.973560
-0.520001 51.381078
-0.510001 54.558683
-0.500001 57.510176
-0.490001 60.239285
-0.480001 62.749818
-0.470001 65.045579
-0.460001 67.130388
-0.450001 69.008048
-0.440001 70.682420
-0.430001 72.157336
-0.420002 73.436651
-0.410002 74.524220
-0.400002 75.423895
-0.390002 76.139535
-0.380002 76.674990
-0.370002 77.034113
-0.360002 77.220745
-0.350002 77.238729
-0.340002 77.091894
-0.330002 76.784053
-0.320002 76.319018
-0.310002 75.700587
-0.300002 74.932527
-0.290002 74.018607
-0.280002 72.962558
-0.270002 71.768115
-0.260002 70.438973
-0.250002 68.978801
-0.240002 67.391256
-0.230002 65.679970
-0.220002 63.848527
-0.210002 61.900511
-0.200002 59.839447
-0.190002 57.668844
-0.180002 55.392180
-0.170002 53.012889
-0.160002 50.534368
-0.150002 47.959988
-0.140002 45.293071
-0.130002 42.536903
-0.120002 39.694734
-0.110002 36.769760
-0.100002 33.765149
-0.090002 30.684007
-0.080002 27.529406
-0.070002 24.304370
-0.060002 21.011873
-0.050002 17.654844
-0.040002 14.236158
-0.030002 10.758640
-0.020002 7.225068
-0.010002 3.638163
-0.000002 0.000595
0.009998 -3.685021
0.019998 -7.416124
0.029998 -11.190209
0.039998 -15.004827
0.049998 -18.857587
0.059998 -22.746153
0.069998 -26.668251
0.079998 -30.621666
0.089998 -34.604235
0.099998 -38.613868
0.109998 -42.648521
0.119998 -46.706224
0.129998 -50.785060
0.139998 -54.883183
0.149998 -58.998794
0.159998 -63.130165
0.169998 -67.275643
0.179998 -71.433613
0.189998 -75.602542
0.199998 -79.780965
0.209998 -83.967453
0.219998 -88.160676
0.229998 -92.359344
0.239998 -96.562244
0.249998 -100.768222
0.259998 -104.976170
0.269998 -109.185095
0.279998 -113.394014
0.289998 -117.602041
0.299998 -121.808337
0.309998 -126.012145
0.319998 -130.212754
0.329998 -134.409527
0.339998 -138.601877
0.349998 -142.789304
0.359998 -146.971350
0.369998 -151.147627
0.379998 -155.317802
0.389998 -159.481623
0.399998 -163.638891
0.409998 -167.789456
0.419998 -171.933227
0.429998 -176.070197
0.439998 -180.200408
0.449998 -184.323947
0.459998 -188.440974
0.469998 -192.551691
0.479998 -196.656398
0.489998 -200.755386
0.499998 -204.849052
0.509998 -208.937864
0.519998 -213.022266
0.529998 -217.102817
0.539998 -221.180134
0.549998 -225.254855
0.559998 -229.327683
0.569998 -233.399342
0.579998 -237.470666
0.589998 -241.542508
0.599998 -245.615733
0.609998 -249.691302
0.619998 -253.770189
0.629998 -257.853446
0.639998 -261.942133
0.649998 -266.037351
0.659998 -270.140278
0.669998 -274.252097
0.679998 -278.374064
0.689998 -282.507418
0.699998 -286.653470
0.709998 -290.813588
0.719998 -294.989171
0.729998 -299.181554
0.739998 -303.392221
0.749998 -307.622645
0.759998 -311.874331
0.769998 -316.148744
0.779998 -320.447524
0.789998 -324.772167
0.799998 -329.124339
0.809998 -333.505599
0.819998 -337.917614
0.829998 -342.362047
0.839998 -346.840578
0.849998 -351.354858
0.859998 -355.906665
0.869998 -360.497653
0.879998 -365.129580
0.889998 -369.804165
0.899998 -374.523183
0.909998 -379.288346
0.919998 -384.101439
0.929998 -388.964253
0.939998 -393.878460
0.949998 -398.845924
0.959998 -403.868313
0.969998 -408.947466
0.979998 -414.085091
0.989998 -419.282991
0.999998 -424.542757
1.009998 -429.866302
1.019998 -435.255220
1.029998 -440.711248
1.039998 -446.236105
1.049998 -451.831497
1.059998 -457.498954
1.069998 -463.240193
1.079998 -469.056808
1.089998 -474.950477
1.099998 -480.922579
1.109998 -486.974795
1.119998 -493.108560
1.129998 -499.325440
1.139998 -505.626809
1.149998 -512.014113
1.159998 -518.488656
1.169998 -525.051981
1.179998 -531.705203
1.189998 -538.449507
1.199998 -545.286375
1.209998 -552.216908
1.219998 -559.242102
1.229998 -566.363192
1.239998 -573.581137
1.249997 -580.896959
1.259997 -588.311512
1.269997 -595.825771
1.279997 -603.440542
1.289997 -611.156570
1.299997 -618.974661
1.309997 -626.895326
1.319997 -634.919251
1.329997 -643.046937
1.339997 -651.278765
1.349997 -659.615166
1.359997 -668.056622
1.369997 -676.603189
1.379997 -685.255151
1.389997 -694.012718
1.399997 -702.875669
1.409997 -711.844304
1.419997 -720.918129
1.429997 -730.097351
1.439997 -739.381254
1.449997 -748.769888
1.459997 -758.262613
1.469997 -767.859011
1.479997 -777.558455
1.489997 -787.360232
1.499997 -797.263542
1.509997 -807.267496
1.519997 -817.371295
1.529997 -827.573686
1.539997 -837.873747
1.549997 -848.270098
1.559997 -858.761324
1.569997 -869.346097
1.579997 -880.023174
1.589997 -890.790238
1.599997 -901.646335
1.609997 -912.589132
1.619997 -923.616924
1.629997 -934.727660
1.639997 -945.919185
1.649997 -957.189058
1.659997 -968.535279
1.669997 -979.955378
1.679997 -991.446593
1.689997 -1003.006361
1.699997 -1014.631825
1.709997 -1026.320142
1.719997 -1038.068420
1.729997 -1049.873531
1.739997 -1061.732239
1.749997 -1073.641195
1.759997 -1085.597057
1.769997 -1097.596129
1.779997 -1109.634604
1.789997 -1121.709274
1.799997 -1133.815506
1.809997 -1145.949863
1.819997 -1158.107838
1.829997 -1170.285522
1.839997 -1182.478297
1.849997 -1194.681902
1.859997 -1206.891487
1.869997 -1219.102671
1.879997 -1231.310140
1.889997 -1243.509626
1.899997 -1255.695350
1.909997 -1267.862805
1.919997 -1280.006327
1.929997 -1292.120365
1.939997 -1304.199712
1.949997 -1316.238469
1.959997 -1328.231077
1.969997 -1340.171407
1.979997 -1352.053664
1.989997 -1363.871712
1.999997 -1375.619630
2.009997 -1387.290415
2.019997 -1398.877850
2.029997 -1410.375592
2.039997 -1421.776598
2.049997 -1433.074479
2.059997 -1444.261968
2.069997 -1455.332119
2.079997 -1466.277877
2.089997 -1477.091857
2.099997 -1487.766884
2.109997 -1498.295354
2.119997 -1508.669764
2.129997 -1518.881986
2.139997 -1528.924820
2.149997 -1538.790232
2.159997 -1548.470082
2.169997 -1557.956131
2.179997 -1567.240041
2.189997 -1576.314166
2.199997 -1585.169559
2.209997 -1593.797381
2.219997 -1602.189969
2.229997 -1610.337603
2.239997 -1618.232221
2.249997 -1625.864500
2.259997 -1633.225322
2.269997 -1640.306040
2.279997 -1647.096974
2.289997 -1653.589291
2.299997 -1659.772961
2.309997 -1665.639337
2.319997 -1671.178761
2.329997 -1676.381147
2.339997 -1681.236517
2.349997 -1685.735869
2.359997 -1689.869404
2.369997 -1693.626565
2.379997 -1696.997588
2.389997 -1699.972461
2.399997 -1702.541100
2.409997 -1704.693023
2.419997 -1706.417857
2.429996 -1707.705965
2.439996 -1708.546356
2.449996 -1708.928787
2.459996 -1708.842330
2.469996 -1708.276933
2.479996 -1707.221867
2.489996 -1705.666358
2.499996 -1703.599295
2.509996 -1701.010118
2.519996 -1697.888358
2.529996 -1694.223065
2.539996 -1690.003392
2.549996 -1685.217638
2.559996 -1679.855993
2.569996 -1673.906698
2.579996 -1667.358923
2.589996 -1660.201547
2.599996 -1652.423806
2.609996 -1644.014406
2.619996 -1634.961926
2.629996 -1625.255789
2.639996 -1614.884668
2.649996 -1603.837240
2.659996 -1592.102643
2.669996 -1579.669328
2.679996 -1566.526648
2.689996 -1552.663282
2.699996 -1538.068138
2.709996 -1522.730029
2.719996 -1506.637587
2.729996 -1489.780168
2.739996 -1472.146344
2.749996 -1453.725486
2.759996 -1434.506227
2.769996 -1414.477348
2.779996 -1393.628552
2.789996 -1371.948667
2.799996 -1349.426259
2.809996 -1326.051109
2.819996 -1301.812512
2.829996 -1276.699201
2.839996 -1250.700459
2.849996 -1223.806472
2.859996 -1196.005751
2.869996 -1167.288165
2.879996 -1137.643351
2.889996 -1107.060512
2.899996 -1075.529808
2.909996 -1043.040954
2.919996 -1009.583541
2.929996 -975.147593
2.939996 -939.723209
2.949996 -903.300660
2.959996 -865.869927
2.969996 -827.421131
2.979996 -787.945093
2.989996 -747.432132
2.999996 -705.872996
