-1.990000 -641.989490
-1.980000 -619.595783
-1.970000 -597.303755
-1.960000 -575.123365
-1.950000 -553.064014
-1.940000 -531.134883
-1.930000 -509.345329
-1.920000 -487.703975
-1.910000 -466.219163
-1.900000 -444.899991
-1.890000 -423.753955
-1.880000 -402.789131
-1.870000 -382.013845
-1.860000 -361.435388
-1.850000 -341.060592
-1.840000 -320.897005
-1.830000 -300.951369
-1.820000 -281.230204
-1.810000 -261.739751
-1.800000 -242.486920
-1.790000 -223.476801
-1.780000 -204.716110
-1.770000 -186.209198
-1.760000 -167.962708
-1.750000 -149.980916
-1.740000 -132.268961
-1.730000 -114.831163
-1.720000 -97.672477
-1.710000 -80.797161
-1.700000 -64.208902
-1.690000 -47.911842
-1.680000 -31.909490
-1.670000 -16.205209
-1.660000 -0.802461
-1.650000 14.296227
-1.640000 29.087313
-1.630000 43.568917
-1.620000 57.738142
-1.610000 71.593140
-1.600000 85.131530
-1.590000 98.351734
-1.580000 111.252245
-1.570000 123.831199
-1.560000 136.087467
-1.550000 148.020172
-1.540000 159.628438
-1.530000 170.911571
-1.520000 181.868937
-1.510000 192.500326
-1.500000 202.805459
-1.490000 212.784477
-1.480000 222.437388
-1.470001 231.764919
-1.460001 240.767173
-1.450001 249.444966
-1.440001 257.799219
-1.430001 265.831130
-1.420001 273.541573
-1.410001 280.932124
-1.400001 288.003847
-1.390001 294.759040
-1.380001 301.199006
-1.370001 307.325737
-1.360001 313.141484
-1.350001 318.648222
-1.340001 323.848599
-1.330001 328.744684
-1.320001 333.339509
-1.310001 337.635643
-1.300001 341.636017
-1.290001 345.343390
-1.280001 348.761407
-1.270001 351.892599
-1.260001 354.740957
-1.250001 357.309360
-1.240001 359.602013
-1.230001 361.622014
-1.220001 363.373487
-1.210001 364.860078
-1.200001 366.086164
-1.190001 367.055297
-1.180001 367.772036
-1.170001 368.240343
-1.160001 368.464775
-1.150001 368.449577
-1.140001 368.199406
-1.130001 367.718662
-1.120001 367.012094
-1.110001 366.084409
-1.100001 364.940299
-1.090001 363.584654
-1.080001 362.022398
-1.070001 360.258428
-1.060001 358.297779
-1.050001 356.145478
-1.040001 353.806656
-1.030001 351.286540
-1.020001 348.590160
-1.010001 345.722794
-1.000001 342.689782
-0.990001 339.496337
-0.980001 336.147832
-0.970001 332.649535
-0.960001 329.006942
-0.950001 325.225313
-0.940001 321.310127
-0.930001 317.266775
-0.920001 313.100707
-0.910001 308.817283
-0.900001 304.422036
-0.890001 299.920332
-0.880001 295.317678
-0.870001 290.619408
-0.860001 285.831016
-0.850001 280.957912
-0.840001 276.005491
-0.830001 270.979112
-0.820001 265.884111
-0.810001 260.725849
-0.800001 255.509704
-0.790001 250.240870
-0.780001 244.924622
-0.770001 239.566220
-0.760001 234.170804
-0.750001 228.743475
-0.740001 223.289435
-0.730001 217.813699
-0.720001 212.321234
-0.710001 206.817038
-0.700001 201.306016
-0.690001 195.793018
-0.680001 190.282798
-0.670001 184.780127
-0.660001 179.289711
-0.650001 173.816080
-0.640001 168.363809
-0.630001 162.937329
-0.620001 157.541126
-0.610001 152.179432
-0.600001 146.856543
-0.590001 141.576575
-0.580001 136.343680
-0.570001 131.161794
-0.560001 126.034868
-0.550001 120.966747
-0.540001 115.961157
-0.530001 111.021731
-0.520001 106.152043
-0.510001 101.355570
-0.500001 96.635663
-0.490001 91.995574
-0.480001 87.438500
-0.470001 82.967491
-0.460001 78.585497
-0.450001 74.295402
-0.440001 70.099955
-0.430001 66.001767
-0.420002 62.003410
-0.410002 58.107280
-0.400002 54.315700
-0.390002 50.630860
-0.380002 47.054853
-0.370002 43.589628
-0.360002 40.237049
-0.350002 36.998831
-0.340002 33.876600
-0.330002 30.871838
-0.320002 27.985923
-0.310002 25.220092
-0.300002 22.575475
-0.290002 20.053077
-0.280002 17.653760
-0.270002 15.378289
-0.260002 13.227284
-0.250002 11.201248
-0.240002 9.300541
-0.230002 7.525421
-0.220002 5.875998
-0.210002 4.352262
-0.200002 2.954078
-0.190002 1.681170
-0.180002 0.533147
-0.170002 -0.490521
-0.160002 -1.390487
-0.150002 -2.167537
-0.140002 -2.822585
-0.130002 -3.356673
-0.120002 -3.770972
-0.110002 -4.066783
-0.100002 -4.245535
-0.090002 -4.308784
-0.080002 -4.258215
-0.070002 -4.095640
-0.060002 -3.822998
-0.050002 -3.442354
-0.040002 -2.955898
-0.030002 -2.365948
-0.020002 -1.674943
-0.010002 -0.885449
-0.000002 -0.000151
0.009998 0.978139
0.019998 2.046493
0.029998 3.201860
0.039998 4.441069
0.049998 5.760832
0.059998 7.157745
0.069998 8.628286
0.079998 10.168822
0.089998 11.775602
0.099998 13.444767
0.109998 15.172345
0.119998 16.954255
0.129998 18.786312
0.139998 20.664220
0.149998 22.583580
0.159998 24.539893
0.169998 26.528551
0.179998 28.544858
0.189998 30.584009
0.199998 32.641113
0.209998 34.711175
0.219998 36.789121
0.229998 38.869772
0.239998 40.947871
0.249998 43.018079
0.259998 45.074947
0.269998 47.112987
0.279998 49.126593
0.289998 51.110114
0.299998 53.057791
0.309998 54.963814
0.319998 56.822306
0.329998 58.627296
0.339998 60.372787
0.349998 62.052692
0.359998 63.660866
0.369998 65.191105
0.379998 66.637172
0.389998 67.992751
0.399998 69.251474
0.409998 70.406969
0.419998 71.452766
0.429998 72.382377
0.439998 73.189295
0.449998 73.866933
0.459998 74.408717
0.469998 74.808022
0.479998 75.058177
0.489998 75.152522
0.499998 75.084362
0.509998 74.846987
0.519998 74.433655
0.529998 73.837630
0.539998 73.052190
0.549998 72.070550
0.559998 70.885964
0.569998 69.491687
0.579998 67.880979
0.589998 66.047066
0.599998 63.983252
0.609998 61.682788
0.619998 59.139001
0.629998 56.345234
0.639998 53.294799
0.649998 49.981071
0.659998 46.397457
0.669998 42.537435
0.679998 38.394449
0.689998 33.961998
0.699998 29.233707
0.709998 24.203172
0.719998 18.864017
0.729998 13.210005
0.739998 7.234895
0.749998 0.932550
0.759998 -5.703121
0.769998 -12.678205
0.779998 -19.998566
0.789998 -27.670120
0.799998 -35.698661
0.809998 -44.089900
0.819998 -52.849415
0.829998 -61.982828
0.839998 -71.495512
0.849998 -81.392854
0.859998 -91.680002
0.869998 -102.362185
0.879998 -113.444456
0.889998 -124.931637
0.899998 -136.828602
0.909998 -149.139987
0.919998 -161.870401
0.929998 -175.024283
0.939998 -188.605842
0.949998 -202.619326
0.959998 -217.068827
0.969998 -231.958172
0.979998 -247.291219
0.989998 -263.071432
0.999998 -279.302426
1.009998 -295.987335
1.019998 -313.129470
1.029998 -330.731853
1.039998 -348.797165
1.049998 -367.328260
1.059998 -386.327426
1.069998 -405.797072
1.079998 -425.739567
1.089998 -446.156621
1.099998 -467.050026
1.109998 -488.421612
1.119998 -510.272583
1.129998 -532.604393
1.139998 -555.417862
1.149998 -578.714054
1.159998 -602.493226
1.169998 -626.756265
1.179998 -651.503243
1.189998 -676.734077
1.199998 -702.448699
1.209998 -728.646831
1.219998 -755.327750
1.229998 -782.490514
1.239998 -810.134189
1.249997 -838.257504
1.259997 -866.858961
1.269997 -895.936833
1.279997 -925.488930
1.289997 -955.513646
1.299997 -986.008205
1.309997 -1016.969589
1.319997 -1048.395484
1.329997 -1080.282389
1.339997 -1112.627033
1.349997 -1145.425899
1.359997 -1178.674982
1.369997 -1212.370029
1.379997 -1246.507010
1.389997 -1281.080927
1.399997 -1316.086881
1.409997 -1351.519597
1.419997 -1387.374384
1.429997 -1423.644725
1.439997 -1460.325287
1.449997 -1497.409749
1.459997 -1534.891283
1.469997 -1572.763520
1.479997 -1611.019339
1.489997 -1649.651352
1.499997 -1688.652140
1.509997 -1728.014260
1.519997 -1767.728898
1.529997 -1807.788065
1.539997 -1848.183133
1.549997 -1888.905562
1.559997 -1929.945564
1.569997 -1971.293804
1.579997 -2012.940672
1.589997 -2054.876769
1.599997 -2097.090463
1.609997 -2139.572530
1.619997 -2182.311273
1.629997 -2225.295689
1.639997 -2268.514497
1.649997 -2311.956139
1.659997 -2355.608532
1.669997 -2399.459800
1.679997 -2443.496575
1.689997 -2487.706909
1.699997 -2532.077121
1.709997 -2576.594221
1.719997 -2621.244457
1.729997 -2666.014042
1.739997 -2710.888431
1.749997 -2755.853764
1.759997 -2800.894946
1.769997 -2845.996849
1.779997 -2891.144072
1.789997 -2936.321896
1.799997 -2981.513661
1.809997 -3026.703392
1.819997 -3071.874846
1.829997 -3117.011508
1.839997 -3162.096601
1.849997 -3207.112844
1.859997 -3252.042228
1.869997 -3296.867889
1.879997 -3341.571299
1.889997 -3386.135071
1.899997 -3430.539009
1.909997 -3474.767294
1.919997 -3518.797618
1.929997 -3562.613875
1.939997 -3606.193745
1.949997 -3649.520148
1.959997 -3692.571205
1.969997 -3735.327979
1.979997 -3777.768360
1.989997 -3819.874272
1.999997 -3861.622255
2.009997 -3902.993973
2.019997 -3943.965298
2.029997 -3984.515676
2.039997 -4024.623651
2.049997 -4064.267544
2.059997 -4103.423731
2.069997 -4142.071838
2.079997 -4180.186975
2.089997 -4217.748340
2.099997 -4254.730670
2.109997 -4291.113587
2.119997 -4326.870622
2.129997 -4361.980986
2.139997 -4396.418700
2.149997 -4430.160932
2.159997 -4463.183016
2.169997 -4495.460939
2.179997 -4526.970508
2.189997 -4557.686565
2.199997 -4587.584597
2.209997 -4616.639143
2.219997 -4644.826163
2.229997 -4672.119122
2.239997 -4698.492917
2.249997 -4723.922300
2.259997 -4748.381881
2.269997 -4771.844642
2.279997 -4794.287190
2.289997 -4815.680052
2.299997 -4836.000317
2.309997 -4855.219804
2.319997 -4873.312446
2.329997 -4890.252071
2.339997 -4906.012406
2.349997 -4920.566393
2.359997 -4933.887598
2.369997 -4945.948823
2.379997 -4956.723496
2.389997 -4966.185641
2.399997 -4974.305886
2.409997 -4981.059485
2.419997 -4986.418968
2.429996 -4990.356847
2.439996 -4992.846253
2.449996 -4993.859656
2.459996 -4993.370757
2.469996 -4991.350775
2.479996 -4987.774600
2.489996 -4982.613467
2.499996 -4975.840454
2.509996 -4967.429215
2.519996 -4957.352245
2.529996 -4945.582086
2.539996 -4932.092438
2.549996 -4916.855363
2.559996 -4899.844097
2.569996 -4881.032974
2.579996 -4860.392149
2.589996 -4837.898174
2.599996 -4813.521927
2.609996 -4787.238479
2.619996 -4759.020447
2.629996 -4728.840599
2.639996 -4696.674208
2.649996 -4662.493776
2.659996 -4626.274277
2.669996 -4587.988508
2.679996 -4547.611230
2.689996 -4505.116444
2.699996 -4460.479153
2.709996 -4413.673244
2.719996 -4364.674019
2.729996 -4313.456121
2.739996 -4259.994395
2.749996 -4204.264261
2.759996 -4146.241321
2.769996 -4085.901364
2.779996 -4023.220025
2.789996 -3958.173516
2.799996 -3890.737929
2.809996 -3820.889929
2.819996 -3748.606095
2.829996 -3673.863577
2.839996 -3596.640053
2.849996 -3516.912290
2.859996 -3434.659321
2.869996 -3349.857411
2.879996 -3262.486389
2.889996 -3172.524716
2.899996 -3079.951177
2.909996 -2984.744217
2.919996 -2886.884880
2.929996 -2786.352037
2.939996 -2683.126434
2.949996 -2577.188138
2.959996 -2468.518720
2.969996 -2357.098811
2.979996 -2242.910801
2.989996 -2125.936103
2.999996 -2006.157335
