-1.990000 2039.547663
-1.980000 2015.260860
-1.970000 1990.884787
-1.960000 1966.430215
-1.950000 1941.910415
-1.940000 1917.335523
-1.930000 1892.718194
-1.920000 1868.067913
-1.910000 1843.396934
-1.900000 1818.715011
-1.890000 1794.033419
-1.880000 1769.361843
-1.870000 1744.710567
-1.860000 1720.089087
-1.850000 1695.507624
-1.840000 1670.975610
-1.830000 1646.501442
-1.820000 1622.094955
-1.810000 1597.764598
-1.800000 1573.518966
-1.790000 1549.366562
-1.780000 1525.315800
-1.770000 1501.374532
-1.760000 1477.549917
-1.750000 1453.850344
-1.740000 1430.282800
-1.730000 1406.854177
-1.720000 1383.572009
-1.710000 1360.442536
-1.700000 1337.472395
-1.690000 1314.668020
-1.680000 1292.035275
-1.670000 1269.580429
-1.660000 1247.308940
-1.650000 1225.226428
-1.640000 1203.337948
-1.630000 1181.649207
-1.620000 1160.164006
-1.610000 1138.888510
-1.600000 1117.826125
-1.590000 1096.981281
-1.580000 1076.358581
-1.570000 1055.961702
-1.560000 1035.794250
-1.550000 1015.860008
-1.540000 996.162205
-1.530000 976.704004
-1.520000 957.488259
-1.510000 938.518006
-1.500000 919.795857
-1.490000 901.323996
-1.480000 883.105159
-1.470001 865.140630
-1.460001 847.433216
-1.450001 829.983791
-1.440001 812.794755
-1.430001 795.866823
-1.420001 779.201451
-1.410001 762.799868
-1.400001 746.662715
-1.390001 730.790837
-1.380001 715.184734
-1.370001 699.844753
-1.360001 684.771502
-1.350001 669.964660
-1.340001 655.424352
-1.330001 641.150493
-1.320001 627.142618
-1.310001 613.400174
-1.300001 599.922588
-1.290001 586.709205
-1.280001 573.758998
-1.270001 561.070924
-1.260001 548.643869
-1.250001 536.476586
-1.240001 524.567473
-1.230001 512.915149
-1.220001 501.517882
-1.210001 490.373937
-1.200001 479.481347
-1.190001 468.838146
-1.180001 458.442145
-1.170001 448.291188
-1.160001 438.382816
-1.150001 428.714693
-1.140001 419.284188
-1.130001 410.088711
-1.120001 401.125552
-1.110001 392.391934
-1.100001 383.884746
-1.090001 375.601231
-1.080001 367.538109
-1.070001 359.692322
-1.060001 352.060625
-1.050001 344.639646
-1.040001 337.426047
-1.030001 330.416421
-1.020001 323.607164
-1.010001 316.994715
-1.000001 310.575452
-0.990001 304.345617
-0.980001 298.301529
-0.970001 292.439351
-0.960001 286.755223
-0.950001 281.245215
-0.940001 275.905504
-0.930001 270.731978
-0.920001 265.720612
-0.910001 260.867445
-0.900001 256.168360
-0.890001 251.619216
-0.880001 247.215866
-0.870001 242.954214
-0.860001 238.830024
-0.850001 234.839022
-0.840001 230.977126
-0.830001 227.240036
-0.820001 223.623534
-0.810001 220.123373
-0.800001 216.735303
-0.790001 213.455072
-0.780001 210.278476
-0.770001 207.201225
-0.760001 204.219125
-0.750001 201.327907
-0.740001 198.523376
-0.730001 195.801355
-0.720001 193.157680
-0.710001 190.588148
-0.700001 188.088643
-0.690001 185.655049
-0.680001 183.283282
-0.670001 180.969342
-0.660001 178.709112
-0.650001 176.498700
-0.640001 174.334115
-0.630001 172.211449
-0.620001 170.126852
-0.610001 168.076499
-0.600001 166.056596
-0.590001 164.063466
-0.580001 162.093383
-0.570001 160.142738
-0.560001 158.207999
-0.550001 156.285636
-0.540001 154.372201
-0.530001 152.464302
-0.520001 150.558632
-0.510001 148.651899
-0.500001 146.740971
-0.490001 144.822682
-0.480001 142.894009
-0.470001 140.951960
-0.460001 138.993644
-0.450001 137.016222
-0.440001 135.016972
-0.430001 132.993212
-0.420002 130.942356
-0.410002 128.861912
-0.400002 126.749449
-0.390002 124.602659
-0.380002 122.419283
-0.370002 120.197167
-0.360002 117.934245
-0.350002 115.628563
-0.340002 113.278219
-0.330002 110.881438
-0.320002 108.436537
-0.310002 105.941920
-0.300002 103.396071
-0.290002 100.797619
-0.280002 98.145256
-0.270002 95.437782
-0.260002 92.674108
-0.250002 89.853231
-0.240002 86.974262
-0.230002 84.036416
-0.220002 81.039012
-0.210002 77.981476
-0.200002 74.863331
-0.190002 71.684215
-0.180002 68.443869
-0.170002 65.142141
-0.160002 61.778987
-0.150002 58.354477
-0.140002 54.868781
-0.130002 51.322177
-0.120002 47.715065
-0.110002 44.047939
-0.100002 40.321405
-0.090002 36.536184
-0.080002 32.693102
-0.070002 28.793098
-0.060002 24.837214
-0.050002 20.826606
-0.040002 16.762537
-0.030002 12.646377
-0.020002 8.479608
-0.010002 4.263816
-0.000002 0.000696
0.009998 -4.307949
0.019998 -8.660211
0.029998 -13.054075
0.039998 -17.487421
0.049998 -21.958025
0.059998 -26.463557
0.069998 -31.001587
0.079998 -35.569577
0.089998 -40.164895
0.099998 -44.784802
0.109998 -49.426460
0.119998 -54.086936
0.129998 -58.763192
0.139998 -63.452107
0.149998 -68.150449
0.159998 -72.854896
0.169998 -77.562032
0.179998 -82.268363
0.189998 -86.970279
0.199998 -91.664107
0.209998 -96.346060
0.219998 -101.012289
0.229998 -105.658850
0.239998 -110.281712
0.249998 -114.876767
0.259998 -119.439815
0.269998 -123.966594
0.279998 -128.452766
0.289998 -132.893909
0.299998 -137.285531
0.309998 -141.623065
0.319998 -145.901885
0.329998 -150.117280
0.339998 -154.264481
0.349998 -158.338678
0.359998 -162.334966
0.369998 -166.248393
0.379998 -170.073962
0.389998 -173.806596
0.399998 -177.441201
0.409998 -180.972585
0.419998 -184.395556
0.429998 -187.704827
0.439998 -190.895130
0.449998 -193.961104
0.459998 -196.897350
0.469998 -199.698473
0.479998 -202.359002
0.489998 -204.873463
0.499998 -207.236325
0.509998 -209.442085
0.519998 -211.485124
0.529998 -213.359895
0.539998 -215.060792
0.549998 -216.582177
0.559998 -217.918431
0.569998 -219.063925
0.579998 -220.012972
0.589998 -220.759966
0.599998 -221.299194
0.609998 -221.625033
0.619998 -221.731845
0.629998 -221.613965
0.639998 -221.265735
0.649998 -220.681600
0.659998 -219.855879
0.669998 -218.783032
0.679998 -217.457470
0.689998 -215.873626
0.699998 -214.026039
0.709998 -211.909221
0.719998 -209.517634
0.729998 -206.845959
0.739998 -203.888756
0.749998 -200.640748
0.759998 -197.096623
0.769998 -193.251094
0.779998 -189.099033
0.789998 -184.635283
0.799998 -179.854753
0.809998 -174.752490
0.819998 -169.323487
0.829998 -163.562890
0.839998 -157.465861
0.849998 -151.027692
0.859998 -144.243705
0.869998 -137.109314
0.879998 -129.620018
0.889998 -121.771445
0.899998 -113.559210
0.909998 -104.979123
0.919998 -96.027047
0.929998 -86.698915
0.939998 -76.990811
0.949998 -66.898925
0.959998 -56.419481
0.969998 -45.548962
0.979998 -34.283791
0.989998 -22.620608
0.999998 -10.556147
1.009998 1.912708
1.019998 14.788999
1.029998 28.075640
1.039998 41.775254
1.049998 55.890566
1.059998 70.424031
1.069998 85.377911
1.079998 100.754537
1.089998 116.555878
1.099998 132.783835
1.109998 149.440103
1.119998 166.526383
1.129998 184.044002
1.139998 201.994233
1.149998 220.378243
1.159998 239.197031
1.169998 258.451094
1.179998 278.141317
1.189998 298.268015
1.199998 318.831443
1.209998 339.831559
1.219998 361.268541
1.229998 383.141926
1.239998 405.451059
1.249997 428.195330
1.259997 451.374341
1.269997 474.986458
1.279997 499.030458
1.289997 523.505182
1.299997 548.408894
1.309997 573.739504
1.319997 599.495425
1.329997 625.673801
1.339997 652.272510
1.349997 679.288748
1.359997 706.719734
1.369997 734.562232
1.379997 762.812791
1.389997 791.468099
1.399997 820.524383
1.409997 849.977288
1.419997 879.823198
1.429997 910.056945
1.439997 940.674217
1.449997 971.670115
1.459997 1003.039749
1.469997 1034.777271
1.479997 1066.877208
1.489997 1099.334091
1.499997 1132.141247
1.509997 1165.292860
1.519997 1198.782023
1.529997 1232.602564
1.539997 1266.746610
1.549997 1301.207388
1.559997 1335.977270
1.569997 1371.048879
1.579997 1406.413490
1.589997 1442.063236
1.599997 1477.990005
1.609997 1514.184338
1.619997 1550.637876
1.629997 1587.341036
1.639997 1624.284475
1.649997 1661.458725
1.659997 1698.853341
1.669997 1736.458117
1.679997 1774.263328
1.689997 1812.257299
1.699997 1850.429568
1.709997 1888.768936
1.719997 1927.264441
1.729997 1965.902941
1.739997 2004.673946
1.749997 2043.564306
1.759997 2082.562549
1.769997 2121.655276
1.779997 2160.829326
1.789997 2200.072487
1.799997 2239.370153
1.809997 2278.709861
1.819997 2318.076764
1.829997 2357.457433
1.839997 2396.836782
1.849997 2436.200665
1.859997 2475.533993
1.869997 2514.821908
1.879997 2554.048615
1.889997 2593.199254
1.899997 2632.257793
1.909997 2671.207749
1.919997 2710.033556
1.929997 2748.717588
1.939997 2787.244510
1.949997 2825.596250
1.959997 2863.756789
1.969997 2901.707397
1.979997 2939.432059
1.989997 2976.911393
1.999997 3014.128721
2.009997 3051.064745
2.019997 3087.701363
2.029997 3124.019983
2.039997 3160.001536
2.049997 3195.627838
2.059997 3230.878764
2.069997 3265.735082
2.079997 3300.176726
2.089997 3334.184717
2.099997 3367.738186
2.109997 3400.817355
2.119997 3433.401841
2.129997 3465.471492
2.139997 3497.004537
2.149997 3527.980896
2.159997 3558.379284
2.169997 3588.178462
2.179997 3617.356626
2.189997 3645.893021
2.199997 3673.765137
2.209997 3700.951120
2.219997 3727.430139
2.229997 3753.178869
2.239997 3778.175030
2.249997 3802.396212
2.259997 3825.821381
2.269997 3848.425589
2.279997 3870.187182
2.289997 3891.083611
2.299997 3911.090387
2.309997 3930.186209
2.319997 3948.346748
2.329997 3965.549034
2.339997 3981.769287
2.349997 3996.984695
2.359997 4011.170956
2.369997 4024.304062
2.379997 4036.361623
2.389997 4047.318795
2.399997 4057.151370
2.409997 4065.836726
2.419997 4073.349549
2.429996 4079.666130
2.439996 4084.763332
2.449996 4088.615133
2.459996 4091.199261
2.469996 4092.490287
2.479996 4092.464923
2.489996 4091.098633
2.499996 4088.366889
2.509996 4084.244884
2.519996 4078.709836
2.529996 4071.736366
2.539996 4063.300834
2.549996 4053.379312
2.559996 4041.946807
2.569996 4028.979203
2.579996 4014.452937
2.589996 3998.344204
2.599996 3980.628476
2.609996 3961.281561
2.619996 3940.280320
2.629996 3917.599959
2.639996 3893.217939
2.649996 3867.109414
2.659996 3839.251518
2.669996 3809.620987
2.679996 3778.193769
2.689996 3744.945971
2.699996 3709.856790
2.709996 3672.901263
2.719996 3634.056313
2.729996 3593.300577
2.739996 3550.610418
2.749996 3505.963926
2.759996 3459.337837
2.769996 3410.710910
2.779996 3360.060602
2.789996 3307.365606
2.799996 3252.603433
2.809996 3195.753466
2.819996 3136.794570
2.829996 3075.704601
2.839996 3012.463200
2.849996 2947.050172
2.859996 2879.445216
2.869996 2809.626932
2.879996 2737.576854
2.889996 2663.274604
2.899996 2586.700389
2.909996 2507.835399
2.919996 2426.661033
2.929996 2343.158088
2.939996 2257.308515
2.949996 2169.093936
2.959996 2078.496855
2.969996 1985.499685
2.979996 1890.085164
2.989996 1792.236663
2.999996 1691.937399
