-1.990000 4765.095963
-1.980000 4722.370278
-1.970000 4679.204527
-1.960000 4635.621815
-1.950000 4591.644574
-1.940000 4547.292728
-1.930000 4502.588675
-1.920000 4457.551830
-1.910000 4412.205020
-1.900000 4366.567153
-1.890000 4320.658712
-1.880000 4274.500861
-1.870000 4228.111717
-1.860000 4181.510988
-1.850000 4134.719061
-1.840000 4087.753249
-1.830000 4040.633879
-1.820000 3993.377718
-1.810000 3946.003851
-1.800000 3898.528964
-1.790000 3850.972314
-1.780000 3803.350274
-1.770000 3755.679885
-1.760000 3707.977913
-1.750000 3660.260123
-1.740000 3612.544161
-1.730000 3564.844507
-1.720000 3517.177764
-1.710000 3469.558809
-1.700000 3422.002470
-1.690000 3374.523778
-1.680000 3327.136991
-1.670000 3279.856811
-1.660000 3232.696681
-1.650000 3185.670000
-1.640000 3138.790365
-1.630000 3092.070355
-1.620000 3045.523970
-1.610000 2999.162237
-1.600000 2952.998093
-1.590000 2907.043210
-1.580000 2861.309218
-1.570000 2815.807214
-1.560000 2770.548741
-1.550000 2725.543837
-1.540000 2680.803474
-1.530000 2636.337847
-1.520000 2592.155896
-1.510000 2548.268470
-1.500000 2504.684182
-1.490000 2461.412098
-1.480000 2418.461242
-1.470001 2375.839633
-1.460001 2333.555978
-1.450001 2291.617495
-1.440001 2250.032338
-1.430001 2208.807900
-1.420001 2167.951297
-1.410001 2127.468894
-1.400001 2087.367506
-1.390001 2047.652957
-1.380001 2008.332365
-1.370001 1969.410300
-1.360001 1930.892866
-1.350001 1892.784947
-1.340001 1855.091763
-1.330001 1817.817561
-1.320001 1780.967280
-1.310001 1744.544657
-1.300001 1708.554003
-1.290001 1672.998787
-1.280001 1637.882350
-1.270001 1603.207902
-1.260001 1568.978411
-1.250001 1535.196717
-1.240001 1501.864841
-1.230001 1468.985381
-1.220001 1436.560463
-1.210001 1404.591181
-1.200001 1373.079547
-1.190001 1342.026773
-1.180001 1311.433848
-1.170001 1281.301653
-1.160001 1251.630964
-1.150001 1222.421779
-1.140001 1193.674781
-1.130001 1165.389549
-1.120001 1137.566124
-1.110001 1110.203900
-1.100001 1083.302401
-1.090001 1056.860951
-1.080001 1030.878244
-1.070001 1005.353111
-1.060001 980.284302
-1.050001 955.670058
-1.040001 931.508762
-1.030001 907.798506
-1.020001 884.537002
-1.010001 861.722103
-1.000001 839.351284
-0.990001 817.422060
-0.980001 795.931377
-0.970001 774.876632
-0.960001 754.254360
-0.950001 734.061549
-0.940001 714.294835
-0.930001 694.950562
-0.920001 676.025130
-0.910001 657.514704
-0.900001 639.415171
-0.890001 621.722624
-0.880001 604.432930
-0.870001 587.541504
-0.860001 571.044064
-0.850001 554.936025
-0.840001 539.212643
-0.830001 523.869158
-0.820001 508.900702
-0.810001 494.302261
-0.800001 480.068636
-0.790001 466.194841
-0.780001 452.675448
-0.770001 439.505073
-0.760001 426.678335
-0.750001 414.189686
-0.740001 402.033502
-0.730001 390.204048
-0.720001 378.695721
-0.710001 367.502568
-0.700001 356.618739
-0.690001 346.038283
-0.680001 335.755311
-0.670001 325.763653
-0.660001 316.057243
-0.650001 306.630047
-0.640001 297.475764
-0.630001 288.588244
-0.620001 279.961229
-0.610001 271.588432
-0.600001 263.463540
-0.590001 255.580284
-0.580001 247.932275
-0.570001 240.513172
-0.560001 233.316559
-0.550001 226.336108
-0.540001 219.565417
-0.530001 212.998038
-0.520001 206.627648
-0.510001 200.447863
-0.500001 194.452248
-0.490001 188.634455
-0.480001 182.988132
-0.470001 177.506959
-0.460001 172.184581
-0.450001 167.014745
-0.440001 161.991135
-0.430001 157.107552
-0.420002 152.357753
-0.410002 147.735584
-0.400002 143.234901
-0.390002 138.849625
-0.380002 134.573677
-0.370002 130.401080
-0.360002 126.325884
-0.350002 122.342160
-0.340002 118.444097
-0.330002 114.625869
-0.320002 110.881793
-0.310002 107.206158
-0.300002 103.593407
-0.290002 100.037976
-0.280002 96.534426
-0.270002 93.077364
-0.260002 89.661474
-0.250002 86.281524
-0.240002 82.932361
-0.230002 79.608919
-0.220002 76.306209
-0.210002 73.019332
-0.200002 69.743474
-0.190002 66.473923
-0.180002 63.206043
-0.170002 59.935310
-0.160002 56.657285
-0.150002 53.367628
-0.140002 50.062111
-0.130002 46.736602
-0.120002 43.387061
-0.110002 40.009574
-0.100002 36.600323
-0.090002 33.155596
-0.080002 29.671796
-0.070002 26.145439
-0.060002 22.573154
-0.050002 18.951680
-0.040002 15.277878
-0.030002 11.548718
-0.020002 7.761299
-0.010002 3.912828
-0.000002 0.000641
0.009998 -3.977809
0.019998 -8.024946
0.029998 -12.143071
0.039998 -16.334359
0.049998 -20.600862
0.059998 -24.944506
0.069998 -29.367091
0.079998 -33.870290
0.089998 -38.455648
0.099998 -43.124587
0.109998 -47.878394
0.119998 -52.718225
0.129998 -57.645123
0.139998 -62.659985
0.149998 -67.763582
0.159998 -72.956559
0.169998 -78.239437
0.179998 -83.612586
0.189998 -89.076273
0.199998 -94.630616
0.209998 -100.275616
0.219998 -106.011129
0.229998 -111.836910
0.239998 -117.752554
0.249998 -123.757538
0.259998 -129.851217
0.269998 -136.032825
0.279998 -142.301448
0.289998 -148.656059
0.299998 -155.095526
0.309998 -161.618547
0.319998 -168.223732
0.329998 -174.909547
0.339998 -181.674339
0.349998 -188.516371
0.359998 -195.433706
0.369998 -202.424345
0.379998 -209.486199
0.389998 -216.616970
0.399998 -223.814333
0.409998 -231.075807
0.419998 -238.398768
0.429998 -245.780581
0.439998 -253.218375
0.449998 -260.709219
0.459998 -268.250155
0.469998 -275.837984
0.479998 -283.469484
0.489998 -291.141303
0.499998 -298.850015
0.509998 -306.592084
0.519998 -314.363856
0.529998 -322.161570
0.539998 -329.981415
0.549998 -337.819458
0.559998 -345.671708
0.569998 -353.534052
0.579998 -361.402294
0.589998 -369.272186
0.599998 -377.139399
0.609998 -384.999387
0.619998 -392.847805
0.629998 -400.679881
0.639998 -408.491198
0.649998 -416.276803
0.659998 -424.032036
0.669998 -431.751952
0.679998 -439.431692
0.689998 -447.066301
0.699998 -454.650689
0.709998 -462.179709
0.719998 -469.648319
0.729998 -477.051271
0.739998 -484.383347
0.749998 -491.639290
0.759998 -498.813631
0.769998 -505.901111
0.779998 -512.896357
0.789998 -519.793874
0.799998 -526.588136
0.809998 -533.273764
0.819998 -539.845181
0.829998 -546.296876
0.839998 -552.623228
0.849998 -558.818739
0.859998 -564.877806
0.869998 -570.794725
0.879998 -576.564014
0.889998 -582.180053
0.899998 -587.637124
0.909998 -592.929797
0.919998 -598.052362
0.929998 -602.999215
0.939998 -607.764861
0.949998 -612.343672
0.959998 -616.730191
0.969998 -620.918780
0.979998 -624.903977
0.989998 -628.680349
0.999998 -632.242445
1.009998 -635.584898
1.019998 -638.702330
1.029998 -641.589352
1.039998 -644.240774
1.049998 -646.651298
1.059998 -648.815782
1.069998 -650.729194
1.079998 -652.386291
1.089998 -653.782213
1.099998 -654.912004
1.109998 -655.770665
1.119998 -656.353541
1.129998 -656.655889
1.139998 -656.672874
1.149998 -656.400243
1.159998 -655.833272
1.169998 -654.967655
1.179998 -653.798955
1.189998 -652.323278
1.199998 -650.536152
1.209998 -648.433709
1.219998 -646.012075
1.229998 -643.267426
1.239998 -640.195988
1.249997 -636.794215
1.259997 -633.058734
1.269997 -628.986178
1.279997 -624.573125
1.289997 -619.816511
1.299997 -614.713577
1.309997 -609.261402
1.319997 -603.457198
1.329997 -597.298433
1.339997 -590.782715
1.349997 -583.907558
1.359997 -576.671036
1.369997 -569.071136
1.379997 -561.105996
1.389997 -552.773847
1.399997 -544.073200
1.409997 -535.002843
1.419997 -525.561066
1.429997 -515.747530
1.439997 -505.560887
1.449997 -495.000442
1.459997 -484.065794
1.469997 -472.756751
1.479997 -461.072810
1.489997 -449.014197
1.499997 -436.580865
1.509997 -423.773438
1.519997 -410.592456
1.529997 -397.038432
1.539997 -383.112563
1.549997 -368.815810
1.559997 -354.149606
1.569997 -339.115523
1.579997 -323.714905
1.589997 -307.950519
1.599997 -291.823567
1.609997 -275.336862
1.619997 -258.492814
1.629997 -241.294471
1.639997 -223.744542
1.649997 -205.846317
1.659997 -187.603119
1.669997 -169.018667
1.679997 -150.096537
1.689997 -130.841191
1.699997 -111.256766
1.709997 -91.347682
1.719997 -71.118643
1.729997 -50.574519
1.739997 -29.720585
1.749997 -8.562586
1.759997 12.894529
1.769997 34.644441
1.779997 56.681079
1.789997 78.998083
1.799997 101.589278
1.809997 124.447424
1.819997 147.566055
1.829997 170.937112
1.839997 194.553956
1.849997 218.408238
1.859997 242.492375
1.869997 266.797904
1.879997 291.316537
1.889997 316.039689
1.899997 340.958483
1.909997 366.063342
1.919997 391.345553
1.929997 416.795414
1.939997 442.402645
1.949997 468.157024
1.959997 494.049027
1.969997 520.067957
1.979997 546.202574
1.989997 572.441722
1.999997 598.774792
2.009997 625.190783
2.019997 651.676361
2.029997 678.220517
2.039997 704.811046
2.049997 731.435517
2.059997 758.081596
2.069997 784.736073
2.079997 811.385733
2.089997 838.018097
2.099997 864.618650
2.109997 891.174149
2.119997 917.670495
2.129997 944.093683
2.139997 970.429079
2.149997 996.662146
2.159997 1022.778134
2.169997 1048.762281
2.179997 1074.598811
2.189997 1100.272648
2.199997 1125.768011
2.209997 1151.069409
2.219997 1176.159975
2.229997 1201.023827
2.239997 1225.645163
2.249997 1250.006928
2.259997 1274.091416
2.269997 1297.882820
2.279997 1321.363812
2.289997 1344.516338
2.299997 1367.323915
2.309997 1389.767506
2.319997 1411.829732
2.329997 1433.493208
2.339997 1454.738600
2.349997 1475.548280
2.359997 1495.903655
2.369997 1515.785553
2.379997 1535.175596
2.389997 1554.054403
2.399997 1572.402465
2.409997 1590.201452
2.419997 1607.431725
2.429996 1624.073042
2.439996 1640.106483
2.449996 1655.511406
2.459996 1670.268628
2.469996 1684.358205
2.479996 1697.758120
2.489996 1710.450789
2.499996 1722.414145
2.509996 1733.627983
2.519996 1744.072273
2.529996 1753.725744
2.539996 1762.568040
2.549996 1770.577065
2.559996 1777.733808
2.569996 1784.016036
2.579996 1789.403475
2.589996 1793.874590
2.599996 1797.407816
2.609996 1799.983171
2.619996 1801.577626
2.629996 1802.171697
2.639996 1801.742216
2.649996 1800.269343
2.659996 1797.731517
2.669996 1794.106060
2.679996 1789.372988
2.689996 1783.510063
2.699996 1776.496049
2.709996 1768.309593
2.719996 1758.928645
2.729996 1748.333079
2.739996 1736.500004
2.749996 1723.409672
2.759996 1709.039306
2.769996 1693.368787
2.779996 1676.375678
2.789996 1658.039561
2.799996 1638.339012
2.809996 1617.252382
2.819996 1594.760161
2.829996 1570.840347
2.839996 1545.472444
2.849996 1518.635297
2.859996 1490.308030
2.869996 1460.471074
2.879996 1429.102933
2.889996 1396.183826
2.899996 1361.693073
2.909996 1325.611198
2.919996 1287.917570
2.929996 1248.592935
2.939996 1207.617004
2.949996 1164.970584
2.959996 1120.633869
2.969996 1074.588392
2.979996 1026.814516
2.989996 977.293573
2.999996 926.006830
