-1.990000 244.687014
-1.980000 247.905968
-1.970000 251.083046
-1.960000 254.217165
-1.950000 257.307094
-1.940000 260.351793
-1.930000 263.350187
-1.920000 266.301106
-1.910000 269.203634
-1.900000 272.056588
-1.890000 274.858980
-1.880000 277.609961
-1.870000 280.308355
-1.860000 282.953418
-1.850000 285.544194
-1.840000 288.079693
-1.830000 290.559123
-1.820000 292.981539
-1.810000 295.346198
-1.800000 297.652319
-1.790000 299.899088
-1.780000 302.085715
-1.770000 304.211491
-1.760000 306.275735
-1.750000 308.277817
-1.740000 310.216925
-1.730000 312.092568
-1.720000 313.904073
-1.710000 315.650911
-1.700000 317.332425
-1.690000 318.948137
-1.680000 320.497622
-1.670000 321.980301
-1.660000 323.395709
-1.650000 324.743407
-1.640000 326.023165
-1.630000 327.234349
-1.620000 328.376720
-1.610000 329.449971
-1.600000 330.453789
-1.590000 331.387827
-1.580000 332.251917
-1.570000 333.045762
-1.560000 333.769275
-1.550000 334.422119
-1.540000 335.004227
-1.530000 335.515467
-1.520000 335.955823
-1.510000 336.325030
-1.500000 336.623185
-1.490000 336.850195
-1.480000 337.006178
-1.470001 337.091002
-1.460001 337.104803
-1.450001 337.047652
-1.440001 336.919737
-1.430001 336.720996
-1.420001 336.451698
-1.410001 336.112013
-1.400001 335.702199
-1.390001 335.222356
-1.380001 334.672850
-1.370001 334.053863
-1.360001 333.365779
-1.350001 332.608947
-1.340001 331.783652
-1.330001 330.890203
-1.320001 329.929140
-1.310001 328.900879
-1.300001 327.805743
-1.290001 326.644254
-1.280001 325.416987
-1.270001 324.124394
-1.260001 322.767009
-1.250001 321.345388
-1.240001 319.860141
-1.230001 318.311927
-1.220001 316.701256
-1.210001 315.028861
-1.200001 313.295441
-1.190001 311.501656
-1.180001 309.648221
-1.170001 307.735870
-1.160001 305.765359
-1.150001 303.737576
-1.140001 301.653180
-1.130001 299.513045
-1.120001 297.318037
-1.110001 295.069042
-1.100001 292.766913
-1.090001 290.412548
-1.080001 288.006891
-1.070001 285.550854
-1.060001 283.045420
-1.050001 280.491643
-1.040001 277.890383
-1.030001 275.242759
-1.020001 272.549747
-1.010001 269.812472
-1.000001 267.031921
-0.990001 264.209226
-0.980001 261.345487
-0.970001 258.441867
-0.960001 255.499398
-0.950001 252.519350
-0.940001 249.502786
-0.930001 246.450983
-0.920001 243.365058
-0.910001 240.246269
-0.900001 237.095859
-0.890001 233.915017
-0.880001 230.705015
-0.870001 227.467186
-0.860001 224.202687
-0.850001 220.912923
-0.840001 217.599125
-0.830001 214.262673
-0.820001 210.904823
-0.810001 207.527000
-0.800001 204.130461
-0.790001 200.716673
-0.780001 197.286914
-0.770001 193.842606
-0.760001 190.385175
-0.750001 186.915934
-0.740001 183.436391
-0.730001 179.947875
-0.720001 176.451890
-0.710001 172.949781
-0.700001 169.443086
-0.690001 165.933187
-0.680001 162.421551
-0.670001 158.909627
-0.660001 155.398930
-0.650001 151.890862
-0.640001 148.386960
-0.630001 144.888653
-0.620001 141.397476
-0.610001 137.914868
-0.600001 134.442362
-0.590001 130.981423
-0.580001 127.533568
-0.570001 124.100279
-0.560001 120.683076
-0.550001 117.283451
-0.540001 113.902906
-0.530001 110.542964
-0.520001 107.205111
-0.510001 103.890857
-0.500001 100.601710
-0.490001 97.339170
-0.480001 94.104743
-0.470001 90.899927
-0.460001 87.726217
-0.450001 84.585120
-0.440001 81.478124
-0.430001 78.406710
-0.420002 75.372369
-0.410002 72.376590
-0.400002 69.420850
-0.390002 66.506611
-0.380002 63.635344
-0.370002 60.808519
-0.360002 58.027579
-0.350002 55.293985
-0.340002 52.609173
-0.330002 49.974574
-0.320002 47.391624
-0.310002 44.861734
-0.300002 42.386318
-0.290002 39.966785
-0.280002 37.604516
-0.270002 35.300905
-0.260002 33.057315
-0.250002 30.875112
-0.240002 28.755646
-0.230002 26.700263
-0.220002 24.710289
-0.210002 22.787042
-0.200002 20.931828
-0.190002 19.145938
-0.180002 17.430655
-0.170002 15.787240
-0.160002 14.216949
-0.150002 12.721018
-0.140002 11.300673
-0.130002 9.957122
-0.120002 8.691559
-0.110002 7.505160
-0.100002 6.399090
-0.090002 5.374493
-0.080002 4.432500
-0.070002 3.574222
-0.060002 2.800754
-0.050002 2.113174
-0.040002 1.512542
-0.030002 0.999898
-0.020002 0.576266
-0.010002 0.242649
-0.000002 0.000032
0.009998 -0.150621
0.019998 -0.208364
0.029998 -0.172273
0.039998 -0.041443
0.049998 0.185008
0.059998 0.507944
0.069998 0.928204
0.079998 1.446608
0.089998 2.063953
0.099998 2.781015
0.109998 3.598544
0.119998 4.517270
0.129998 5.537902
0.139998 6.661120
0.149998 7.887584
0.159998 9.217930
0.169998 10.652769
0.179998 12.192685
0.189998 13.838245
0.199998 15.589980
0.209998 17.448407
0.219998 19.414011
0.229998 21.487252
0.239998 23.668566
0.249998 25.958363
0.259998 28.357019
0.269998 30.864895
0.279998 33.482320
0.289998 36.209606
0.299998 39.047012
0.309998 41.994796
0.319998 45.053180
0.329998 48.222355
0.339998 51.502482
0.349998 54.893702
0.359998 58.396127
0.369998 62.009834
0.379998 65.734880
0.389998 69.571284
0.399998 73.519044
0.409998 77.578125
0.419998 81.748466
0.429998 86.029978
0.439998 90.422530
0.449998 94.925975
0.459998 99.540143
0.469998 104.264814
0.479998 109.099752
0.489998 114.044691
0.499998 119.099329
0.509998 124.263347
0.519998 129.536355
0.529998 134.918004
0.539998 140.407840
0.549998 146.005448
0.559998 151.710306
0.569998 157.521957
0.579998 163.439814
0.589998 169.463344
0.599998 175.591919
0.609998 181.824926
0.619998 188.161675
0.629998 194.601511
0.639998 201.143683
0.649998 207.787458
0.659998 214.532040
0.669998 221.376620
0.679998 228.320357
0.689998 235.362383
0.699998 242.501759
0.709998 249.737592
0.719998 257.068884
0.729998 264.494683
0.739998 272.013909
0.749998 279.625551
0.759998 287.328487
0.769998 295.121650
0.779998 303.003857
0.789998 310.973916
0.799998 319.030672
0.809998 327.172851
0.819998 335.399240
0.829998 343.708463
0.839998 352.099292
0.849998 360.570292
0.859998 369.120156
0.869998 377.747435
0.879998 386.450675
0.889998 395.228462
0.899998 404.079284
0.909998 413.001553
0.919998 421.993845
0.929998 431.054466
0.939998 440.181890
0.949998 449.374367
0.959998 458.630414
0.969998 467.948178
0.979998 477.326073
0.989998 486.762292
0.999998 496.255097
1.009998 505.802624
1.019998 515.403138
1.029998 525.054722
1.039998 534.755589
1.049998 544.503771
1.059998 554.297434
1.069998 564.134452
1.079998 574.013101
1.089998 583.931207
1.099998 593.886838
1.109998 603.877878
1.119998 613.902350
1.129998 623.958091
1.139998 634.043023
1.149998 644.154991
1.159998 654.291932
1.169998 664.451534
1.179998 674.631689
1.189998 684.830100
1.199998 695.044559
1.209998 705.272956
1.219998 715.512759
1.229998 725.761758
1.239998 736.017726
1.249997 746.278301
1.259997 756.540986
1.269997 766.803439
1.279997 777.063418
1.289997 787.318430
1.299997 797.565962
1.309997 807.803605
1.319997 818.028929
1.329997 828.239552
1.339997 838.432837
1.349997 848.606250
1.359997 858.757302
1.369997 868.883549
1.379997 878.982353
1.389997 889.051184
1.399997 899.087318
1.409997 909.088316
1.419997 919.051550
1.429997 928.974377
1.439997 938.854144
1.449997 948.688247
1.459997 958.474071
1.469997 968.208871
1.479997 977.889951
1.489997 987.514728
1.499997 997.080489
1.509997 1006.584511
1.519997 1016.024127
1.529997 1025.396598
1.539997 1034.699119
1.549997 1043.929063
1.559997 1053.083733
1.569997 1062.160183
1.579997 1071.155953
1.589997 1080.068086
1.599997 1088.893868
1.609997 1097.630702
1.619997 1106.275623
1.629997 1114.826029
1.639997 1123.278949
1.649997 1131.631777
1.659997 1139.881786
1.669997 1148.026122
1.679997 1156.061814
1.689997 1163.986497
1.699997 1171.797320
1.709997 1179.491315
1.719997 1187.065757
1.729997 1194.518045
1.739997 1201.845337
1.749997 1209.044797
1.759997 1216.113835
1.769997 1223.049502
1.779997 1229.849336
1.789997 1236.510281
1.799997 1243.029885
1.809997 1249.405226
1.819997 1255.633865
1.829997 1261.712776
1.839997 1267.639418
1.849997 1273.411021
1.859997 1279.025058
1.869997 1284.478779
1.879997 1289.769446
1.889997 1294.894445
1.899997 1299.851293
1.909997 1304.637285
1.919997 1309.249614
1.929997 1313.685947
1.939997 1317.943619
1.949997 1322.019981
1.959997 1325.912512
1.969997 1329.618593
1.979997 1333.135960
1.989997 1336.461801
1.999997 1339.593883
2.009997 1342.529577
2.019997 1345.266389
2.029997 1347.802063
2.039997 1350.133992
2.049997 1352.259812
2.059997 1354.177286
2.069997 1355.883869
2.079997 1357.377260
2.089997 1358.655281
2.099997 1359.715562
2.109997 1360.555655
2.119997 1361.173763
2.129997 1361.567169
2.139997 1361.733811
2.149997 1361.671648
2.159997 1361.378458
2.169997 1360.852145
2.179997 1360.090441
2.189997 1359.091505
2.199997 1357.853223
2.209997 1356.373509
2.219997 1354.650404
2.229997 1352.681977
2.239997 1350.466231
2.249997 1348.001389
2.259997 1345.285513
2.269997 1342.316696
2.279997 1339.093066
2.289997 1335.613151
2.299997 1331.874956
2.309997 1327.876885
2.319997 1323.617016
2.329997 1319.094088
2.339997 1314.306070
2.349997 1309.251850
2.359997 1303.929386
2.369997 1298.337459
2.379997 1292.474618
2.389997 1286.339368
2.399997 1279.930167
2.409997 1273.246006
2.419997 1266.285092
2.429996 1259.046568
2.439996 1251.528886
2.449996 1243.730939
2.459996 1235.651654
2.469996 1227.289691
2.479996 1218.644056
2.489996 1209.713647
2.499996 1200.497619
2.509996 1190.994876
2.519996 1181.204437
2.529996 1171.125508
2.539996 1160.757193
2.549996 1150.098708
2.559996 1139.149380
2.569996 1127.908242
2.579996 1116.374775
2.589996 1104.548497
2.599996 1092.428580
2.609996 1080.014505
2.619996 1067.306040
2.629996 1054.302381
2.639996 1041.003264
2.649996 1027.408346
2.659996 1013.517214
2.669996 999.329843
2.679996 984.845800
2.689996 970.064822
2.699996 954.987118
2.709996 939.612404
2.719996 923.940564
2.729996 907.971728
2.739996 891.705780
2.749996 875.143229
2.759996 858.283865
2.769996 841.127918
2.779996 823.675839
2.789996 805.927771
2.799996 787.884250
2.809996 769.545525
2.819996 750.911989
2.829996 731.984391
2.839996 712.763068
2.849996 693.248642
2.859996 673.441921
2.869996 653.343481
2.879996 632.954093
2.889996 612.274577
2.899996 591.305862
2.909996 570.048803
2.919996 548.504315
2.929996 526.673426
2.939996 504.557310
2.949996 482.156938
2.959996 459.473539
2.969996 436.508382
2.979996 413.262657
2.989996 389.737737
2.999996 365.934964
