-1.990000 3401.876702
-1.980000 3366.622767
-1.970000 3331.086992
-1.960000 3295.287377
-1.950000 3259.240810
-1.940000 3222.964410
-1.930000 3186.475535
-1.920000 3149.790644
-1.910000 3112.925966
-1.900000 3075.898894
-1.890000 3038.724523
-1.880000 3001.418173
-1.870000 2963.996563
-1.860000 2926.475027
-1.850000 2888.868430
-1.840000 2851.191168
-1.830000 2813.458577
-1.820000 2775.684579
-1.810000 2737.884281
-1.800000 2700.070420
-1.790000 2662.257866
-1.780000 2624.459108
-1.770000 2586.688545
-1.760000 2548.958180
-1.750000 2511.280971
-1.740000 2473.669875
-1.730000 2436.136645
-1.720000 2398.693749
-1.710000 2361.352935
-1.700000 2324.125460
-1.690000 2287.022821
-1.680000 2250.056271
-1.670000 2213.235845
-1.660000 2176.573276
-1.650000 2140.077623
-1.640000 2103.760373
-1.630000 2067.630091
-1.620000 2031.696923
-1.610000 1995.970406
-1.600000 1960.459342
-1.590000 1925.172413
-1.580000 1890.118789
-1.570000 1855.306053
-1.560000 1820.742889
-1.550000 1786.437249
-1.540000 1752.396358
-1.530000 1718.628052
-1.520000 1685.139319
-1.510000 1651.936906
-1.500000 1619.027568
-1.490000 1586.417821
-1.480000 1554.113826
-1.470001 1522.121627
-1.460001 1490.446794
-1.450001 1459.095149
-1.440001 1428.071677
-1.430001 1397.381496
-1.420001 1367.029376
-1.410001 1337.020100
-1.400001 1307.357864
-1.390001 1278.047002
-1.380001 1249.091024
-1.370001 1220.494180
-1.360001 1192.259543
-1.350001 1164.390446
-1.340001 1136.889889
-1.330001 1109.761015
-1.320001 1083.006161
-1.310001 1056.627809
-1.300001 1030.628119
-1.290001 1005.009160
-1.280001 979.772623
-1.270001 954.920290
-1.260001 930.453393
-1.250001 906.373201
-1.240001 882.680730
-1.230001 859.376804
-1.220001 836.462054
-1.210001 813.936585
-1.200001 791.801229
-1.190001 770.055608
-1.180001 748.699960
-1.170001 727.733552
-1.160001 707.156270
-1.150001 686.967316
-1.140001 667.165949
-1.130001 647.751149
-1.120001 628.721733
-1.110001 610.076628
-1.100001 591.814110
-1.090001 573.932629
-1.080001 556.430477
-1.070001 539.305745
-1.060001 522.556265
-1.050001 506.179940
-1.040001 490.174319
-1.030001 474.536969
-1.020001 459.265112
-1.010001 444.356150
-1.000001 429.807146
-0.990001 415.615086
-0.980001 401.776834
-0.970001 388.289081
-0.960001 375.148399
-0.950001 362.351398
-0.940001 349.894373
-0.930001 337.773612
-0.920001 325.985345
-0.910001 314.525553
-0.900001 303.390261
-0.890001 292.575352
-0.880001 282.076566
-0.870001 271.889647
-0.860001 262.010111
-0.850001 252.433577
-0.840001 243.155353
-0.830001 234.170941
-0.820001 225.475543
-0.810001 217.064335
-0.800001 208.932514
-0.790001 201.075210
-0.780001 193.487316
-0.770001 186.163843
-0.760001 179.099741
-0.750001 172.289794
-0.740001 165.728809
-0.730001 159.411578
-0.720001 153.332796
-0.710001 147.487120
-0.700001 141.869170
-0.690001 136.473532
-0.680001 131.294838
-0.670001 126.327567
-0.660001 121.566230
-0.650001 117.005357
-0.640001 112.639407
-0.630001 108.462836
-0.620001 104.470068
-0.610001 100.655572
-0.600001 97.013746
-0.590001 93.539022
-0.580001 90.225835
-0.570001 87.068601
-0.560001 84.061729
-0.550001 81.199695
-0.540001 78.476903
-0.530001 75.887844
-0.520001 73.426974
-0.510001 71.088802
-0.500001 68.867842
-0.490001 66.758616
-0.480001 64.755705
-0.470001 62.853701
-0.460001 61.047232
-0.450001 59.330958
-0.440001 57.699583
-0.430001 56.147838
-0.420002 54.670517
-0.410002 53.262435
-0.400002 51.918454
-0.390002 50.633523
-0.380002 49.402597
-0.370002 48.220708
-0.360002 47.082940
-0.350002 45.984429
-0.340002 44.920392
-0.330002 43.886086
-0.320002 42.876845
-0.310002 41.888072
-0.300002 40.915225
-0.290002 39.953852
-0.280002 38.999564
-0.270002 38.048048
-0.260002 37.095065
-0.250002 36.136466
-0.240002 35.168171
-0.230002 34.186188
-0.220002 33.186612
-0.210002 32.165615
-0.200002 31.119467
-0.190002 30.044520
-0.180002 28.937220
-0.170002 27.794105
-0.160002 26.611805
-0.150002 25.387045
-0.140002 24.116652
-0.130002 22.797544
-0.120002 21.426741
-0.110002 20.001363
-0.100002 18.518633
-0.090002 16.975873
-0.080002 15.370514
-0.070002 13.700085
-0.060002 11.962227
-0.050002 10.154684
-0.040002 8.275309
-0.030002 6.322064
-0.020002 4.293019
-0.010002 2.186355
-0.000002 0.000362
0.009998 -2.266557
0.019998 -4.615889
0.029998 -7.049005
0.039998 -9.567166
0.049998 -12.171521
0.059998 -14.863101
0.069998 -17.642826
0.079998 -20.511502
0.089998 -23.469818
0.099998 -26.518349
0.109998 -29.657557
0.119998 -32.887789
0.129998 -36.209271
0.139998 -39.622127
0.149998 -43.126349
0.159998 -46.721824
0.169998 -50.408331
0.179998 -54.185511
0.189998 -58.052921
0.199998 -62.009986
0.209998 -66.056011
0.219998 -70.190212
0.229998 -74.411670
0.239998 -78.719363
0.249998 -83.112161
0.259998 -87.588809
0.269998 -92.147951
0.279998 -96.788133
0.289998 -101.507777
0.299998 -106.305205
0.309998 -111.178633
0.319998 -116.126150
0.329998 -121.145760
0.339998 -126.235384
0.349998 -131.392766
0.359998 -136.615643
0.369998 -141.901588
0.379998 -147.248074
0.389998 -152.652531
0.399998 -158.112211
0.409998 -163.624341
0.419998 -169.186006
0.429998 -174.794247
0.439998 -180.445964
0.449998 -186.137978
0.459998 -191.867036
0.469998 -197.629796
0.479998 -203.422832
0.489998 -209.242623
0.499998 -215.085575
0.509998 -220.948002
0.519998 -226.826159
0.529998 -232.716202
0.539998 -238.614230
0.549998 -244.516271
0.559998 -250.418281
0.569998 -256.316116
0.579998 -262.205595
0.589998 -268.082474
0.599998 -273.942483
0.609998 -279.781185
0.619998 -285.594156
0.629998 -291.376914
0.639998 -297.124960
0.649998 -302.833636
0.659998 -308.498343
0.669998 -314.114398
0.679998 -319.677038
0.689998 -325.181493
0.699998 -330.622915
0.709998 -335.996496
0.719998 -341.297357
0.729998 -346.520543
0.739998 -351.661111
0.749998 -356.714092
0.759998 -361.674448
0.769998 -366.537246
0.779998 -371.297324
0.789998 -375.949668
0.799998 -380.489212
0.809998 -384.910878
0.819998 -389.209532
0.829998 -393.380080
0.839998 -397.417471
0.849998 -401.316517
0.859998 -405.072166
0.869998 -408.679329
0.879998 -412.132878
0.889998 -415.427692
0.899998 -418.558807
0.909998 -421.521134
0.919998 -424.309603
0.929998 -426.919212
0.939998 -429.344985
0.949998 -431.581974
0.959998 -433.625211
0.969998 -435.469913
0.979998 -437.111083
0.989998 -438.543963
0.999998 -439.763838
1.009998 -440.765887
1.019998 -441.545437
1.029998 -442.097868
1.039998 -442.418666
1.049998 -442.503269
1.059998 -442.347174
1.069998 -441.945996
1.079998 -441.295466
1.089998 -440.391280
1.099998 -439.229257
1.109998 -437.805238
1.119998 -436.115248
1.129998 -434.155285
1.139998 -431.921540
1.149998 -429.410124
1.159998 -426.617404
1.169998 -423.539669
1.179998 -420.173586
1.189998 -416.515582
1.199998 -412.562464
1.209998 -408.310861
1.219998 -403.757905
1.229998 -398.900326
1.239998 -393.735418
1.249997 -388.260365
1.259997 -382.472466
1.269997 -376.369195
1.279997 -369.948326
1.289997 -363.207293
1.299997 -356.144121
1.309997 -348.756616
1.319997 -341.042951
1.329997 -333.001494
1.339997 -324.630576
1.349997 -315.928486
1.359997 -306.894135
1.369997 -297.526221
1.379997 -287.823768
1.389997 -277.785893
1.399997 -267.411623
1.409997 -256.700741
1.419997 -245.652543
1.429997 -234.266739
1.439997 -222.543365
1.449997 -210.482487
1.459997 -198.084096
1.469997 -185.348833
1.479997 -172.277268
1.489997 -158.869842
1.499997 -145.127836
1.509997 -131.052040
1.519997 -116.643723
1.529997 -101.904584
1.539997 -86.836011
1.549997 -71.439760
1.559997 -55.718080
1.569997 -39.672976
1.579997 -23.306890
1.589997 -6.622268
1.599997 10.378066
1.609997 27.691036
1.619997 45.313919
1.629997 63.243002
1.639997 81.474741
1.649997 100.005636
1.659997 118.831805
1.669997 137.948556
1.679997 157.352390
1.689997 177.037846
1.699997 197.001017
1.709997 217.236395
1.719997 237.739234
1.729997 258.503749
1.739997 279.524628
1.749997 300.796270
1.759997 322.312131
1.769997 344.066656
1.779997 366.052402
1.789997 388.264343
1.799997 410.694138
1.809997 433.335617
1.819997 456.181031
1.829997 479.223363
1.839997 502.454851
1.849997 525.867049
1.859997 549.452006
1.869997 573.201906
1.879997 597.107782
1.889997 621.161036
1.899997 645.352744
1.909997 669.673417
1.919997 694.113705
1.929997 718.664559
1.939997 743.315454
1.949997 768.056744
1.959997 792.877604
1.969997 817.768866
1.979997 842.718552
1.989997 867.716505
1.999997 892.751238
2.009997 917.812006
2.019997 942.886568
2.029997 967.963768
2.039997 993.031410
2.049997 1018.077211
2.059997 1043.089444
2.069997 1068.055308
2.079997 1092.961813
2.089997 1117.796516
2.099997 1142.546242
2.109997 1167.197308
2.119997 1191.736262
2.129997 1216.149770
2.139997 1240.423789
2.149997 1264.544393
2.159997 1288.497065
2.169997 1312.267513
2.179997 1335.840957
2.189997 1359.202941
2.199997 1382.338229
2.209997 1405.231220
2.219997 1427.868101
2.229997 1450.231656
2.239997 1472.307235
2.249997 1494.078662
2.259997 1515.529608
2.269997 1536.644903
2.279997 1557.407243
2.289997 1577.800578
2.299997 1597.808603
2.309997 1617.414041
2.319997 1636.599844
2.329997 1655.350068
2.339997 1673.646129
2.349997 1691.471447
2.359997 1708.808592
2.369997 1725.639659
2.379997 1741.947476
2.389997 1757.713223
2.399997 1772.919321
2.409997 1787.548712
2.419997 1801.582086
2.429996 1815.001348
2.439996 1827.788605
2.449996 1839.924284
2.459996 1851.390919
2.469996 1862.169225
2.479996 1872.240457
2.489996 1881.586378
2.499996 1890.186737
2.509996 1898.024158
2.519996 1905.077838
2.529996 1911.329800
2.539996 1916.760283
2.549996 1921.350449
2.559996 1925.080710
2.569996 1927.932103
2.579996 1929.884555
2.589996 1930.918503
2.599996 1931.014605
2.609996 1930.154101
2.619996 1928.316325
2.629996 1925.482338
2.639996 1921.632202
2.649996 1916.747145
2.659996 1910.806064
2.669996 1903.790738
2.679996 1895.680345
2.689996 1886.456403
2.699996 1876.098684
2.709996 1864.587646
2.719996 1851.904368
2.729996 1838.028342
2.739996 1822.940328
2.749996 1806.621668
2.759996 1789.052221
2.769996 1770.212853
2.779996 1750.084126
2.789996 1728.647185
2.799996 1705.882386
2.809996 1681.771008
2.819996 1656.294066
2.829996 1629.432505
2.839996 1601.167526
2.849996 1571.480845
2.859996 1540.352870
2.869996 1507.765815
2.879996 1473.701157
2.889996 1438.140878
2.899996 1401.066108
2.909996 1362.459571
2.919996 1322.302937
2.929996 1280.578815
2.939996 1237.269318
2.949996 1192.357329
2.959996 1145.825130
2.969996 1097.656099
2.979996 1047.833062
2.989996 996.339450
2.999996 943.158566
