-1.990000 2959.511460
-1.980000 2937.478400
-1.970000 2915.109897
-1.960000 2892.418076
-1.950000 2869.414077
-1.940000 2846.109628
-1.930000 2822.515917
-1.920000 2798.644268
-1.910000 2774.506375
-1.900000 2750.112921
-1.890000 2725.474719
-1.880000 2700.603413
-1.870000 2675.509160
-1.860000 2650.202945
-1.850000 2624.695653
-1.840000 2598.997365
-1.830000 2573.118998
-1.820000 2547.070421
-1.810000 2520.862104
-1.800000 2494.504176
-1.790000 2468.006416
-1.780000 2441.378970
-1.770000 2414.631636
-1.760000 2387.773379
-1.750000 2360.814968
-1.740000 2333.764900
-1.730000 2306.632997
-1.720000 2279.427999
-1.710000 2252.159496
-1.700000 2224.836235
-1.690000 2197.466842
-1.680000 2170.060550
-1.670000 2142.625257
-1.660000 2115.170198
-1.650000 2087.703514
-1.640000 2060.233220
-1.630000 2032.767695
-1.620000 2005.314463
-1.610000 1977.882142
-1.600000 1950.477638
-1.590000 1923.109439
-1.580000 1895.784443
-1.570000 1868.510028
-1.560000 1841.293815
-1.550000 1814.142561
-1.540000 1787.063384
-1.530000 1760.062908
-1.520000 1733.148116
-1.510000 1706.325739
-1.500000 1679.601890
-1.490000 1652.983042
-1.480000 1626.475416
-1.470001 1600.084981
-1.460001 1573.817820
-1.450001 1547.679641
-1.440001 1521.676389
-1.430001 1495.813270
-1.420001 1470.095848
-1.410001 1444.529433
-1.400001 1419.119086
-1.390001 1393.869980
-1.380001 1368.787157
-1.370001 1343.875051
-1.360001 1319.138447
-1.350001 1294.581880
-1.340001 1270.209877
-1.330001 1246.026360
-1.320001 1222.035721
-1.310001 1198.242100
-1.300001 1174.649160
-1.290001 1151.260554
-1.280001 1128.080163
-1.270001 1105.111273
-1.260001 1082.357512
-1.250001 1059.821919
-1.240001 1037.507757
-1.230001 1015.417819
-1.220001 993.555353
-1.210001 971.922679
-1.200001 950.522970
-1.190001 929.358310
-1.180001 908.431174
-1.170001 887.744032
-1.160001 867.298897
-1.150001 847.097835
-1.140001 827.142738
-1.130001 807.435661
-1.120001 787.977990
-1.110001 768.771552
-1.100001 749.817673
-1.090001 731.117787
-1.080001 712.673166
-1.070001 694.484913
-1.060001 676.554079
-1.050001 658.881556
-1.040001 641.468179
-1.030001 624.314783
-1.020001 607.421787
-1.010001 590.789868
-1.000001 574.419292
-0.990001 558.310483
-0.980001 542.463505
-0.970001 526.878684
-0.960001 511.555790
-0.950001 496.494951
-0.940001 481.695799
-0.930001 467.158027
-0.920001 452.881572
-0.910001 438.865650
-0.900001 425.109917
-0.890001 411.613655
-0.880001 398.376151
-0.870001 385.396516
-0.860001 372.674008
-0.850001 360.207524
-0.840001 347.996063
-0.830001 336.038498
-0.820001 324.333578
-0.810001 312.879975
-0.800001 301.676418
-0.790001 290.721384
-0.780001 280.013322
-0.770001 269.550697
-0.760001 259.331900
-0.750001 249.355085
-0.740001 239.618509
-0.730001 230.120318
-0.720001 220.858555
-0.710001 211.831240
-0.700001 203.036371
-0.690001 194.471728
-0.680001 186.135229
-0.670001 178.024619
-0.660001 170.137624
-0.650001 162.471881
-0.640001 155.025011
-0.630001 147.794575
-0.620001 140.778094
-0.610001 133.973014
-0.600001 127.376779
-0.590001 120.986735
-0.580001 114.800222
-0.570001 108.814519
-0.560001 103.026883
-0.550001 97.434516
-0.540001 92.034597
-0.530001 86.824255
-0.520001 81.800588
-0.510001 76.960680
-0.500001 72.301556
-0.490001 67.820242
-0.480001 63.513697
-0.470001 59.378893
-0.460001 55.412754
-0.450001 51.612194
-0.440001 47.974086
-0.430001 44.495302
-0.420002 41.172689
-0.410002 38.003070
-0.400002 34.983264
-0.390002 32.110070
-0.380002 29.380268
-0.370002 26.790626
-0.360002 24.337920
-0.350002 22.018900
-0.340002 19.830312
-0.330002 17.768895
-0.320002 15.831391
-0.310002 14.014530
-0.300002 12.315045
-0.290002 10.729670
-0.280002 9.255138
-0.270002 7.888183
-0.260002 6.625546
-0.250002 5.463968
-0.240002 4.400201
-0.230002 3.431004
-0.220002 2.553145
-0.210002 1.763401
-0.200002 1.058562
-0.190002 0.435429
-0.180002 -0.109183
-0.170002 -0.578441
-0.160002 -0.975498
-0.150002 -1.303490
-0.140002 -1.565532
-0.130002 -1.764720
-0.120002 -1.904130
-0.110002 -1.986814
-0.100002 -2.015802
-0.090002 -1.994099
-0.080002 -1.924685
-0.070002 -1.810512
-0.060002 -1.654505
-0.050002 -1.459563
-0.040002 -1.228551
-0.030002 -0.964306
-0.020002 -0.669633
-0.010002 -0.347304
-0.000002 -0.000058
0.009998 0.369400
0.019998 0.758401
0.029998 1.164313
0.039998 1.584539
0.049998 2.016522
0.059998 2.457742
0.069998 2.905720
0.079998 3.358015
0.089998 3.812229
0.099998 4.266006
0.109998 4.717032
0.119998 5.163035
0.129998 5.601788
0.139998 6.031109
0.149998 6.448859
0.159998 6.852948
0.169998 7.241329
0.179998 7.612004
0.189998 7.963023
0.199998 8.292483
0.209998 8.598528
0.219998 8.879353
0.229998 9.133202
0.239998 9.358370
0.249998 9.553200
0.259998 9.716087
0.269998 9.845480
0.279998 9.939869
0.289998 9.997813
0.299998 10.017905
0.309998 9.998802
0.319998 9.939213
0.329998 9.837892
0.339998 9.693657
0.349998 9.505368
0.359998 9.271947
0.369998 8.992366
0.379998 8.665652
0.389998 8.290885
0.399998 7.867196
0.409998 7.393781
0.419998 6.869876
0.429998 6.294775
0.439998 5.667838
0.449998 4.988461
0.459998 4.256101
0.469998 3.470280
0.479998 2.630558
0.489998 1.736553
0.499998 0.787945
0.509998 -0.215551
0.519998 -1.274142
0.529998 -2.387999
0.539998 -3.557239
0.549998 -4.781917
0.559998 -6.062045
0.569998 -7.397590
0.579998 -8.788431
0.589998 -10.234443
0.599998 -11.735435
0.609998 -13.291139
0.619998 -14.901257
0.629998 -16.565455
0.639998 -18.283327
0.649998 -20.054423
0.659998 -21.878266
0.669998 -23.754271
0.679998 -25.681896
0.689998 -27.660469
0.699998 -29.689301
0.709998 -31.767712
0.719998 -33.894852
0.729998 -36.069944
0.739998 -38.292114
0.749998 -40.560450
0.759998 -42.874004
0.769998 -45.231785
0.779998 -47.632718
0.789998 -50.075782
0.799998 -52.559834
0.809998 -55.083728
0.819998 -57.646245
0.829998 -60.246155
0.839998 -62.882201
0.849998 -65.553082
0.859998 -68.257442
0.869998 -70.993884
0.879998 -73.761036
0.889998 -76.557440
0.899998 -79.381600
0.909998 -82.232019
0.919998 -85.107198
0.929998 -88.005496
0.939998 -90.925380
0.949998 -93.865203
0.959998 -96.823265
0.969998 -99.797966
0.979998 -102.787594
0.989998 -105.790361
0.999998 -108.804585
1.009998 -111.828459
1.019998 -114.860206
1.029998 -117.898005
1.039998 -120.940041
1.049998 -123.984456
1.059998 -127.029401
1.069998 -130.073038
1.079998 -133.113355
1.089998 -136.148515
1.099998 -139.176638
1.109998 -142.195717
1.119998 -145.203919
1.129998 -148.199106
1.139998 -151.179471
1.149998 -154.143053
1.159998 -157.087870
1.169998 -160.011863
1.179998 -162.913099
1.189998 -165.789641
1.199998 -168.639466
1.209998 -171.460595
1.219998 -174.251049
1.229998 -177.008894
1.239998 -179.732071
1.249997 -182.418727
1.259997 -185.066769
1.269997 -187.674213
1.279997 -190.239373
1.289997 -192.759916
1.299997 -195.234267
1.309997 -197.660392
1.319997 -200.036314
1.329997 -202.360174
1.339997 -204.630096
1.349997 -206.844239
1.359997 -209.000880
1.369997 -211.097900
1.379997 -213.133751
1.389997 -215.106442
1.399997 -217.014574
1.409997 -218.856021
1.419997 -220.629207
1.429997 -222.332491
1.439997 -223.964138
1.449997 -225.522593
1.459997 -227.006239
1.469997 -228.413457
1.479997 -229.742721
1.489997 -230.992478
1.499997 -232.161357
1.509997 -233.247782
1.519997 -234.250482
1.529997 -235.168075
1.539997 -235.999031
1.549997 -236.742316
1.559997 -237.396420
1.569997 -237.960358
1.579997 -238.432916
1.589997 -238.812890
1.599997 -239.099182
1.609997 -239.290891
1.619997 -239.386828
1.629997 -239.386214
1.639997 -239.287863
1.649997 -239.091399
1.659997 -238.795522
1.669997 -238.399984
1.679997 -237.903709
1.689997 -237.306222
1.699997 -236.606826
1.709997 -235.804909
1.719997 -234.900278
1.729997 -233.892403
1.739997 -232.780659
1.749997 -231.564963
1.759997 -230.245197
1.769997 -228.820915
1.779997 -227.292029
1.789997 -225.658542
1.799997 -223.920251
1.809997 -222.077372
1.819997 -220.130154
1.829997 -218.078700
1.839997 -215.922886
1.849997 -213.663624
1.859997 -211.300743
1.869997 -208.835035
1.879997 -206.266919
1.889997 -203.596650
1.899997 -200.825435
1.909997 -197.953320
1.919997 -194.981921
1.929997 -191.911495
1.939997 -188.742876
1.949997 -185.477539
1.959997 -182.115962
1.969997 -178.659756
1.979997 -175.110039
1.989997 -171.467624
1.999997 -167.734446
2.009997 -163.911704
2.019997 -160.000923
2.029997 -156.003578
2.039997 -151.921185
2.049997 -147.755920
2.059997 -143.509053
2.069997 -139.182757
2.079997 -134.778672
2.089997 -130.299366
2.099997 -125.746379
2.109997 -121.121896
2.119997 -116.428596
2.129997 -111.668148
2.139997 -106.843479
2.149997 -101.956865
2.159997 -97.010619
2.169997 -92.007580
2.179997 -86.950651
2.189997 -81.842072
2.199997 -76.684901
2.209997 -71.482161
2.219997 -66.236720
2.229997 -60.951361
2.239997 -55.629814
2.249997 -50.274686
2.259997 -44.889666
2.269997 -39.477985
2.279997 -34.042804
2.289997 -28.587728
2.299997 -23.116670
2.309997 -17.632653
2.319997 -12.139990
2.329997 -6.641966
2.339997 -1.142503
2.349997 4.354152
2.359997 9.844319
2.369997 15.323960
2.379997 20.788805
2.389997 26.234792
2.399997 31.657850
2.409997 37.053346
2.419997 42.416858
2.429996 47.744443
2.439996 53.030965
2.449996 58.272446
2.459996 63.463644
2.469996 68.600654
2.479996 73.677915
2.489996 78.691386
2.499996 83.635759
2.509996 88.506070
2.519996 93.297212
2.529996 98.004591
2.539996 102.623208
2.549996 107.146966
2.559996 111.571918
2.569996 115.892093
2.579996 120.102344
2.589996 124.197337
2.599996 128.171771
2.609996 132.020205
2.619996 135.736692
2.629996 139.316652
2.639996 142.753514
2.649996 146.042205
2.659996 149.177149
2.669996 152.152615
2.679996 154.962376
2.689996 157.601193
2.699996 160.063336
2.709996 162.342701
2.719996 164.433402
2.729996 166.329623
2.739996 168.025776
2.749996 169.515303
2.759996 170.792683
2.769996 171.851857
2.779996 172.686517
2.789996 173.291116
2.799996 173.659200
2.809996 173.784835
2.819996 173.661669
2.829996 173.284305
2.839996 172.645865
2.849996 171.740363
2.859996 170.561938
2.869996 169.104425
2.879996 167.361319
2.889996 165.326864
2.899996 162.994714
2.909996 160.358635
2.919996 157.412582
2.929996 154.150392
2.939996 150.565896
2.949996 146.652862
2.959996 142.405310
2.969996 137.817050
2.979996 132.881965
2.989996 127.593920
2.999996 121.946899
