-1.990000 -2457.940041
-1.980000 -2423.104137
-1.970000 -2388.113471
-1.960000 -2352.984531
-1.950000 -2317.732672
-1.940000 -2282.374374
-1.930000 -2246.924978
-1.920000 -2211.400045
-1.910000 -2175.814903
-1.900000 -2140.183721
-1.890000 -2104.521811
-1.880000 -2068.843322
-1.870000 -2033.162626
-1.860000 -1997.492919
-1.850000 -1961.848903
-1.840000 -1926.243521
-1.830000 -1890.689817
-1.820000 -1855.200943
-1.810000 -1819.789807
-1.800000 -1784.468357
-1.790000 -1749.249483
-1.780000 -1714.144634
-1.770000 -1679.165490
-1.760000 -1644.323957
-1.750000 -1609.630376
-1.740000 -1575.096998
-1.730000 -1540.733664
-1.720000 -1506.550804
-1.710000 -1472.558962
-1.700000 -1438.768434
-1.690000 -1405.187935
-1.680000 -1371.827504
-1.670000 -1338.696691
-1.660000 -1305.804070
-1.650000 -1273.158452
-1.640000 -1240.768158
-1.630000 -1208.641748
-1.620000 -1176.786930
-1.610000 -1145.211651
-1.600000 -1113.923249
-1.590000 -1082.928941
-1.580000 -1052.235946
-1.570000 -1021.850873
-1.560000 -991.780091
-1.550000 -962.030342
-1.540000 -932.607272
-1.530000 -903.516902
-1.520000 -874.764774
-1.510000 -846.355949
-1.500000 -818.296111
-1.490000 -790.589736
-1.480000 -763.241436
-1.470001 -736.255837
-1.460001 -709.637096
-1.450001 -683.389023
-1.440001 -657.515265
-1.430001 -632.019855
-1.420001 -606.905635
-1.410001 -582.175896
-1.400001 -557.833531
-1.390001 -533.880859
-1.380001 -510.320768
-1.370001 -487.155276
-1.360001 -464.386432
-1.350001 -442.015844
-1.340001 -420.045689
-1.330001 -398.476752
-1.320001 -377.310574
-1.310001 -356.548198
-1.300001 -336.190300
-1.290001 -316.237600
-1.280001 -296.690685
-1.270001 -277.549664
-1.260001 -258.814521
-1.250001 -240.485294
-1.240001 -222.561664
-1.230001 -205.043255
-1.220001 -187.929228
-1.210001 -171.219005
-1.200001 -154.911382
-1.190001 -139.005362
-1.180001 -123.499756
-1.170001 -108.392961
-1.160001 -93.683416
-1.150001 -79.369266
-1.140001 -65.448672
-1.130001 -51.919623
-1.120001 -38.779819
-1.110001 -26.026962
-1.100001 -13.658477
-1.090001 -1.671842
-1.080001 9.935676
-1.070001 21.167130
-1.060001 32.025403
-1.050001 42.513634
-1.040001 52.635110
-1.030001 62.393181
-1.020001 71.791325
-1.010001 80.833194
-1.000001 89.522393
-0.990001 97.862863
-0.980001 105.858412
-0.970001 113.513078
-0.960001 120.830953
-0.950001 127.816219
-0.940001 134.473162
-0.930001 140.806174
-0.920001 146.819656
-0.910001 152.518185
-0.900001 157.906339
-0.890001 162.988745
-0.880001 167.770195
-0.870001 172.255449
-0.860001 176.449448
-0.850001 180.357051
-0.840001 183.983243
-0.830001 187.333048
-0.820001 190.411611
-0.810001 193.223971
-0.800001 195.775382
-0.790001 198.071033
-0.780001 200.116110
-0.770001 201.915961
-0.760001 203.475855
-0.750001 204.801153
-0.740001 205.897196
-0.730001 206.769389
-0.720001 207.423091
-0.710001 207.863737
-0.700001 208.096735
-0.690001 208.127538
-0.680001 207.961566
-0.670001 207.604279
-0.660001 207.061080
-0.650001 206.337424
-0.640001 205.438724
-0.630001 204.370418
-0.620001 203.137895
-0.610001 201.746564
-0.600001 200.201765
-0.590001 198.508867
-0.580001 196.673183
-0.570001 194.700013
-0.560001 192.594648
-0.550001 190.362311
-0.540001 188.008207
-0.530001 185.537490
-0.520001 182.955302
-0.510001 180.266700
-0.500001 177.476753
-0.490001 174.590439
-0.480001 171.612687
-0.470001 168.548415
-0.460001 165.402416
-0.450001 162.179509
-0.440001 158.884372
-0.430001 155.521661
-0.420002 152.095983
-0.410002 148.611876
-0.400002 145.073759
-0.390002 141.486032
-0.380002 137.853022
-0.370002 134.178944
-0.360002 130.467973
-0.350002 126.724193
-0.340002 122.951587
-0.330002 119.154107
-0.320002 115.335550
-0.310002 111.499697
-0.300002 107.650194
-0.290002 103.790622
-0.280002 99.924457
-0.270002 96.055090
-0.260002 92.185810
-0.250002 88.319834
-0.240002 84.460246
-0.230002 80.610064
-0.220002 76.772181
-0.210002 72.949416
-0.200002 69.144460
-0.190002 65.359918
-0.180002 61.598286
-0.170002 57.861949
-0.160002 54.153190
-0.150002 50.474185
-0.140002 46.827002
-0.130002 43.213594
-0.120002 39.635816
-0.110002 36.095399
-0.100002 32.593971
-0.090002 29.133039
-0.080002 25.714007
-0.070002 22.338160
-0.060002 19.006672
-0.050002 15.720601
-0.040002 12.480891
-0.030002 9.288368
-0.020002 6.143748
-0.010002 3.047628
-0.000002 0.000491
0.009998 -2.997297
0.019998 -5.945486
0.029998 -8.843940
0.039998 -11.692641
0.049998 -14.491685
0.059998 -17.241285
0.069998 -19.941768
0.079998 -22.593578
0.089998 -25.197272
0.099998 -27.753520
0.109998 -30.263111
0.119998 -32.726942
0.129998 -35.146026
0.139998 -37.521488
0.149998 -39.854566
0.159998 -42.146602
0.169998 -44.399053
0.179998 -46.613493
0.189998 -48.791593
0.199998 -50.935138
0.209998 -53.046011
0.219998 -55.126216
0.229998 -57.177847
0.239998 -59.203109
0.249998 -61.204313
0.259998 -63.183856
0.269998 -65.144251
0.279998 -67.088108
0.289998 -69.018124
0.299998 -70.937093
0.309998 -72.847920
0.319998 -74.753586
0.329998 -76.657161
0.339998 -78.561818
0.349998 -80.470812
0.359998 -82.387477
0.369998 -84.315245
0.379998 -86.257624
0.389998 -88.218202
0.399998 -90.200641
0.409998 -92.208694
0.419998 -94.246179
0.429998 -96.316984
0.439998 -98.425081
0.449998 -100.574500
0.459998 -102.769336
0.469998 -105.013757
0.479998 -107.311991
0.489998 -109.668322
0.499998 -112.087103
0.509998 -114.572737
0.519998 -117.129661
0.529998 -119.762387
0.539998 -122.475479
0.549998 -125.273516
0.559998 -128.161156
0.569998 -131.143070
0.579998 -134.223973
0.589998 -137.408648
0.599998 -140.701873
0.609998 -144.108451
0.619998 -147.633250
0.629998 -151.281128
0.639998 -155.056982
0.649998 -158.965727
0.659998 -163.012297
0.669998 -167.201619
0.679998 -171.538670
0.689998 -176.028394
0.699998 -180.675781
0.709998 -185.485765
0.719998 -190.463336
0.729998 -195.613440
0.739998 -200.941058
0.749998 -206.451140
0.759998 -212.148561
0.769998 -218.038304
0.779998 -224.125250
0.789998 -230.414258
0.799998 -236.910181
0.809998 -243.617867
0.819998 -250.542043
0.829998 -257.687558
0.839998 -265.059089
0.849998 -272.661271
0.859998 -280.498762
0.869998 -288.576151
0.879998 -296.897977
0.889998 -305.468769
0.899998 -314.292863
0.909998 -323.374647
0.919998 -332.718450
0.929998 -342.328485
0.939998 -352.208869
0.949998 -362.363795
0.959998 -372.797207
0.969998 -383.513017
0.979998 -394.515158
0.989998 -405.807323
0.999998 -417.393192
1.009998 -429.276405
1.019998 -441.460455
1.029998 -453.948608
1.039998 -466.744285
1.049998 -479.850649
1.059998 -493.270593
1.069998 -507.007431
1.079998 -521.063724
1.089998 -535.442342
1.099998 -550.145766
1.109998 -565.176568
1.119998 -580.537142
1.129998 -596.229752
1.139998 -612.256251
1.149998 -628.618912
1.159998 -645.319481
1.169998 -662.359503
1.179998 -679.740606
1.189998 -697.464155
1.199998 -715.531366
1.209998 -733.943472
1.219998 -752.701209
1.229998 -771.805379
1.239998 -791.256740
1.249997 -811.055656
1.259997 -831.202323
1.269997 -851.696997
1.279997 -872.539415
1.289997 -893.729486
1.299997 -915.266770
1.309997 -937.150642
1.319997 -959.380416
1.329997 -981.954923
1.339997 -1004.872984
1.349997 -1028.133705
1.359997 -1051.735288
1.369997 -1075.675798
1.379997 -1099.953460
1.389997 -1124.566181
1.399997 -1149.511428
1.409997 -1174.787064
1.419997 -1200.390023
1.429997 -1226.317517
1.439997 -1252.566304
1.449997 -1279.133174
1.459997 -1306.014217
1.469997 -1333.205914
1.479997 -1360.704168
1.489997 -1388.504902
1.499997 -1416.603335
1.509997 -1444.995192
1.519997 -1473.675001
1.529997 -1502.638282
1.539997 -1531.879355
1.549997 -1561.392676
1.559997 -1591.172228
1.569997 -1621.212373
1.579997 -1651.506875
1.589997 -1682.048654
1.599997 -1712.831496
1.609997 -1743.848338
1.619997 -1775.091640
1.629997 -1806.554232
1.639997 -1838.228464
1.649997 -1870.106444
1.659997 -1902.179679
1.669997 -1934.440040
1.679997 -1966.878917
1.689997 -1999.487092
1.699997 -2032.256077
1.709997 -2065.176048
1.719997 -2098.237183
1.729997 -2131.429902
1.739997 -2164.744137
1.749997 -2198.169578
1.759997 -2231.695190
1.769997 -2265.310897
1.779997 -2299.004700
1.789997 -2332.766272
1.799997 -2366.583132
1.809997 -2400.444224
1.819997 -2434.337299
1.829997 -2468.249865
1.839997 -2502.169664
1.849997 -2536.083255
1.859997 -2569.978367
1.869997 -2603.842018
1.879997 -2637.659585
1.889997 -2671.418079
1.899997 -2705.103340
1.909997 -2738.701436
1.919997 -2772.197736
1.929997 -2805.577840
1.939997 -2838.826198
1.949997 -2871.928401
1.959997 -2904.868445
1.969997 -2937.631010
1.979997 -2970.200990
1.989997 -3002.561263
1.999997 -3034.696278
2.009997 -3066.589634
2.019997 -3098.223461
2.029997 -3129.582260
2.039997 -3160.647837
2.049997 -3191.403977
2.059997 -3221.832076
2.069997 -3251.915055
2.079997 -3281.634768
2.089997 -3310.972864
2.099997 -3339.911223
2.109997 -3368.431097
2.119997 -3396.513550
2.129997 -3424.139871
2.139997 -3451.291565
2.149997 -3477.947891
2.159997 -3504.090395
2.169997 -3529.698803
2.179997 -3554.753880
2.189997 -3579.235007
2.199997 -3603.122594
2.209997 -3626.395299
2.219997 -3649.033587
2.229997 -3671.016575
2.239997 -3692.322465
2.249997 -3712.931231
2.259997 -3732.821160
2.269997 -3751.970786
2.279997 -3770.359990
2.289997 -3787.965528
2.299997 -3804.766266
2.309997 -3820.740921
2.319997 -3835.866990
2.329997 -3850.121869
2.339997 -3863.484261
2.349997 -3875.931679
2.359997 -3887.440845
2.369997 -3897.990798
2.379997 -3907.557043
2.389997 -3916.118069
2.399997 -3923.650908
2.409997 -3930.132187
2.419997 -3935.539441
2.429996 -3939.849791
2.439996 -3943.039335
2.449996 -3945.085389
2.459996 -3945.964262
2.469996 -3945.653754
2.479996 -3944.129160
2.489996 -3941.367283
2.499996 -3937.345753
2.509996 -3932.040100
2.519996 -3925.427015
2.529996 -3917.484002
2.539996 -3908.186282
2.549996 -3897.510229
2.559996 -3885.433291
2.569996 -3871.931542
2.579996 -3856.981347
2.589996 -3840.559092
2.599996 -3822.641947
2.609996 -3803.205580
2.619996 -3782.226722
2.629996 -3759.682372
2.639996 -3735.549080
2.649996 -3709.803913
2.659996 -3682.422386
2.669996 -3653.383057
2.679996 -3622.661160
2.689996 -3590.235331
2.699996 -3556.081028
2.709996 -3520.175970
2.719996 -3482.497930
2.729996 -3443.023954
2.739996 -3401.730844
2.749996 -3358.597441
2.759996 -3313.600411
2.769996 -3266.718420
2.779996 -3217.928114
2.789996 -3167.209109
2.799996 -3114.538726
2.809996 -3059.895495
2.819996 -3003.258409
2.829996 -2944.605984
2.839996 -2883.916654
2.849996 -2821.170782
2.859996 -2756.346325
2.869996 -2689.423445
2.879996 -2620.381923
2.889996 -2549.201739
2.899996 -2475.862619
2.909996 -2400.345249
2.919996 -2322.630291
2.929996 -2242.698223
2.939996 -2160.530231
2.949996 -2076.108302
2.959996 -1989.413329
2.969996 -1900.427280
2.979996 -1809.132708
2.989996 -1715.511473
2.999996 -1619.547116
