-1.990000 -1533.338819
-1.980000 -1507.068888
-1.970000 -1480.747804
-1.960000 -1454.386069
-1.950000 -1427.996461
-1.940000 -1401.589641
-1.930000 -1375.177316
-1.920000 -1348.769392
-1.910000 -1322.378092
-1.900000 -1296.013029
-1.890000 -1269.685106
-1.880000 -1243.403870
-1.870000 -1217.180403
-1.860000 -1191.023022
-1.850000 -1164.942171
-1.840000 -1138.947627
-1.830000 -1113.047317
-1.820000 -1087.251079
-1.810000 -1061.567842
-1.800000 -1036.005145
-1.790000 -1010.572577
-1.780000 -985.277264
-1.770000 -960.127555
-1.760000 -935.131120
-1.750000 -910.295186
-1.740000 -885.627733
-1.730000 -861.135465
-1.720000 -836.825116
-1.710000 -812.703948
-1.700000 -788.777933
-1.690000 -765.053689
-1.680000 -741.537032
-1.670000 -718.234425
-1.660000 -695.150680
-1.650000 -672.292231
-1.640000 -649.663984
-1.630000 -627.271255
-1.620000 -605.118682
-1.610000 -583.211073
-1.600000 -561.553172
-1.590000 -540.149406
-1.580000 -519.003650
-1.570000 -498.120112
-1.560000 -477.502476
-1.550000 -457.154334
-1.540000 -437.079188
-1.530000 -417.280235
-1.520000 -397.760798
-1.510000 -378.523535
-1.500000 -359.570989
-1.490000 -340.906317
-1.480000 -322.531228
-1.470001 -304.448111
-1.460001 -286.659186
-1.450001 -269.166322
-1.440001 -251.970981
-1.430001 -235.074886
-1.420001 -218.479235
-1.410001 -202.185550
-1.400001 -186.194532
-1.390001 -170.507209
-1.380001 -155.124516
-1.370001 -140.046876
-1.360001 -125.274624
-1.350001 -110.808488
-1.340001 -96.648093
-1.330001 -82.793761
-1.320001 -69.245433
-1.310001 -56.002558
-1.300001 -43.065101
-1.290001 -30.432187
-1.280001 -18.103311
-1.270001 -6.077839
-1.260001 5.645396
-1.250001 17.067305
-1.240001 28.188919
-1.230001 39.011850
-1.220001 49.537046
-1.210001 59.766429
-1.200001 69.701316
-1.190001 79.343472
-1.180001 88.694824
-1.170001 97.757148
-1.160001 106.532598
-1.150001 115.023229
-1.140001 123.231218
-1.130001 131.158946
-1.120001 138.808713
-1.110001 146.183100
-1.100001 153.284524
-1.090001 160.115753
-1.080001 166.679418
-1.070001 172.978386
-1.060001 179.015406
-1.050001 184.793565
-1.040001 190.315750
-1.030001 195.585019
-1.020001 200.604541
-1.010001 205.377506
-1.000001 209.907105
-0.990001 214.196635
-0.980001 218.249417
-0.970001 222.068960
-0.960001 225.658534
-0.950001 229.021658
-0.940001 232.161887
-0.930001 235.082712
-0.920001 237.787757
-0.910001 240.280627
-0.900001 242.564905
-0.890001 244.644298
-0.880001 246.522488
-0.870001 248.203196
-0.860001 249.690116
-0.850001 250.986958
-0.840001 252.097510
-0.830001 253.025548
-0.820001 253.774763
-0.810001 254.348985
-0.800001 254.751956
-0.790001 254.987504
-0.780001 255.059279
-0.770001 254.971099
-0.760001 254.726709
-0.750001 254.329882
-0.740001 253.784253
-0.730001 253.093609
-0.720001 252.261593
-0.710001 251.291906
-0.700001 250.188150
-0.690001 248.953977
-0.680001 247.592973
-0.670001 246.108636
-0.660001 244.504585
-0.650001 242.784250
-0.640001 240.951139
-0.630001 239.008589
-0.620001 236.960044
-0.610001 234.808796
-0.600001 232.558144
-0.590001 230.211322
-0.580001 227.771531
-0.570001 225.241889
-0.560001 222.625473
-0.550001 219.925327
-0.540001 217.144431
-0.530001 214.285664
-0.520001 211.351902
-0.510001 208.345917
-0.500001 205.270441
-0.490001 202.128131
-0.480001 198.921559
-0.470001 195.653270
-0.460001 192.325697
-0.450001 188.941228
-0.440001 185.502163
-0.430001 182.010715
-0.420002 178.469057
-0.410002 174.879249
-0.400002 171.243293
-0.390002 167.563077
-0.380002 163.840466
-0.370002 160.077192
-0.360002 156.274920
-0.350002 152.435224
-0.340002 148.559608
-0.330002 144.649473
-0.320002 140.706136
-0.310002 136.730812
-0.300002 132.724657
-0.290002 128.688708
-0.280002 124.623927
-0.270002 120.531175
-0.260002 116.411222
-0.250002 112.264742
-0.240002 108.092312
-0.230002 103.894423
-0.220002 99.671483
-0.210002 95.423772
-0.200002 91.151498
-0.190002 86.854771
-0.180002 82.533592
-0.170002 78.187872
-0.160002 73.817435
-0.150002 69.421987
-0.140002 65.001154
-0.130002 60.554462
-0.120002 56.081335
-0.110002 51.581102
-0.100002 47.052990
-0.090002 42.496140
-0.080002 37.909587
-0.070002 33.292272
-0.060002 28.643042
-0.050002 23.960646
-0.040002 19.243740
-0.030002 14.490883
-0.020002 9.700541
-0.010002 4.871085
-0.000002 0.000794
0.009998 -4.912145
0.019998 -9.869638
0.029998 -14.873683
0.039998 -19.926365
0.049998 -25.029861
0.059998 -30.186434
0.069998 -35.398439
0.079998 -40.668312
0.089998 -45.998582
0.099998 -51.391849
0.109998 -56.850815
0.119998 -62.378249
0.129998 -67.977006
0.139998 -73.650015
0.149998 -79.400299
0.159998 -85.230939
0.169998 -91.145107
0.179998 -97.146031
0.189998 -103.237022
0.199998 -109.421469
0.209998 -115.702824
0.219998 -122.084604
0.229998 -128.570380
0.239998 -135.163825
0.249998 -141.868622
0.259998 -148.688547
0.269998 -155.627452
0.279998 -162.689208
0.289998 -169.877774
0.299998 -177.197125
0.309998 -184.651306
0.319998 -192.244448
0.329998 -199.980653
0.339998 -207.864107
0.349998 -215.899076
0.359998 -224.089809
0.369998 -232.440613
0.379998 -240.955828
0.389998 -249.639853
0.399998 -258.497048
0.409998 -267.531920
0.419998 -276.748882
0.429998 -286.152420
0.439998 -295.747091
0.449998 -305.537372
0.459998 -315.527830
0.469998 -325.723022
0.479998 -336.127517
0.489998 -346.745891
0.499998 -357.582784
0.509998 -368.642717
0.519998 -379.930265
0.529998 -391.450062
0.539998 -403.206722
0.549998 -415.204724
0.559998 -427.448723
0.569998 -439.943174
0.579998 -452.692741
0.589998 -465.701873
0.599998 -478.974994
0.609998 -492.516710
0.619998 -506.331428
0.629998 -520.423526
0.639998 -534.797343
0.649998 -549.457330
0.659998 -564.407752
0.669998 -579.652833
0.679998 -595.196825
0.689998 -611.043933
0.699998 -627.198235
0.709998 -643.663751
0.719998 -660.444526
0.729998 -677.544542
0.739998 -694.967722
0.749998 -712.717757
0.759998 -730.798432
0.769998 -749.213460
0.779998 -767.966481
0.789998 -787.060884
0.799998 -806.500234
0.809998 -826.287839
0.819998 -846.427006
0.829998 -866.920774
0.839998 -887.772445
0.849998 -908.984867
0.859998 -930.560872
0.869998 -952.503377
0.879998 -974.814914
0.889998 -997.498185
0.899998 -1020.555592
0.909998 -1043.989519
0.919998 -1067.801940
0.929998 -1091.995287
0.939998 -1116.571483
0.949998 -1141.532125
0.959998 -1166.879170
0.969998 -1192.614150
0.979998 -1218.738457
0.989998 -1245.253341
0.999998 -1272.160219
1.009998 -1299.459852
1.019998 -1327.153262
1.029998 -1355.241010
1.039998 -1383.723817
1.049998 -1412.602037
1.059998 -1441.875973
1.069998 -1471.545657
1.079998 -1501.611064
1.089998 -1532.071896
1.099998 -1562.927791
1.109998 -1594.178215
1.119998 -1625.822241
1.129998 -1657.858982
1.139998 -1690.287480
1.149998 -1723.106266
1.159998 -1756.314016
1.169998 -1789.908885
1.179998 -1823.889059
1.189998 -1858.252534
1.199998 -1892.996882
1.209998 -1928.120048
1.219998 -1963.618980
1.229998 -1999.490993
1.239998 -2035.733200
1.249997 -2072.341817
1.259997 -2109.314004
1.269997 -2146.645788
1.279997 -2184.333213
1.289997 -2222.372107
1.299997 -2260.758554
1.309997 -2299.487713
1.319997 -2338.554521
1.329997 -2377.954641
1.339997 -2417.682563
1.349997 -2457.732791
1.359997 -2498.099601
1.369997 -2538.777276
1.379997 -2579.759633
1.389997 -2621.040258
1.399997 -2662.612982
1.409997 -2704.470440
1.419997 -2746.605756
1.429997 -2789.011570
1.439997 -2831.680532
1.449997 -2874.604806
1.459997 -2917.776560
1.469997 -2961.186991
1.479997 -3004.828270
1.489997 -3048.691351
1.499997 -3092.766942
1.509997 -3137.046482
1.519997 -3181.519945
1.529997 -3226.177789
1.539997 -3271.010471
1.549997 -3316.006978
1.559997 -3361.157515
1.569997 -3406.450817
1.579997 -3451.876345
1.589997 -3497.423070
1.599997 -3543.078979
1.609997 -3588.832786
1.619997 -3634.671736
1.629997 -3680.584775
1.639997 -3726.558649
1.649997 -3772.581561
1.659997 -3818.639028
1.669997 -3864.719484
1.679997 -3910.808437
1.689997 -3956.892605
1.699997 -4002.957733
1.709997 -4048.990042
1.719997 -4094.974541
1.729997 -4140.897442
1.739997 -4186.742300
1.749997 -4232.495798
1.759997 -4278.140529
1.769997 -4323.662684
1.779997 -4369.045335
1.789997 -4414.272751
1.799997 -4459.328009
1.809997 -4504.195376
1.819997 -4548.857453
1.829997 -4593.296143
1.839997 -4637.495948
1.849997 -4681.438774
1.859997 -4725.105834
1.869997 -4768.480458
1.879997 -4811.543409
1.889997 -4854.277091
1.899997 -4896.661828
1.909997 -4938.679578
1.919997 -4980.310692
1.929997 -5021.536230
1.939997 -5062.335663
1.949997 -5102.690990
1.959997 -5142.580359
1.969997 -5181.984441
1.979997 -5220.883691
1.989997 -5259.256118
1.999997 -5297.081779
2.009997 -5334.339779
2.019997 -5371.008151
2.029997 -5407.066078
2.039997 -5442.491958
2.049997 -5477.264009
2.059997 -5511.360700
2.069997 -5544.759460
2.079997 -5577.437982
2.089997 -5609.374214
2.099997 -5640.545509
2.109997 -5670.929478
2.119997 -5700.501484
2.129997 -5729.241329
2.139997 -5757.123657
2.149997 -5784.125474
2.159997 -5810.223224
2.169997 -5835.394024
2.179997 -5859.613232
2.189997 -5882.857691
2.199997 -5905.102518
2.209997 -5926.324690
2.219997 -5946.498704
2.229997 -5965.600907
2.239997 -5983.606752
2.249997 -6000.491590
2.259997 -6016.230675
2.269997 -6030.799168
2.279997 -6044.172515
2.289997 -6056.324595
2.299997 -6067.232164
2.309997 -6076.868592
2.319997 -6085.209378
2.329997 -6092.229937
2.339997 -6097.903141
2.349997 -6102.205355
2.359997 -6105.110763
2.369997 -6106.592846
2.379997 -6106.628459
2.389997 -6105.189662
2.399997 -6102.251230
2.409997 -6097.789210
2.419997 -6091.776985
2.429996 -6084.188615
2.439996 -6074.999432
2.449996 -6064.182240
2.459996 -6051.714238
2.469996 -6037.567034
2.479996 -6021.716601
2.489996 -6004.137087
2.499996 -5984.803277
2.509996 -5963.689982
2.519996 -5940.770909
2.529996 -5916.020430
2.539996 -5889.415205
2.549996 -5860.928038
2.559996 -5830.535139
2.569996 -5798.210078
2.579996 -5763.929714
2.589996 -5727.668327
2.599996 -5689.400349
2.609996 -5649.101854
2.619996 -5606.748495
2.629996 -5562.315073
2.639996 -5515.779386
2.649996 -5467.113683
2.659996 -5416.296493
2.669996 -5363.303641
2.679996 -5308.110693
2.689996 -5250.694710
2.699996 -5191.032032
2.709996 -5129.099198
2.719996 -5064.874147
2.729996 -4998.332576
2.739996 -4929.452416
2.749996 -4858.211377
2.759996 -4784.587363
2.769996 -4708.558483
2.779996 -4630.101672
2.789996 -4549.196582
2.799996 -4465.821671
2.809996 -4379.956302
2.819996 -4291.578185
2.829996 -4200.668159
2.839996 -4107.205132
2.849996 -4011.169793
2.859996 -3912.541392
2.869996 -3811.301701
2.879996 -3707.430351
2.889996 -3600.909396
2.899996 -3491.720138
2.909996 -3379.843998
2.919996 -3265.263428
2.929996 -3147.960340
2.939996 -3027.918455
2.949996 -2905.120560
2.959996 -2779.549507
2.969996 -2651.189815
2.979996 -2520.025616
2.989996 -2386.041885
2.999996 -2249.222926
