-1.990000 -3800.076089
-1.980000 -3758.070872
-1.970000 -3715.749401
-1.960000 -3673.132372
-1.950000 -3630.239553
-1.940000 -3587.092276
-1.930000 -3543.709125
-1.920000 -3500.110929
-1.910000 -3456.315981
-1.900000 -3412.342988
-1.890000 -3368.212247
-1.880000 -3323.941251
-1.870000 -3279.548383
-1.860000 -3235.052223
-1.850000 -3190.469921
-1.840000 -3145.819285
-1.830000 -3101.116678
-1.820000 -3056.380780
-1.810000 -3011.626695
-1.800000 -2966.871136
-1.790000 -2922.130541
-1.780000 -2877.420596
-1.770000 -2832.757183
-1.760000 -2788.154947
-1.750000 -2743.628967
-1.740000 -2699.194280
-1.730000 -2654.865402
-1.720000 -2610.655599
-1.710000 -2566.579540
-1.700000 -2522.650647
-1.690000 -2478.882052
-1.680000 -2435.286605
-1.670000 -2391.877109
-1.660000 -2348.666569
-1.650000 -2305.666489
-1.640000 -2262.888573
-1.630000 -2220.344481
-1.620000 -2178.046075
-1.610000 -2136.004203
-1.600000 -2094.228693
-1.590000 -2052.730553
-1.580000 -2011.520141
-1.570000 -1970.606676
-1.560000 -1930.000559
-1.550000 -1889.710446
-1.540000 -1849.745807
-1.530000 -1810.114735
-1.520000 -1770.826140
-1.510000 -1731.887922
-1.500000 -1693.308436
-1.490000 -1655.094783
-1.480000 -1617.254644
-1.470001 -1579.794815
-1.460001 -1542.721822
-1.450001 -1506.043133
-1.440001 -1469.764246
-1.430001 -1433.891242
-1.420001 -1398.429813
-1.410001 -1363.385507
-1.400001 -1328.763610
-1.390001 -1294.568662
-1.380001 -1260.806029
-1.370001 -1227.479495
-1.360001 -1194.592954
-1.350001 -1162.151237
-1.340001 -1130.157254
-1.330001 -1098.614857
-1.320001 -1067.526819
-1.310001 -1036.896144
-1.300001 -1006.725708
-1.290001 -977.017679
-1.280001 -947.774220
-1.270001 -918.997670
-1.260001 -890.689201
-1.250001 -862.850685
-1.240001 -835.483245
-1.230001 -808.587723
-1.220001 -782.165429
-1.210001 -756.216302
-1.200001 -730.741387
-1.190001 -705.740426
-1.180001 -681.213406
-1.170001 -657.160333
-1.160001 -633.580276
-1.150001 -610.472945
-1.140001 -587.837401
-1.130001 -565.672399
-1.120001 -543.977000
-1.110001 -522.749578
-1.100001 -501.988431
-1.090001 -481.691893
-1.080001 -461.857899
-1.070001 -442.484264
-1.060001 -423.568706
-1.050001 -405.108696
-1.040001 -387.101589
-1.030001 -369.544366
-1.020001 -352.434218
-1.010001 -335.767863
-1.000001 -319.542177
-0.990001 -303.753474
-0.980001 -288.398181
-0.970001 -273.472630
-0.960001 -258.972914
-0.950001 -244.894989
-0.940001 -231.234678
-0.930001 -217.987728
-0.920001 -205.149661
-0.910001 -192.716024
-0.900001 -180.682099
-0.890001 -169.043201
-0.880001 -157.794342
-0.870001 -146.930569
-0.860001 -136.446873
-0.850001 -126.338005
-0.840001 -116.598711
-0.830001 -107.223510
-0.820001 -98.207103
-0.810001 -89.543790
-0.800001 -81.228058
-0.790001 -73.254094
-0.780001 -65.616189
-0.770001 -58.308471
-0.760001 -51.325006
-0.750001 -44.659773
-0.740001 -38.306821
-0.730001 -32.259946
-0.720001 -26.513046
-0.710001 -21.059905
-0.700001 -15.894300
-0.690001 -11.009909
-0.680001 -6.400430
-0.670001 -2.059447
-0.660001 2.019369
-0.650001 5.842491
-0.640001 9.416313
-0.630001 12.747342
-0.620001 15.842074
-0.610001 18.706967
-0.600001 21.348558
-0.590001 23.773358
-0.580001 25.987898
-0.570001 27.998674
-0.560001 29.812224
-0.550001 31.435045
-0.540001 32.873649
-0.530001 34.134520
-0.520001 35.224132
-0.510001 36.148941
-0.500001 36.915373
-0.490001 37.529837
-0.480001 37.998720
-0.470001 38.328349
-0.460001 38.525050
-0.450001 38.595093
-0.440001 38.544712
-0.430001 38.380094
-0.420002 38.107382
-0.410002 37.732668
-0.400002 37.262008
-0.390002 36.701378
-0.380002 36.056710
-0.370002 35.333869
-0.360002 34.538671
-0.350002 33.676853
-0.340002 32.754089
-0.330002 31.775984
-0.320002 30.748060
-0.310002 29.675783
-0.300002 28.564521
-0.290002 27.419576
-0.280002 26.246160
-0.270002 25.049400
-0.260002 23.834347
-0.250002 22.605945
-0.240002 21.369062
-0.230002 20.128464
-0.220002 18.888827
-0.210002 17.654730
-0.200002 16.430647
-0.190002 15.220959
-0.180002 14.029938
-0.170002 12.861757
-0.160002 11.720476
-0.150002 10.610052
-0.140002 9.534333
-0.130002 8.497054
-0.120002 7.501840
-0.110002 6.552200
-0.100002 5.651526
-0.090002 4.803100
-0.080002 4.010079
-0.070002 3.275507
-0.060002 2.602303
-0.050002 1.993269
-0.040002 1.451081
-0.030002 0.978296
-0.020002 0.577344
-0.010002 0.250530
-0.000002 0.000034
0.009998 -0.172089
0.019998 -0.263914
0.029998 -0.273642
0.039998 -0.199604
0.049998 -0.040257
0.059998 0.205810
0.069998 0.539879
0.079998 0.963102
0.089998 1.476501
0.099998 2.080966
0.109998 2.777259
0.119998 3.566008
0.129998 4.447713
0.139998 5.422741
0.149998 6.491329
0.159998 7.653582
0.169998 8.909479
0.179998 10.258863
0.189998 11.701448
0.199998 13.236824
0.209998 14.864444
0.219998 16.583641
0.229998 18.393608
0.239998 20.293426
0.249998 22.282032
0.259998 24.358252
0.269998 26.520777
0.279998 28.768173
0.289998 31.098894
0.299998 33.511259
0.309998 36.003471
0.319998 38.573605
0.329998 41.219630
0.339998 43.939384
0.349998 46.730599
0.359998 49.590875
0.369998 52.517713
0.379998 55.508496
0.389998 58.560485
0.399998 61.670848
0.409998 64.836630
0.419998 68.054777
0.429998 71.322126
0.439998 74.635415
0.449998 77.991266
0.459998 81.386215
0.469998 84.816700
0.479998 88.279041
0.489998 91.769497
0.499998 95.284207
0.509998 98.819239
0.519998 102.370542
0.529998 105.934007
0.539998 109.505423
0.549998 113.080526
0.559998 116.654941
0.569998 120.224215
0.579998 123.783835
0.589998 127.329226
0.599998 130.855705
0.609998 134.358559
0.619998 137.832989
0.629998 141.274126
0.639998 144.677038
0.649998 148.036810
0.659998 151.348325
0.669998 154.606558
0.679998 157.806364
0.689998 160.942530
0.699998 164.009873
0.709998 167.003094
0.719998 169.916913
0.729998 172.745956
0.739998 175.484873
0.749998 178.128225
0.759998 180.670629
0.769998 183.106593
0.779998 185.430669
0.789998 187.637283
0.799998 189.721039
0.809998 191.676314
0.819998 193.497651
0.829998 195.179477
0.839998 196.716260
0.849998 198.102424
0.859998 199.332511
0.869998 200.400957
0.879998 201.302205
0.889998 202.030831
0.899998 202.581262
0.909998 202.948064
0.919998 203.125850
0.929998 203.109092
0.939998 202.892534
0.949998 202.470733
0.959998 201.838433
0.969998 200.990265
0.979998 199.921057
0.989998 198.625630
0.999998 197.098832
1.009998 195.335617
1.019998 193.330916
1.029998 191.079720
1.039998 188.577268
1.049998 185.818629
1.059998 182.798968
1.069998 179.513736
1.079998 175.958248
1.089998 172.128009
1.099998 168.018468
1.109998 163.625326
1.119998 158.944458
1.129998 153.971392
1.139998 148.702222
1.149998 143.132975
1.159998 137.259757
1.169998 131.078806
1.179998 124.586387
1.189998 117.778935
1.199998 110.653197
1.209998 103.205647
1.219998 95.433392
1.229998 87.333039
1.239998 78.901807
1.249997 70.136966
1.259997 61.035543
1.269997 51.595521
1.279997 41.813967
1.289997 31.689152
1.299997 21.218676
1.309997 10.400638
1.319997 -0.766738
1.329997 -12.285039
1.339997 -24.155696
1.349997 -36.380152
1.359997 -48.959448
1.369997 -61.894578
1.379997 -75.186187
1.389997 -88.835394
1.399997 -102.842074
1.409997 -117.206760
1.419997 -131.929562
1.429997 -147.010287
1.439997 -162.449037
1.449997 -178.244637
1.459997 -194.397111
1.469997 -210.905140
1.479997 -227.767691
1.489997 -244.983959
1.499997 -262.552148
1.509997 -280.470563
1.519997 -298.737362
1.529997 -317.350681
1.539997 -336.308141
1.549997 -355.607211
1.559997 -375.245025
1.569997 -395.219051
1.579997 -415.525868
1.589997 -436.162263
1.599997 -457.124435
1.609997 -478.409094
1.619997 -500.011505
1.629997 -521.927864
1.639997 -544.153716
1.649997 -566.684069
1.659997 -589.514374
1.669997 -612.639543
1.679997 -636.053222
1.689997 -659.750588
1.699997 -683.726031
1.709997 -707.972920
1.719997 -732.485050
1.729997 -757.255558
1.739997 -782.278123
1.749997 -807.545403
1.759997 -833.049993
1.769997 -858.784909
1.779997 -884.741424
1.789997 -910.912307
1.799997 -937.289064
1.809997 -963.863138
1.819997 -990.625788
1.829997 -1017.567732
1.839997 -1044.680036
1.849997 -1071.953282
1.859997 -1099.377633
1.869997 -1126.943006
1.879997 -1154.639309
1.889997 -1182.455622
1.899997 -1210.382175
1.909997 -1238.406983
1.919997 -1266.519439
1.929997 -1294.708111
1.939997 -1322.960529
1.949997 -1351.266146
1.959997 -1379.611443
1.969997 -1407.984930
1.979997 -1436.373407
1.989997 -1464.764227
1.999997 -1493.143831
2.009997 -1521.500560
2.019997 -1549.818335
2.029997 -1578.084699
2.039997 -1606.285268
2.049997 -1634.405978
2.059997 -1662.431990
2.069997 -1690.348672
2.079997 -1718.141376
2.089997 -1745.794267
2.099997 -1773.292250
2.109997 -1800.619790
2.119997 -1827.761132
2.129997 -1854.699263
2.139997 -1881.418625
2.149997 -1907.902815
2.159997 -1934.135215
2.169997 -1960.098392
2.179997 -1985.774919
2.189997 -2011.148169
2.199997 -2036.200503
2.209997 -2060.913698
2.219997 -2085.270316
2.229997 -2109.251945
2.239997 -2132.840372
2.249997 -2156.017385
2.259997 -2178.763070
2.269997 -2201.060363
2.279997 -2222.889185
2.289997 -2244.229315
2.299997 -2265.063494
2.309997 -2285.370973
2.319997 -2305.131772
2.329997 -2324.326475
2.339997 -2342.935313
2.349997 -2360.937140
2.359997 -2378.312417
2.369997 -2395.041261
2.379997 -2411.101263
2.389997 -2426.472786
2.399997 -2441.135190
2.409997 -2455.066715
2.419997 -2468.246318
2.429996 -2480.653150
2.439996 -2492.265758
2.449996 -2503.062422
2.459996 -2513.021486
2.469996 -2522.121647
2.479996 -2530.340739
2.489996 -2537.657411
2.499996 -2544.048299
2.509996 -2549.493778
2.519996 -2553.968896
2.529996 -2557.453554
2.539996 -2559.924703
2.549996 -2561.359550
2.559996 -2561.736884
2.569996 -2561.033524
2.579996 -2559.226547
2.589996 -2556.294557
2.599996 -2552.214288
2.609996 -2546.963482
2.619996 -2540.518377
2.629996 -2532.857900
2.639996 -2523.959456
2.649996 -2513.798592
2.659996 -2502.354834
2.669996 -2489.604226
2.679996 -2475.523792
2.689996 -2460.092524
2.699996 -2443.286388
2.709996 -2425.083542
2.719996 -2405.460921
2.729996 -2384.397508
2.739996 -2361.869530
2.749996 -2337.854324
2.759996 -2312.330227
2.769996 -2285.275231
2.779996 -2256.666689
2.789996 -2226.483260
2.799996 -2194.701652
2.809996 -2161.301351
2.819996 -2126.259784
2.829996 -2089.555473
2.839996 -2051.166738
2.849996 -2011.072176
2.859996 -1969.250641
2.869996 -1925.680573
2.879996 -1880.340985
2.889996 -1833.211639
2.899996 -1784.270951
2.909996 -1733.498860
2.919996 -1680.874747
2.929996 -1626.378407
2.939996 -1569.989522
2.949996 -1511.688756
2.959996 -1451.456253
2.969996 -1389.272061
2.979996 -1325.117727
2.989996 -1258.973656
2.999996 -1190.821300
