-1.990000 252.128038
-1.980000 245.407400
-1.970000 238.667681
-1.960000 231.911769
-1.950000 225.142460
-1.940000 218.362574
-1.930000 211.574837
-1.920000 204.781944
-1.910000 197.986666
-1.900000 191.191540
-1.890000 184.399268
-1.880000 177.612459
-1.870000 170.833510
-1.860000 164.065046
-1.850000 157.309506
-1.840000 150.569384
-1.830000 143.846985
-1.820000 137.144699
-1.810000 130.464816
-1.800000 123.809617
-1.790000 117.181437
-1.780000 110.582423
-1.770000 104.014651
-1.760000 97.480400
-1.750000 90.981671
-1.740000 84.520513
-1.730000 78.099029
-1.720000 71.719070
-1.710000 65.382632
-1.700000 59.091605
-1.690000 52.847786
-1.680000 46.653078
-1.670000 40.509226
-1.660000 34.417905
-1.650000 28.380839
-1.640000 22.399776
-1.630000 16.476240
-1.620000 10.611745
-1.610000 4.807918
-1.600000 -0.933714
-1.590000 -6.611757
-1.580000 -12.224793
-1.570000 -17.771448
-1.560000 -23.250385
-1.550000 -28.660336
-1.540000 -33.999923
-1.530000 -39.268082
-1.520000 -44.463526
-1.510000 -49.585193
-1.500000 -54.631909
-1.490000 -59.602702
-1.480000 -64.496478
-1.470001 -69.312297
-1.460001 -74.049218
-1.450001 -78.706289
-1.440001 -83.282719
-1.430001 -87.777589
-1.420001 -92.190186
-1.410001 -96.519740
-1.400001 -100.765508
-1.390001 -104.926827
-1.380001 -109.003103
-1.370001 -112.993688
-1.360001 -116.897987
-1.350001 -120.715559
-1.340001 -124.445852
-1.330001 -128.088410
-1.320001 -131.642811
-1.310001 -135.108700
-1.300001 -138.485697
-1.290001 -141.773517
-1.280001 -144.971879
-1.270001 -148.080509
-1.260001 -151.099195
-1.250001 -154.027816
-1.240001 -156.866143
-1.230001 -159.614150
-1.220001 -162.271730
-1.210001 -164.838780
-1.200001 -167.315373
-1.190001 -169.701497
-1.180001 -171.997174
-1.170001 -174.202542
-1.160001 -176.317656
-1.150001 -178.342657
-1.140001 -180.277773
-1.130001 -182.123178
-1.120001 -183.879102
-1.110001 -185.545805
-1.100001 -187.123574
-1.090001 -188.612699
-1.080001 -190.013576
-1.070001 -191.326576
-1.060001 -192.552017
-1.050001 -193.690428
-1.040001 -194.742207
-1.030001 -195.707801
-1.020001 -196.587789
-1.010001 -197.382618
-1.000001 -198.092876
-0.990001 -198.719135
-0.980001 -199.261992
-0.970001 -199.722063
-0.960001 -200.099967
-0.950001 -200.396402
-0.940001 -200.612054
-0.930001 -200.747603
-0.920001 -200.803786
-0.910001 -200.781350
-0.900001 -200.681072
-0.890001 -200.503702
-0.880001 -200.250100
-0.870001 -199.921042
-0.860001 -199.517367
-0.850001 -199.039976
-0.840001 -198.489697
-0.830001 -197.867442
-0.820001 -197.174114
-0.810001 -196.410635
-0.800001 -195.577916
-0.790001 -194.676929
-0.780001 -193.708658
-0.770001 -192.674015
-0.760001 -191.574075
-0.750001 -190.409774
-0.740001 -189.182147
-0.730001 -187.892219
-0.720001 -186.541024
-0.710001 -185.129630
-0.700001 -183.659050
-0.690001 -182.130390
-0.680001 -180.544704
-0.670001 -178.903056
-0.660001 -177.206592
-0.650001 -175.456354
-0.640001 -173.653485
-0.630001 -171.799076
-0.620001 -169.894246
-0.610001 -167.940135
-0.600001 -165.937853
-0.590001 -163.888551
-0.580001 -161.793347
-0.570001 -159.653399
-0.560001 -157.469819
-0.550001 -155.243801
-0.540001 -152.976461
-0.530001 -150.668966
-0.520001 -148.322453
-0.510001 -145.938089
-0.500001 -143.517028
-0.490001 -141.060408
-0.480001 -138.569398
-0.470001 -136.045148
-0.460001 -133.488809
-0.450001 -130.901518
-0.440001 -128.284447
-0.430001 -125.638716
-0.420002 -122.965477
-0.410002 -120.265871
-0.400002 -117.541017
-0.390002 -114.792072
-0.380002 -112.020147
-0.370002 -109.226364
-0.360002 -106.411836
-0.350002 -103.577675
-0.340002 -100.724982
-0.330002 -97.854854
-0.320002 -94.968390
-0.310002 -92.066653
-0.300002 -89.150737
-0.290002 -86.221699
-0.280002 -83.280597
-0.270002 -80.328489
-0.260002 -77.366406
-0.250002 -74.395381
-0.240002 -71.416436
-0.230002 -68.430581
-0.220002 -65.438822
-0.210002 -62.442143
-0.200002 -59.441523
-0.190002 -56.437936
-0.180002 -53.432338
-0.170002 -50.425667
-0.160002 -47.418856
-0.150002 -44.412833
-0.140002 -41.408496
-0.130002 -38.406738
-0.120002 -35.408451
-0.110002 -32.414492
-0.100002 -29.425717
-0.090002 -26.442962
-0.080002 -23.467059
-0.070002 -20.498811
-0.060002 -17.539019
-0.050002 -14.588463
-0.040002 -11.647907
-0.030002 -8.718102
-0.020002 -5.799783
-0.010002 -2.893671
-0.000002 -0.000469
0.009998 2.879136
0.019998 5.744472
0.029998 8.594884
0.039998 11.429734
0.049998 14.248398
0.059998 17.050274
0.069998 19.834771
0.079998 22.601319
0.089998 25.349365
0.099998 28.078370
0.109998 30.787813
0.119998 33.477197
0.129998 36.146033
0.139998 38.793855
0.149998 41.420215
0.159998 44.024678
0.169998 46.606834
0.179998 49.166286
0.189998 51.702652
0.199998 54.215569
0.209998 56.704700
0.219998 59.169722
0.229998 61.610319
0.239998 64.026211
0.249998 66.417125
0.259998 68.782806
0.269998 71.123012
0.279998 73.437544
0.289998 75.726184
0.299998 77.988750
0.309998 80.225096
0.319998 82.435066
0.329998 84.618531
0.339998 86.775369
0.349998 88.905507
0.359998 91.008858
0.369998 93.085352
0.379998 95.134967
0.389998 97.157668
0.399998 99.153447
0.409998 101.122312
0.419998 103.064288
0.429998 104.979430
0.439998 106.867784
0.449998 108.729423
0.459998 110.564440
0.469998 112.372954
0.479998 114.155073
0.489998 115.910937
0.499998 117.640713
0.509998 119.344562
0.519998 121.022670
0.529998 122.675227
0.539998 124.302463
0.549998 125.904589
0.559998 127.481864
0.569998 129.034537
0.579998 130.562878
0.589998 132.067170
0.599998 133.547727
0.609998 135.004834
0.619998 136.438822
0.629998 137.850037
0.639998 139.238825
0.649998 140.605547
0.659998 141.950566
0.669998 143.274274
0.679998 144.577056
0.689998 145.859336
0.699998 147.121512
0.709998 148.364019
0.719998 149.587294
0.729998 150.791793
0.739998 151.977962
0.749998 153.146264
0.759998 154.297165
0.769998 155.431175
0.779998 156.548755
0.789998 157.650423
0.799998 158.736673
0.809998 159.808029
0.819998 160.865011
0.829998 161.908133
0.839998 162.937937
0.849998 163.954961
0.859998 164.959738
0.869998 165.952825
0.879998 166.934775
0.889998 167.906146
0.899998 168.867497
0.909998 169.819394
0.919998 170.762402
0.929998 171.697105
0.939998 172.624051
0.949998 173.543839
0.959998 174.457032
0.969998 175.364221
0.979998 176.265971
0.989998 177.162861
0.999998 178.055482
1.009998 178.944400
1.019998 179.830218
1.029998 180.713488
1.039998 181.594798
1.049998 182.474707
1.059998 183.353800
1.069998 184.232644
1.079998 185.111833
1.089998 185.991873
1.099998 186.873350
1.109998 187.756817
1.119998 188.642835
1.129998 189.531935
1.139998 190.424670
1.149998 191.321542
1.159998 192.223120
1.169998 193.129895
1.179998 194.042378
1.189998 194.961089
1.199998 195.886509
1.209998 196.819126
1.219998 197.759463
1.229998 198.707948
1.239998 199.665040
1.249997 200.631206
1.259997 201.606914
1.269997 202.592522
1.279997 203.588507
1.289997 204.595291
1.299997 205.613212
1.309997 206.642695
1.319997 207.684112
1.329997 208.737791
1.339997 209.804121
1.349997 210.883388
1.359997 211.975953
1.369997 213.082073
1.379997 214.202065
1.389997 215.336201
1.399997 216.484724
1.409997 217.647917
1.419997 218.825947
1.429997 220.019050
1.439997 221.227417
1.449997 222.451222
1.459997 223.690620
1.469997 224.945751
1.479997 226.216764
1.489997 227.503699
1.499997 228.806669
1.509997 230.125799
1.519997 231.460995
1.529997 232.812447
1.539997 234.180009
1.549997 235.563769
1.559997 236.963660
1.569997 238.379563
1.579997 239.811519
1.589997 241.259323
1.599997 242.722926
1.609997 244.202154
1.619997 245.696794
1.629997 247.206733
1.639997 248.731713
1.649997 250.271529
1.659997 251.825891
1.669997 253.394565
1.679997 254.977199
1.689997 256.573508
1.699997 258.183094
1.709997 259.805611
1.719997 261.440624
1.729997 263.087739
1.739997 264.746503
1.749997 266.416441
1.759997 268.097050
1.769997 269.787834
1.779997 271.488152
1.789997 273.197484
1.799997 274.915258
1.809997 276.640786
1.819997 278.373442
1.829997 280.112574
1.839997 281.857476
1.849997 283.607296
1.859997 285.361423
1.869997 287.119012
1.879997 288.879279
1.889997 290.641300
1.899997 292.404324
1.909997 294.167404
1.919997 295.929648
1.929997 297.690056
1.939997 299.447712
1.949997 301.201563
1.959997 302.950670
1.969997 304.693923
1.979997 306.430302
1.989997 308.158563
1.999997 309.877742
2.009997 311.586637
2.019997 313.284016
2.029997 314.968653
2.039997 316.639394
2.049997 318.294922
2.059997 319.933949
2.069997 321.555268
2.079997 323.157406
2.089997 324.738970
2.099997 326.298729
2.109997 327.835160
2.119997 329.346872
2.129997 330.832270
2.139997 332.290043
2.149997 333.718596
2.159997 335.116336
2.169997 336.481850
2.179997 337.813320
2.189997 339.109359
2.199997 340.368154
2.209997 341.588192
2.219997 342.767666
2.229997 343.904892
2.239997 344.998238
2.249997 346.045853
2.259997 347.045986
2.269997 347.996864
2.279997 348.896645
2.289997 349.743512
2.299997 350.535489
2.309997 351.270900
2.319997 351.947751
2.329997 352.564032
2.339997 353.117934
2.349997 353.607450
2.359997 354.030538
2.369997 354.385284
2.379997 354.669672
2.389997 354.881583
2.399997 355.018926
2.409997 355.079860
2.419997 355.062195
2.429996 354.963730
2.439996 354.782449
2.449996 354.516162
2.459996 354.162819
2.469996 353.720163
2.479996 353.186115
2.489996 352.558282
2.499996 351.834706
2.509996 351.013045
2.519996 350.091167
2.529996 349.066780
2.539996 347.937587
2.549996 346.701488
2.559996 345.356028
2.569996 343.899018
2.579996 342.328193
2.589996 340.641213
2.599996 338.835859
2.609996 336.909717
2.619996 334.860615
2.629996 332.686188
2.639996 330.384041
2.649996 327.951864
2.659996 325.387344
2.669996 322.688274
2.679996 319.852136
2.689996 316.876665
2.699996 313.759537
2.709996 310.498476
2.719996 307.091002
2.729996 303.534844
2.739996 299.827678
2.749996 295.967183
2.759996 291.951014
2.769996 287.776857
2.779996 283.442268
2.789996 278.945116
2.799996 274.283033
2.809996 269.453681
2.819996 264.454811
2.829996 259.283987
2.839996 253.939092
2.849996 248.417822
2.859996 242.717818
2.869996 236.836910
2.879996 230.772863
2.889996 224.523456
2.899996 218.086392
2.909996 211.459597
2.919996 204.640801
2.929996 197.627844
2.939996 190.418552
2.949996 183.010845
2.959996 175.402559
2.969996 167.591601
2.979996 159.575894
2.989996 151.353418
2.999996 142.922043
