-1.990000 684.399544
-1.980000 671.380743
-1.970000 658.346932
-1.960000 645.304193
-1.950000 632.258679
-1.940000 619.216282
-1.930000 606.182626
-1.920000 593.163233
-1.910000 580.163756
-1.900000 567.189578
-1.890000 554.246040
-1.880000 541.338787
-1.870000 528.472497
-1.860000 515.652440
-1.850000 502.883439
-1.840000 490.170565
-1.830000 477.518376
-1.820000 464.931504
-1.810000 452.414657
-1.800000 439.972143
-1.790000 427.608407
-1.780000 415.327788
-1.770000 403.133929
-1.760000 391.031380
-1.750000 379.023815
-1.740000 367.115101
-1.730000 355.308943
-1.720000 343.609182
-1.710000 332.018956
-1.700000 320.541717
-1.690000 309.181181
-1.680000 297.940171
-1.670000 286.821834
-1.660000 275.829212
-1.650000 264.965367
-1.640000 254.232832
-1.630000 243.634343
-1.620000 233.172655
-1.610000 222.850058
-1.600000 212.668982
-1.590000 202.631880
-1.580000 192.740676
-1.570000 182.997623
-1.560000 173.404750
-1.550000 163.963807
-1.540000 154.676563
-1.530000 145.544938
-1.520000 136.570263
-1.510000 127.754146
-1.500000 119.097832
-1.490000 110.602922
-1.480000 102.270422
-1.470001 94.101432
-1.460001 86.097075
-1.450001 78.258200
-1.440001 70.585687
-1.430001 63.080140
-1.420001 55.742376
-1.410001 48.572940
-1.400001 41.572229
-1.390001 34.740669
-1.380001 28.078541
-1.370001 21.585978
-1.360001 15.263268
-1.350001 9.110313
-1.340001 3.127172
-1.330001 -2.686418
-1.320001 -8.330565
-1.310001 -13.805577
-1.300001 -19.111959
-1.290001 -24.249940
-1.280001 -29.220126
-1.270001 -34.023224
-1.260001 -38.659844
-1.250001 -43.130670
-1.240001 -47.436752
-1.230001 -51.578776
-1.220001 -55.557788
-1.210001 -59.374850
-1.200001 -63.031060
-1.190001 -66.527617
-1.180001 -69.865727
-1.170001 -73.046831
-1.160001 -76.072155
-1.150001 -78.943211
-1.140001 -81.661491
-1.130001 -84.228545
-1.120001 -86.646068
-1.110001 -88.915674
-1.100001 -91.039171
-1.090001 -93.018260
-1.080001 -94.854858
-1.070001 -96.550856
-1.060001 -98.108194
-1.050001 -99.528892
-1.040001 -100.815018
-1.030001 -101.968633
-1.020001 -102.991953
-1.010001 -103.887105
-1.000001 -104.656342
-0.990001 -105.301982
-0.980001 -105.826307
-0.970001 -106.231697
-0.960001 -106.520528
-0.950001 -106.695278
-0.940001 -106.758382
-0.930001 -106.712360
-0.920001 -106.559762
-0.910001 -106.303146
-0.900001 -105.945101
-0.890001 -105.488292
-0.880001 -104.935340
-0.870001 -104.288962
-0.860001 -103.551831
-0.850001 -102.726689
-0.840001 -101.816299
-0.830001 -100.823422
-0.820001 -99.750860
-0.810001 -98.601412
-0.800001 -97.377914
-0.790001 -96.083194
-0.780001 -94.720118
-0.770001 -93.291519
-0.760001 -91.800347
-0.750001 -90.249416
-0.740001 -88.641650
-0.730001 -86.979940
-0.720001 -85.267202
-0.710001 -83.506355
-0.700001 -81.700269
-0.690001 -79.851926
-0.680001 -77.964186
-0.670001 -76.039972
-0.660001 -74.082232
-0.650001 -72.093816
-0.640001 -70.077653
-0.630001 -68.036655
-0.620001 -65.973665
-0.610001 -63.891596
-0.600001 -61.793306
-0.590001 -59.681670
-0.580001 -57.559486
-0.570001 -55.429620
-0.560001 -53.294892
-0.550001 -51.158068
-0.540001 -49.021944
-0.530001 -46.889298
-0.520001 -44.762838
-0.510001 -42.645310
-0.500001 -40.539410
-0.490001 -38.447814
-0.480001 -36.373142
-0.470001 -34.318062
-0.460001 -32.285144
-0.450001 -30.276978
-0.440001 -28.296087
-0.430001 -26.344993
-0.420002 -24.426172
-0.410002 -22.542073
-0.400002 -20.695123
-0.390002 -18.887692
-0.380002 -17.122122
-0.370002 -15.400740
-0.360002 -13.725811
-0.350002 -12.099577
-0.340002 -10.524235
-0.330002 -9.001939
-0.320002 -7.534814
-0.310002 -6.124932
-0.300002 -4.774336
-0.290002 -3.485016
-0.280002 -2.258911
-0.270002 -1.097940
-0.260002 -0.003954
-0.250002 1.021231
-0.240002 1.975848
-0.230002 2.858175
-0.220002 3.666544
-0.210002 4.399328
-0.200002 5.054955
-0.190002 5.631898
-0.180002 6.128687
-0.170002 6.543898
-0.160002 6.876161
-0.150002 7.124153
-0.140002 7.286613
-0.130002 7.362326
-0.120002 7.350133
-0.110002 7.248927
-0.100002 7.057661
-0.090002 6.775337
-0.080002 6.401014
-0.070002 5.933808
-0.060002 5.372892
-0.050002 4.717492
-0.040002 3.966893
-0.030002 3.120435
-0.020002 2.177520
-0.010002 1.137601
-0.000002 0.000193
0.009998 -1.235133
0.019998 -2.568745
0.029998 -4.000958
0.039998 -5.532024
0.049998 -7.162138
0.059998 -8.891438
0.069998 -10.720002
0.079998 -12.647850
0.089998 -14.674940
0.099998 -16.801178
0.109998 -19.026406
0.119998 -21.350411
0.129998 -23.772917
0.139998 -26.293596
0.149998 -28.912056
0.159998 -31.627848
0.169998 -34.440467
0.179998 -37.349352
0.189998 -40.353876
0.199998 -43.453364
0.209998 -46.647082
0.219998 -49.934228
0.229998 -53.313968
0.239998 -56.785385
0.249998 -60.347521
0.259998 -63.999354
0.269998 -67.739821
0.279998 -71.567785
0.289998 -75.482077
0.299998 -79.481459
0.309998 -83.564637
0.319998 -87.730275
0.329998 -91.976976
0.339998 -96.303297
0.349998 -100.707749
0.359998 -105.188768
0.369998 -109.744761
0.379998 -114.374086
0.389998 -119.075054
0.399998 -123.845901
0.409998 -128.684855
0.419998 -133.590056
0.429998 -138.559626
0.439998 -143.591640
0.449998 -148.684129
0.459998 -153.835053
0.469998 -159.042356
0.479998 -164.303938
0.489998 -169.617631
0.499998 -174.981283
0.509998 -180.392653
0.519998 -185.849447
0.529998 -191.349392
0.539998 -196.890122
0.549998 -202.469250
0.559998 -208.084399
0.569998 -213.733098
0.579998 -219.412837
0.589998 -225.121160
0.599998 -230.855459
0.609998 -236.613183
0.619998 -242.391733
0.629998 -248.188481
0.639998 -254.000737
0.649998 -259.825784
0.659998 -265.660970
0.669998 -271.503528
0.679998 -277.350666
0.689998 -283.199666
0.699998 -289.047655
0.709998 -294.891836
0.719998 -300.729375
0.729998 -306.557399
0.739998 -312.373021
0.749998 -318.173316
0.759998 -323.955449
0.769998 -329.716469
0.779998 -335.453413
0.789998 -341.163392
0.799998 -346.843423
0.809998 -352.490537
0.819998 -358.101801
0.829998 -363.674234
0.839998 -369.204849
0.849998 -374.690660
0.859998 -380.128719
0.869998 -385.516015
0.879998 -390.849581
0.889998 -396.126452
0.899998 -401.343669
0.909998 -406.498182
0.919998 -411.587137
0.929998 -416.607571
0.939998 -421.556429
0.949998 -426.430913
0.959998 -431.227989
0.969998 -435.944836
0.979998 -440.578496
0.989998 -445.126127
0.999998 -449.584854
1.009998 -453.951873
1.019998 -458.224243
1.029998 -462.399302
1.039998 -466.474153
1.049998 -470.446129
1.059998 -474.312380
1.069998 -478.070399
1.079998 -481.717280
1.089998 -485.250521
1.099998 -488.667490
1.109998 -491.965532
1.119998 -495.142134
1.129998 -498.194705
1.139998 -501.120914
1.149998 -503.918244
1.159998 -506.584217
1.169998 -509.116504
1.179998 -511.512819
1.189998 -513.770749
1.199998 -515.888205
1.209998 -517.862975
1.219998 -519.692837
1.229998 -521.375671
1.239998 -522.909463
1.249997 -524.292193
1.259997 -525.521890
1.269997 -526.596695
1.279997 -527.514743
1.289997 -528.274226
1.299997 -528.873389
1.309997 -529.310595
1.319997 -529.584147
1.329997 -529.692584
1.339997 -529.634269
1.349997 -529.407926
1.359997 -529.012100
1.369997 -528.445344
1.379997 -527.706632
1.389997 -526.794588
1.399997 -525.708260
1.409997 -524.446467
1.419997 -523.008398
1.429997 -521.392949
1.439997 -519.599391
1.449997 -517.627008
1.459997 -515.474973
1.469997 -513.142720
1.479997 -510.629753
1.489997 -507.935657
1.499997 -505.059942
1.509997 -502.002316
1.519997 -498.762536
1.529997 -495.340624
1.539997 -491.736346
1.549997 -487.949673
1.559997 -483.980872
1.569997 -479.830047
1.579997 -475.497481
1.589997 -470.983358
1.599997 -466.288435
1.609997 -461.412945
1.619997 -456.357608
1.629997 -451.123227
1.639997 -445.710393
1.649997 -440.120087
1.659997 -434.353323
1.669997 -428.411080
1.679997 -422.294429
1.689997 -416.004777
1.699997 -409.543439
1.709997 -402.911822
1.719997 -396.111246
1.729997 -389.143548
1.739997 -382.010355
1.749997 -374.713450
1.759997 -367.254709
1.769997 -359.636285
1.779997 -351.859944
1.789997 -343.928090
1.799997 -335.843100
1.809997 -327.607149
1.819997 -319.222511
1.829997 -310.692208
1.839997 -302.018646
1.849997 -293.204509
1.859997 -284.252926
1.869997 -275.166541
1.879997 -265.948502
1.889997 -256.602055
1.899997 -247.130309
1.909997 -237.536761
1.919997 -227.824601
1.929997 -217.997633
1.939997 -208.059298
1.949997 -198.013423
1.959997 -187.863586
1.969997 -177.613976
1.979997 -167.268479
1.989997 -156.831414
1.999997 -146.306860
2.009997 -135.698818
2.019997 -125.012074
2.029997 -114.251155
2.039997 -103.420344
2.049997 -92.524421
2.059997 -81.568089
2.069997 -70.556469
2.079997 -59.494394
2.089997 -48.386789
2.099997 -37.238836
2.109997 -26.055853
2.119997 -14.843095
2.129997 -3.605956
2.139997 7.649875
2.149997 18.919136
2.159997 30.195862
2.169997 41.474412
2.179997 52.749156
2.189997 64.013978
2.199997 75.262781
2.209997 86.489681
2.219997 97.688221
2.229997 108.852359
2.239997 119.975760
2.249997 131.051833
2.259997 142.074197
2.269997 153.036387
2.279997 163.931861
2.289997 174.753446
2.299997 185.494733
2.309997 196.148593
2.319997 206.708286
2.329997 217.166639
2.339997 227.517032
2.349997 237.751890
2.359997 247.863936
2.369997 257.846086
2.379997 267.691015
2.389997 277.391340
2.399997 286.939449
2.409997 296.328008
2.419997 305.549615
2.429996 314.596169
2.439996 323.460324
2.449996 332.134200
2.459996 340.610180
2.469996 348.880134
2.479996 356.936575
2.489996 364.771507
2.499996 372.376674
2.509996 379.744152
2.519996 386.866115
2.529996 393.734197
2.539996 400.340422
2.549996 406.676638
2.559996 412.734925
2.569996 418.506259
2.579996 423.983196
2.589996 429.156936
2.599996 434.019439
2.609996 438.562441
2.619996 442.777347
2.629996 446.655858
2.639996 450.189712
2.649996 453.370391
2.659996 456.189374
2.669996 458.638578
2.679996 460.709127
2.689996 462.393021
2.699996 463.681493
2.709996 464.566104
2.719996 465.038615
2.729996 465.090379
2.739996 464.713202
2.749996 463.898173
2.759996 462.637300
2.769996 460.922071
2.779996 458.743999
2.789996 456.094703
2.799996 452.965903
2.809996 449.349172
2.819996 445.236111
2.829996 440.618583
2.839996 435.488169
2.849996 429.836919
2.859996 423.656199
2.869996 416.938155
2.879996 409.674514
2.889996 401.857157
2.899996 393.478097
2.909996 384.529326
2.919996 375.002883
2.929996 364.890807
2.939996 354.185195
2.949996 342.878305
2.959996 330.962530
2.969996 318.430041
2.979996 305.273182
2.989996 291.484444
2.999996 277.056393
