-1.990000 -620.334892
-1.980000 -600.036559
-1.970000 -579.748841
-1.960000 -559.480661
-1.950000 -539.240239
-1.940000 -519.036446
-1.930000 -498.876876
-1.920000 -478.770203
-1.910000 -458.724302
-1.900000 -438.746991
-1.890000 -418.845971
-1.880000 -399.028740
-1.870000 -379.302592
-1.860000 -359.674905
-1.850000 -340.153031
-1.840000 -320.743706
-1.830000 -301.453693
-1.820000 -282.289665
-1.810000 -263.258444
-1.800000 -244.366171
-1.790000 -225.618956
-1.780000 -207.023117
-1.770000 -188.584345
-1.760000 -170.308722
-1.750000 -152.201641
-1.740000 -134.268525
-1.730000 -116.515070
-1.720000 -98.946101
-1.710000 -81.566653
-1.700000 -64.382159
-1.690000 -47.396633
-1.680000 -30.614849
-1.670000 -14.041492
-1.660000 2.319263
-1.650000 18.463267
-1.640000 34.386518
-1.630000 50.085221
-1.620000 65.555665
-1.610000 80.794225
-1.600000 95.797360
-1.590000 110.562098
-1.580000 125.085064
-1.570000 139.363390
-1.560000 153.394167
-1.550000 167.174813
-1.540000 180.702639
-1.530000 193.975220
-1.520000 206.990332
-1.510000 219.745704
-1.500000 232.239446
-1.490000 244.469806
-1.480000 256.434801
-1.470001 268.132946
-1.460001 279.562769
-1.450001 290.722992
-1.440001 301.612283
-1.430001 312.229564
-1.420001 322.574004
-1.410001 332.644721
-1.400001 342.440958
-1.390001 351.962323
-1.380001 361.208188
-1.370001 370.178288
-1.360001 378.872359
-1.350001 387.290554
-1.340001 395.432611
-1.330001 403.298916
-1.320001 410.889559
-1.310001 418.204980
-1.300001 425.245671
-1.290001 432.012354
-1.280001 438.505625
-1.270001 444.726306
-1.260001 450.675383
-1.250001 456.353861
-1.240001 461.762903
-1.230001 466.903632
-1.220001 471.777531
-1.210001 476.386006
-1.200001 480.730589
-1.190001 484.812851
-1.180001 488.634627
-1.170001 492.197558
-1.160001 495.503715
-1.150001 498.555032
-1.140001 501.353583
-1.130001 503.901530
-1.120001 506.201004
-1.110001 508.254495
-1.100001 510.064348
-1.090001 511.633098
-1.080001 512.963298
-1.070001 514.057413
-1.060001 514.918358
-1.050001 515.548741
-1.040001 515.951503
-1.030001 516.129493
-1.020001 516.085678
-1.010001 515.823135
-1.000001 515.344901
-0.990001 514.654121
-0.980001 513.754048
-0.970001 512.647885
-0.960001 511.338992
-0.950001 509.830675
-0.940001 508.126440
-0.930001 506.229641
-0.920001 504.143773
-0.910001 501.872426
-0.900001 499.419179
-0.890001 496.787602
-0.880001 493.981397
-0.870001 491.004301
-0.860001 487.859941
-0.850001 484.552117
-0.840001 481.084609
-0.830001 477.461226
-0.820001 473.685800
-0.810001 469.762188
-0.800001 465.694265
-0.790001 461.485927
-0.780001 457.141088
-0.770001 452.663719
-0.760001 448.057716
-0.750001 443.326992
-0.740001 438.475635
-0.730001 433.507529
-0.720001 428.426611
-0.710001 423.236942
-0.700001 417.942502
-0.690001 412.547272
-0.680001 407.055155
-0.670001 401.470206
-0.660001 395.796394
-0.650001 390.037685
-0.640001 384.197958
-0.630001 378.281271
-0.620001 372.291483
-0.610001 366.232582
-0.600001 360.108402
-0.590001 353.922794
-0.580001 347.679761
-0.570001 341.383080
-0.560001 335.036540
-0.550001 328.643973
-0.540001 322.209153
-0.530001 315.735825
-0.520001 309.227705
-0.510001 302.688480
-0.500001 296.121834
-0.490001 289.531328
-0.480001 282.920578
-0.470001 276.293161
-0.460001 269.652560
-0.450001 263.002274
-0.440001 256.345707
-0.430001 249.686223
-0.420002 243.027245
-0.410002 236.372020
-0.400002 229.723805
-0.390002 223.085807
-0.380002 216.461230
-0.370002 209.853114
-0.360002 203.264582
-0.350002 196.698575
-0.340002 190.158106
-0.330002 183.646030
-0.320002 177.165208
-0.310002 170.718423
-0.300002 164.308401
-0.290002 157.937789
-0.280002 151.609213
-0.270002 145.325218
-0.260002 139.088287
-0.250002 132.900842
-0.240002 126.765232
-0.230002 120.683757
-0.220002 114.658643
-0.210002 108.692053
-0.200002 102.786080
-0.190002 96.942751
-0.180002 91.164028
-0.170002 85.451800
-0.160002 79.807880
-0.150002 74.234017
-0.140002 68.731893
-0.130002 63.303113
-0.120002 57.949215
-0.110002 52.671654
-0.100002 47.471820
-0.090002 42.351023
-0.080002 37.310510
-0.070002 32.351443
-0.060002 27.474915
-0.050002 22.681942
-0.040002 17.973466
-0.030002 13.350351
-0.020002 8.813389
-0.010002 4.363293
-0.000002 0.000701
0.009998 -4.273824
0.019998 -8.459797
0.029998 -12.556809
0.039998 -16.564527
0.049998 -20.482694
0.059998 -24.311131
0.069998 -28.049733
0.079998 -31.698473
0.089998 -35.257398
0.099998 -38.726636
0.109998 -42.106382
0.119998 -45.396916
0.129998 -48.598583
0.139998 -51.711817
0.149998 -54.737108
0.159998 -57.675030
0.169998 -60.526241
0.179998 -63.291456
0.189998 -65.971465
0.199998 -68.567144
0.209998 -71.079419
0.219998 -73.509306
0.229998 -75.857893
0.239998 -78.126329
0.249998 -80.315822
0.259998 -82.427670
0.269998 -84.463235
0.279998 -86.423927
0.289998 -88.311260
0.299998 -90.126786
0.309998 -91.872117
0.319998 -93.548941
0.329998 -95.159026
0.339998 -96.704166
0.349998 -98.186256
0.359998 -99.607222
0.369998 -100.969059
0.379998 -102.273820
0.389998 -103.523616
0.399998 -104.720628
0.409998 -105.867067
0.419998 -106.965224
0.429998 -108.017418
0.439998 -109.026044
0.449998 -109.993524
0.459998 -110.922362
0.469998 -111.815078
0.479998 -112.674265
0.489998 -113.502528
0.499998 -114.302558
0.509998 -115.077069
0.519998 -115.828804
0.529998 -116.560580
0.539998 -117.275211
0.549998 -117.975592
0.559998 -118.664618
0.569998 -119.345240
0.579998 -120.020446
0.589998 -120.693228
0.599998 -121.366660
0.609998 -122.043760
0.619998 -122.727676
0.629998 -123.421512
0.639998 -124.128414
0.649998 -124.851533
0.659998 -125.594095
0.669998 -126.359298
0.679998 -127.150342
0.689998 -127.970514
0.699998 -128.823054
0.709998 -129.711209
0.719998 -130.638298
0.729998 -131.607581
0.739998 -132.622383
0.749998 -133.685965
0.759998 -134.801673
0.769998 -135.972805
0.779998 -137.202645
0.789998 -138.494542
0.799998 -139.851789
0.809998 -141.277649
0.819998 -142.775446
0.829998 -144.348471
0.839998 -145.999974
0.849998 -147.733211
0.859998 -149.551449
0.869998 -151.457892
0.879998 -153.455760
0.889998 -155.548265
0.899998 -157.738563
0.909998 -160.029761
0.919998 -162.425037
0.929998 -164.927443
0.939998 -167.540052
0.949998 -170.265905
0.959998 -173.107973
0.969998 -176.069280
0.979998 -179.152647
0.989998 -182.361060
0.999998 -185.697313
1.009998 -189.164191
1.019998 -192.764504
1.029998 -196.500949
1.039998 -200.376146
1.049998 -204.392759
1.059998 -208.553334
1.069998 -212.860430
1.079998 -217.316333
1.089998 -221.923597
1.099998 -226.684553
1.109998 -231.601309
1.119998 -236.676288
1.129998 -241.911496
1.139998 -247.309035
1.149998 -252.870938
1.159998 -258.599142
1.169998 -264.495453
1.179998 -270.561716
1.189998 -276.799617
1.199998 -283.210876
1.209998 -289.796965
1.219998 -296.559415
1.229998 -303.499564
1.239998 -310.618775
1.249997 -317.918213
1.259997 -325.399042
1.269997 -333.062307
1.279997 -340.909048
1.289997 -348.939982
1.299997 -357.155962
1.309997 -365.557661
1.319997 -374.145651
1.329997 -382.920321
1.339997 -391.882220
1.349997 -401.031446
1.359997 -410.368404
1.369997 -419.892803
1.379997 -429.604958
1.389997 -439.504482
1.399997 -449.591295
1.409997 -459.864851
1.419997 -470.324848
1.429997 -480.970574
1.439997 -491.801503
1.449997 -502.816630
1.459997 -514.014805
1.469997 -525.395455
1.479997 -536.957252
1.489997 -548.698658
1.499997 -560.618618
1.509997 -572.715229
1.519997 -584.987070
1.529997 -597.432232
1.539997 -610.049045
1.549997 -622.835226
1.559997 -635.788487
1.569997 -648.906897
1.579997 -662.187912
1.589997 -675.628856
1.599997 -689.227044
1.609997 -702.979781
1.619997 -716.884122
1.629997 -730.936983
1.639997 -745.135030
1.649997 -759.475279
1.659997 -773.953638
1.669997 -788.566856
1.679997 -803.311298
1.689997 -818.182832
1.699997 -833.177553
1.709997 -848.291297
1.719997 -863.519641
1.729997 -878.858510
1.739997 -894.302722
1.749997 -909.848046
1.759997 -925.489626
1.769997 -941.222351
1.779997 -957.040970
1.789997 -972.940214
1.799997 -988.915031
1.809997 -1004.959399
1.819997 -1021.067987
1.829997 -1037.234852
1.839997 -1053.454147
1.849997 -1069.719536
1.859997 -1086.024777
1.869997 -1102.363845
1.879997 -1118.729988
1.889997 -1135.116436
1.899997 -1151.516633
1.909997 -1167.923533
1.919997 -1184.330074
1.929997 -1200.729058
1.939997 -1217.113377
1.949997 -1233.474994
1.959997 -1249.806875
1.969997 -1266.101058
1.979997 -1282.349785
1.989997 -1298.544946
1.999997 -1314.678297
2.009997 -1330.742170
2.019997 -1346.727542
2.029997 -1362.625827
2.039997 -1378.428819
2.049997 -1394.127743
2.059997 -1409.713270
2.069997 -1425.176488
2.079997 -1440.508791
2.089997 -1455.700164
2.099997 -1470.741965
2.109997 -1485.623950
2.119997 -1500.337232
2.129997 -1514.871547
2.139997 -1529.217045
2.149997 -1543.364069
2.159997 -1557.302637
2.169997 -1571.021849
2.179997 -1584.512118
2.189997 -1597.762933
2.199997 -1610.763683
2.209997 -1623.503360
2.219997 -1635.971645
2.229997 -1648.157625
2.239997 -1660.050769
2.249997 -1671.639680
2.259997 -1682.913255
2.269997 -1693.860484
2.279997 -1704.470078
2.289997 -1714.730107
2.299997 -1724.629667
2.309997 -1734.157390
2.319997 -1743.301284
2.329997 -1752.049822
2.339997 -1760.390867
2.349997 -1768.312741
2.359997 -1775.803860
2.369997 -1782.852046
2.379997 -1789.444890
2.389997 -1795.570601
2.399997 -1801.216817
2.409997 -1806.371610
2.419997 -1811.022016
2.429996 -1815.156477
2.439996 -1818.761932
2.449996 -1821.826388
2.459996 -1824.336861
2.469996 -1826.281106
2.479996 -1827.646522
2.489996 -1828.420469
2.499996 -1828.590128
2.509996 -1828.142799
2.519996 -1827.066039
2.529996 -1825.346799
2.539996 -1822.972303
2.549996 -1819.930025
2.559996 -1816.206605
2.569996 -1811.789887
2.579996 -1806.666755
2.589996 -1800.823976
2.599996 -1794.249595
2.609996 -1786.929743
2.619996 -1778.851591
2.629996 -1770.003756
2.639996 -1760.371940
2.649996 -1749.943692
2.659996 -1738.706325
2.669996 -1726.646941
2.679996 -1713.753218
2.689996 -1700.011867
2.699996 -1685.410299
2.709996 -1669.935849
2.719996 -1653.576187
2.729996 -1636.318414
2.739996 -1618.150179
2.749996 -1599.058601
2.759996 -1579.031526
2.769996 -1558.056915
2.779996 -1536.121718
2.789996 -1513.213860
2.799996 -1489.321807
2.809996 -1464.432592
2.819996 -1438.534492
2.829996 -1411.615531
2.839996 -1383.663811
2.849996 -1354.667382
2.859996 -1324.614809
2.869996 -1293.494321
2.879996 -1261.294516
2.889996 -1228.003588
2.899996 -1193.610594
2.909996 -1158.104196
2.919996 -1121.473297
2.929996 -1083.706709
2.939996 -1044.794091
2.949996 -1004.724200
2.959996 -963.486637
2.969996 -921.071096
2.979996 -877.466978
2.989996 -832.664104
2.999996 -786.652579
