-1.990000 -1103.542377
-1.980000 -1096.781052
-1.970000 -1089.855457
-1.960000 -1082.769085
-1.950000 -1075.525883
-1.940000 -1068.129348
-1.930000 -1060.583208
-1.920000 -1052.891306
-1.910000 -1045.057488
-1.900000 -1037.085372
-1.890000 -1028.978342
-1.880000 -1020.740705
-1.870000 -1012.375842
-1.860000 -1003.887244
-1.850000 -995.279216
-1.840000 -986.555125
-1.830000 -977.718681
-1.820000 -968.773589
-1.810000 -959.723667
-1.800000 -950.572369
-1.790000 -941.323494
-1.780000 -931.980955
-1.770000 -922.548057
-1.760000 -913.028453
-1.750000 -903.426022
-1.740000 -893.744154
-1.730000 -883.986582
-1.720000 -874.157031
-1.710000 -864.258845
-1.700000 -854.295476
-1.690000 -844.270841
-1.680000 -834.188298
-1.670000 -824.051430
-1.660000 -813.863677
-1.650000 -803.628465
-1.640000 -793.349257
-1.630000 -783.029558
-1.620000 -772.672852
-1.610000 -762.282357
-1.600000 -751.861575
-1.590000 -741.413862
-1.580000 -730.942366
-1.570000 -720.450639
-1.560000 -709.941780
-1.550000 -699.419108
-1.540000 -688.885791
-1.530000 -678.345156
-1.520000 -667.800318
-1.510000 -657.254301
-1.500000 -646.710408
-1.490000 -636.171485
-1.480000 -625.640895
-1.470001 -615.121423
-1.460001 -604.616068
-1.450001 -594.127917
-1.440001 -583.659722
-1.430001 -573.214625
-1.420001 -562.795253
-1.410001 -552.404619
-1.400001 -542.045342
-1.390001 -531.720307
-1.380001 -521.432182
-1.370001 -511.183660
-1.360001 -500.977398
-1.350001 -490.816074
-1.340001 -480.702091
-1.330001 -470.638233
-1.320001 -460.626708
-1.310001 -450.670162
-1.300001 -440.771140
-1.290001 -430.931737
-1.280001 -421.154477
-1.270001 -411.441611
-1.260001 -401.795465
-1.250001 -392.218147
-1.240001 -382.711845
-1.230001 -373.278816
-1.220001 -363.921046
-1.210001 -354.640709
-1.200001 -345.439649
-1.190001 -336.319895
-1.180001 -327.283489
-1.170001 -318.332148
-1.160001 -309.467770
-1.150001 -300.692206
-1.140001 -292.007042
-1.130001 -283.414209
-1.120001 -274.915146
-1.110001 -266.511637
-1.100001 -258.205089
-1.090001 -249.997137
-1.080001 -241.889261
-1.070001 -233.882788
-1.060001 -225.979212
-1.050001 -218.179807
-1.040001 -210.485843
-1.030001 -202.898633
-1.020001 -195.419351
-1.010001 -188.049127
-1.000001 -180.789040
-0.990001 -173.640177
-0.980001 -166.603551
-0.970001 -159.680126
-0.960001 -152.870820
-0.950001 -146.176429
-0.940001 -139.597825
-0.930001 -133.135809
-0.920001 -126.791083
-0.910001 -120.564279
-0.900001 -114.456078
-0.890001 -108.467018
-0.880001 -102.597636
-0.870001 -96.848469
-0.860001 -91.219891
-0.850001 -85.712343
-0.840001 -80.326172
-0.830001 -75.061612
-0.820001 -69.918961
-0.810001 -64.898427
-0.800001 -60.000124
-0.790001 -55.224199
-0.780001 -50.570707
-0.770001 -46.039657
-0.760001 -41.631023
-0.750001 -37.344722
-0.740001 -33.180625
-0.730001 -29.138577
-0.720001 -25.218360
-0.710001 -21.419736
-0.700001 -17.742367
-0.690001 -14.185915
-0.680001 -10.749983
-0.670001 -7.434134
-0.660001 -4.237910
-0.650001 -1.160758
-0.640001 1.797914
-0.630001 4.638669
-0.620001 7.362180
-0.610001 9.969168
-0.600001 12.460344
-0.590001 14.836505
-0.580001 17.098472
-0.570001 19.247118
-0.560001 21.283352
-0.550001 23.208112
-0.540001 25.022381
-0.530001 26.727200
-0.520001 28.323625
-0.510001 29.812766
-0.500001 31.195771
-0.490001 32.473816
-0.480001 33.648115
-0.470001 34.719943
-0.460001 35.690581
-0.450001 36.561366
-0.440001 37.333651
-0.430001 38.008852
-0.420002 38.588395
-0.410002 39.073755
-0.400002 39.466434
-0.390002 39.767975
-0.380002 39.979938
-0.370002 40.103931
-0.360002 40.141592
-0.350002 40.094580
-0.340002 39.964594
-0.330002 39.753356
-0.320002 39.462627
-0.310002 39.094190
-0.300002 38.649850
-0.290002 38.131459
-0.280002 37.540875
-0.270002 36.879996
-0.260002 36.150738
-0.250002 35.355048
-0.240002 34.494899
-0.230002 33.572273
-0.220002 32.589200
-0.210002 31.547712
-0.200002 30.449868
-0.190002 29.297761
-0.180002 28.093485
-0.170002 26.839166
-0.160002 25.536950
-0.150002 24.188997
-0.140002 22.797484
-0.130002 21.364612
-0.120002 19.892594
-0.110002 18.383659
-0.100002 16.840052
-0.090002 15.264030
-0.080002 13.657868
-0.070002 12.023853
-0.060002 10.364281
-0.050002 8.681465
-0.040002 6.977725
-0.030002 5.255392
-0.020002 3.516807
-0.010002 1.764320
-0.000002 0.000287
0.009998 -1.772925
0.019998 -3.552947
0.029998 -5.337401
0.039998 -7.123905
0.049998 -8.910073
0.059998 -10.693516
0.069998 -12.471841
0.079998 -14.242654
0.089998 -16.003560
0.099998 -17.752162
0.109998 -19.486066
0.119998 -21.202876
0.129998 -22.900202
0.139998 -24.575651
0.149998 -26.226841
0.159998 -27.851384
0.169998 -29.446907
0.179998 -31.011033
0.189998 -32.541404
0.199998 -34.035655
0.209998 -35.491444
0.219998 -36.906420
0.229998 -38.278261
0.239998 -39.604640
0.249998 -40.883248
0.259998 -42.111784
0.269998 -43.287967
0.279998 -44.409522
0.289998 -45.474194
0.299998 -46.479732
0.309998 -47.423919
0.319998 -48.304543
0.329998 -49.119397
0.339998 -49.866319
0.349998 -50.543143
0.359998 -51.147736
0.369998 -51.677983
0.379998 -52.131779
0.389998 -52.507052
0.399998 -52.801753
0.409998 -53.013844
0.419998 -53.141322
0.429998 -53.182206
0.439998 -53.134547
0.449998 -52.996403
0.459998 -52.765877
0.469998 -52.441091
0.479998 -52.020196
0.489998 -51.501375
0.499998 -50.882838
0.509998 -50.162814
0.519998 -49.339596
0.529998 -48.411471
0.539998 -47.376774
0.549998 -46.233882
0.559998 -44.981189
0.569998 -43.617123
0.579998 -42.140170
0.589998 -40.548830
0.599998 -38.841628
0.609998 -37.017172
0.619998 -35.074044
0.629998 -33.010930
0.639998 -30.826508
0.649998 -28.519494
0.659998 -26.088667
0.669998 -23.532872
0.679998 -20.850901
0.689998 -18.041701
0.699998 -15.104174
0.709998 -12.037314
0.719998 -8.840127
0.729998 -5.511685
0.739998 -2.051123
0.749998 1.542452
0.759998 5.269824
0.769998 9.131731
0.779998 13.128889
0.789998 17.262007
0.799998 21.531618
0.809998 25.938350
0.819998 30.482728
0.829998 35.165161
0.839998 39.986167
0.849998 44.946044
0.859998 50.045120
0.869998 55.283732
0.879998 60.662014
0.889998 66.180214
0.899998 71.838410
0.909998 77.636712
0.919998 83.575070
0.929998 89.653526
0.939998 95.871924
0.949998 102.230203
0.959998 108.728074
0.969998 115.365369
0.979998 122.141742
0.989998 129.056816
0.999998 136.110263
1.009998 143.301573
1.019998 150.630178
1.029998 158.095613
1.039998 165.697149
1.049998 173.434079
1.059998 181.305798
1.069998 189.311409
1.079998 197.450035
1.089998 205.720881
1.099998 214.122904
1.109998 222.655006
1.119998 231.316263
1.129998 240.105433
1.139998 249.021372
1.149998 258.062779
1.159998 267.228464
1.169998 276.516844
1.179998 285.926730
1.189998 295.456591
1.199998 305.104672
1.209998 314.869783
1.219998 324.749939
1.229998 334.743494
1.239998 344.848749
1.249997 355.063945
1.259997 365.387095
1.269997 375.816270
1.279997 386.349541
1.289997 396.984691
1.299997 407.719854
1.309997 418.552757
1.319997 429.481248
1.329997 440.502881
1.339997 451.615449
1.349997 462.816632
1.359997 474.103875
1.369997 485.474688
1.379997 496.926523
1.389997 508.456778
1.399997 520.062918
1.409997 531.741992
1.419997 543.491415
1.429997 555.308368
1.439997 567.189799
1.449997 579.132961
1.459997 591.134636
1.469997 603.192154
1.479997 615.302128
1.489997 627.461424
1.499997 639.667036
1.509997 651.915605
1.519997 664.203840
1.529997 676.528221
1.539997 688.885662
1.549997 701.272725
1.559997 713.685616
1.569997 726.121045
1.579997 738.575243
1.589997 751.044517
1.599997 763.525556
1.609997 776.014327
1.619997 788.507183
1.629997 801.000245
1.639997 813.489591
1.649997 825.971254
1.659997 838.441527
1.669997 850.896116
1.679997 863.331287
1.689997 875.742903
1.699997 888.126482
1.709997 900.478108
1.719997 912.793824
1.729997 925.069030
1.739997 937.299569
1.749997 949.481128
1.759997 961.609355
1.769997 973.679623
1.779997 985.687987
1.789997 997.629630
1.799997 1009.500178
1.809997 1021.294869
1.819997 1033.009498
1.829997 1044.639240
1.839997 1056.179473
1.849997 1067.625780
1.859997 1078.973244
1.869997 1090.217157
1.879997 1101.352664
1.889997 1112.375352
1.899997 1123.280080
1.909997 1134.062035
1.919997 1144.716723
1.929997 1155.239050
1.939997 1165.624017
1.949997 1175.866945
1.959997 1185.962566
1.969997 1195.906274
1.979997 1205.692989
1.989997 1215.317616
1.999997 1224.775489
2.009997 1234.060966
2.019997 1243.169597
2.029997 1252.096048
2.039997 1260.835264
2.049997 1269.382285
2.059997 1277.731921
2.069997 1285.879190
2.079997 1293.818779
2.089997 1301.545798
2.099997 1309.055025
2.109997 1316.341447
2.119997 1323.399733
2.129997 1330.224859
2.139997 1336.811802
2.149997 1343.155121
2.159997 1349.250097
2.169997 1355.091394
2.179997 1360.673685
2.189997 1365.992047
2.199997 1371.041458
2.209997 1375.816507
2.219997 1380.312381
2.229997 1384.523784
2.239997 1388.445719
2.249997 1392.072820
2.259997 1395.400492
2.269997 1398.423482
2.279997 1401.136560
2.289997 1403.534789
2.299997 1405.613245
2.309997 1407.366657
2.319997 1408.790408
2.329997 1409.879444
2.339997 1410.628733
2.349997 1411.033269
2.359997 1411.088246
2.369997 1410.788533
2.379997 1410.129882
2.389997 1409.106876
2.399997 1407.715143
2.409997 1405.949665
2.419997 1403.805792
2.429996 1401.278418
2.439996 1398.363596
2.449996 1395.056285
2.459996 1391.351960
2.469996 1387.246128
2.479996 1382.733881
2.489996 1377.811105
2.499996 1372.472832
2.509996 1366.715604
2.519996 1360.534246
2.529996 1353.924510
2.539996 1346.882468
2.549996 1339.403670
2.559996 1331.483724
2.569996 1323.118698
2.579996 1314.304822
2.589996 1305.037336
2.599996 1295.312834
2.609996 1285.127182
2.619996 1274.476314
2.629996 1263.356708
2.639996 1251.764292
2.649996 1239.695646
2.659996 1227.146937
2.669996 1214.114627
2.679996 1200.595015
2.689996 1186.584902
2.699996 1172.080506
2.709996 1157.078955
2.719996 1141.576703
2.729996 1125.570393
2.739996 1109.057128
2.749996 1092.033689
2.759996 1074.497207
2.769996 1056.444434
2.779996 1037.872913
2.789996 1018.779715
2.799996 999.162001
2.809996 979.017179
2.819996 958.342807
2.829996 937.136207
2.839996 915.394948
2.849996 893.117105
2.859996 870.300036
2.869996 846.941757
2.879996 823.040091
2.889996 798.593141
2.899996 773.598905
2.909996 748.055539
2.919996 721.961505
2.929996 695.314910
2.939996 668.114382
2.949996 640.358328
2.959996 612.045405
2.969996 583.174435
2.979996 553.744039
2.989996 523.753305
2.999996 493.201095
