-1.990000 -1968.745193
-1.980000 -1942.851354
-1.970000 -1916.854578
-1.960000 -1890.768423
-1.950000 -1864.604911
-1.940000 -1838.375639
-1.930000 -1812.092461
-1.920000 -1785.767268
-1.910000 -1759.411756
-1.900000 -1733.036504
-1.890000 -1706.653045
-1.880000 -1680.272018
-1.870000 -1653.904098
-1.860000 -1627.559757
-1.850000 -1601.249501
-1.840000 -1574.982700
-1.830000 -1548.770399
-1.820000 -1522.620852
-1.810000 -1496.544231
-1.800000 -1470.550276
-1.790000 -1444.646619
-1.780000 -1418.843308
-1.770000 -1393.148996
-1.760000 -1367.571178
-1.750000 -1342.118577
-1.740000 -1316.799718
-1.730000 -1291.621480
-1.720000 -1266.592221
-1.710000 -1241.718894
-1.700000 -1217.008972
-1.690000 -1192.469486
-1.680000 -1168.107263
-1.670000 -1143.928202
-1.660000 -1119.939944
-1.650000 -1096.147743
-1.640000 -1072.557989
-1.630000 -1049.176146
-1.620000 -1026.008331
-1.610000 -1003.059609
-1.600000 -980.335400
-1.590000 -957.840500
-1.580000 -935.579999
-1.570000 -913.558121
-1.560000 -891.779754
-1.550000 -870.248739
-1.540000 -848.969580
-1.530000 -827.945738
-1.520000 -807.181099
-1.510000 -786.678992
-1.500000 -766.443052
-1.490000 -746.475998
-1.480000 -726.781096
-1.470001 -707.360947
-1.460001 -688.218152
-1.450001 -669.355075
-1.440001 -650.774086
-1.430001 -632.477077
-1.420001 -614.465828
-1.410001 -596.742492
-1.400001 -579.308205
-1.390001 -562.164301
-1.380001 -545.312308
-1.370001 -528.753108
-1.360001 -512.487541
-1.350001 -496.516290
-1.340001 -480.840027
-1.330001 -465.459209
-1.320001 -450.373841
-1.310001 -435.584223
-1.300001 -421.090296
-1.290001 -406.891767
-1.280001 -392.988373
-1.270001 -379.379649
-1.260001 -366.064873
-1.250001 -353.043301
-1.240001 -340.314226
-1.230001 -327.876172
-1.220001 -315.728511
-1.210001 -303.869507
-1.200001 -292.297960
-1.190001 -281.012342
-1.180001 -270.010861
-1.170001 -259.291806
-1.160001 -248.853264
-1.150001 -238.693205
-1.140001 -228.809379
-1.130001 -219.199814
-1.120001 -209.861931
-1.110001 -200.793327
-1.100001 -191.991492
-1.090001 -183.453820
-1.080001 -175.177390
-1.070001 -167.159514
-1.060001 -159.397168
-1.050001 -151.887400
-1.040001 -144.627067
-1.030001 -137.612968
-1.020001 -130.841824
-1.010001 -124.310301
-1.000001 -118.014991
-0.990001 -111.952313
-0.980001 -106.118792
-0.970001 -100.510761
-0.960001 -95.124512
-0.950001 -89.956253
-0.940001 -85.002256
-0.930001 -80.258515
-0.920001 -75.721240
-0.910001 -71.386358
-0.900001 -67.249859
-0.890001 -63.307711
-0.880001 -59.555731
-0.870001 -55.989805
-0.860001 -52.605743
-0.850001 -49.399302
-0.840001 -46.366215
-0.830001 -43.502189
-0.820001 -40.802936
-0.810001 -38.264123
-0.800001 -35.881374
-0.790001 -33.650315
-0.780001 -31.566526
-0.770001 -29.625659
-0.760001 -27.823259
-0.750001 -26.154884
-0.740001 -24.616130
-0.730001 -23.202569
-0.720001 -21.909760
-0.710001 -20.733259
-0.700001 -19.668663
-0.690001 -18.711537
-0.680001 -17.857468
-0.670001 -17.102063
-0.660001 -16.440963
-0.650001 -15.869770
-0.640001 -15.384161
-0.630001 -14.979807
-0.620001 -14.652405
-0.610001 -14.397667
-0.600001 -14.211380
-0.590001 -14.089326
-0.580001 -14.027304
-0.570001 -14.021183
-0.560001 -14.066868
-0.550001 -14.160265
-0.540001 -14.297377
-0.530001 -14.474213
-0.520001 -14.686841
-0.510001 -14.931382
-0.500001 -15.203995
-0.490001 -15.500880
-0.480001 -15.818348
-0.470001 -16.152703
-0.460001 -16.500326
-0.450001 -16.857681
-0.440001 -17.221265
-0.430001 -17.587647
-0.420002 -17.953473
-0.410002 -18.315447
-0.400002 -18.670338
-0.390002 -19.014986
-0.380002 -19.346312
-0.370002 -19.661301
-0.360002 -19.957021
-0.350002 -20.230608
-0.340002 -20.479286
-0.330002 -20.700347
-0.320002 -20.891173
-0.310002 -21.049224
-0.300002 -21.172049
-0.290002 -21.257267
-0.280002 -21.302602
-0.270002 -21.305852
-0.260002 -21.264907
-0.250002 -21.177749
-0.240002 -21.042446
-0.230002 -20.857162
-0.220002 -20.620145
-0.210002 -20.329743
-0.200002 -19.984402
-0.190002 -19.582652
-0.180002 -19.123126
-0.170002 -18.604553
-0.160002 -18.025756
-0.150002 -17.385658
-0.140002 -16.683279
-0.130002 -15.917741
-0.120002 -15.088263
-0.110002 -14.194161
-0.100002 -13.234858
-0.090002 -12.209873
-0.080002 -11.118825
-0.070002 -9.961440
-0.060002 -8.737537
-0.050002 -7.447046
-0.040002 -6.089992
-0.030002 -4.666505
-0.020002 -3.176816
-0.010002 -1.621259
-0.000002 -0.000269
0.009998 1.685618
0.019998 3.435760
0.029998 5.249420
0.039998 7.125753
0.049998 9.063818
0.059998 11.062571
0.069998 13.120868
0.079998 15.237464
0.089998 17.411017
0.099998 19.640084
0.109998 21.923123
0.119998 24.258497
0.129998 26.644468
0.139998 29.079207
0.149998 31.560782
0.159998 34.087172
0.169998 36.656256
0.179998 39.265828
0.189998 41.913577
0.199998 44.597116
0.209998 47.313957
0.219998 50.061520
0.229998 52.837147
0.239998 55.638089
0.249998 58.461504
0.259998 61.304472
0.269998 64.163986
0.279998 67.036963
0.289998 69.920237
0.299998 72.810550
0.309998 75.704585
0.319998 78.598939
0.329998 81.490128
0.339998 84.374605
0.349998 87.248748
0.359998 90.108847
0.369998 92.951159
0.379998 95.771850
0.389998 98.567009
0.399998 101.332698
0.409998 104.064866
0.419998 106.759466
0.429998 109.412342
0.439998 112.019282
0.449998 114.576070
0.459998 117.078374
0.469998 119.521851
0.479998 121.902094
0.489998 124.214667
0.499998 126.455073
0.509998 128.618797
0.519998 130.701218
0.529998 132.697755
0.539998 134.603775
0.549998 136.414578
0.559998 138.125447
0.569998 139.731656
0.579998 141.228434
0.589998 142.611003
0.599998 143.874531
0.609998 145.014218
0.619998 146.025185
0.629998 146.902594
0.639998 147.641557
0.649998 148.237197
0.659998 148.684619
0.669998 148.978943
0.679998 149.115281
0.689998 149.088723
0.699998 148.894375
0.709998 148.527375
0.719998 147.982825
0.729998 147.255874
0.739998 146.341667
0.749998 145.235378
0.759998 143.932186
0.769998 142.427317
0.779998 140.715976
0.789998 138.793452
0.799998 136.655031
0.809998 134.296010
0.819998 131.711766
0.829998 128.897748
0.839998 125.849335
0.849998 122.562040
0.859998 119.031366
0.869998 115.252959
0.879998 111.222376
0.889998 106.935372
0.899998 102.387641
0.909998 97.575033
0.919998 92.493414
0.929998 87.138670
0.939998 81.506874
0.949998 75.594102
0.959998 69.396503
0.969998 62.910303
0.979998 56.131810
0.989998 49.057441
0.999998 41.683620
1.009998 34.007067
1.019998 26.024286
1.029998 17.732078
1.039998 9.127371
1.049998 0.207035
1.059998 -9.031908
1.069998 -18.592140
1.079998 -28.476452
1.089998 -38.687548
1.099998 -49.227861
1.109998 -60.099758
1.119998 -71.305546
1.129998 -82.847353
1.139998 -94.727184
1.149998 -106.947083
1.159998 -119.508634
1.169998 -132.413511
1.179998 -145.663337
1.189998 -159.259348
1.199998 -173.202893
1.209998 -187.494925
1.219998 -202.136425
1.229998 -217.128341
1.239998 -232.471072
1.249997 -248.165324
1.259997 -264.211307
1.269997 -280.609245
1.279997 -297.359267
1.289997 -314.461106
1.299997 -331.914655
1.309997 -349.719144
1.319997 -367.874224
1.329997 -386.378997
1.339997 -405.232599
1.349997 -424.433636
1.359997 -443.981138
1.369997 -463.873660
1.379997 -484.109098
1.389997 -504.685887
1.399997 -525.601920
1.409997 -546.855269
1.419997 -568.443216
1.429997 -590.363217
1.439997 -612.612602
1.449997 -635.188448
1.459997 -658.087397
1.469997 -681.306264
1.479997 -704.841544
1.489997 -728.689416
1.499997 -752.845983
1.509997 -777.306904
1.519997 -802.068247
1.529997 -827.125146
1.539997 -852.472899
1.549997 -878.106722
1.559997 -904.021441
1.569997 -930.211556
1.579997 -956.671480
1.589997 -983.395662
1.599997 -1010.377977
1.609997 -1037.611906
1.619997 -1065.091878
1.629997 -1092.810465
1.639997 -1120.761064
1.649997 -1148.937100
1.659997 -1177.330814
1.669997 -1205.934718
1.679997 -1234.741596
1.689997 -1263.743048
1.699997 -1292.930942
1.709997 -1322.297660
1.719997 -1351.834156
1.729997 -1381.531412
1.739997 -1411.380679
1.749997 -1441.373470
1.759997 -1471.499161
1.769997 -1501.748596
1.779997 -1532.112877
1.789997 -1562.580503
1.799997 -1593.141907
1.809997 -1623.786831
1.819997 -1654.503852
1.829997 -1685.282995
1.839997 -1716.113117
1.849997 -1746.981461
1.859997 -1777.877877
1.869997 -1808.790593
1.879997 -1839.706926
1.889997 -1870.615617
1.899997 -1901.503108
1.909997 -1932.357723
1.919997 -1963.166417
1.929997 -1993.915946
1.939997 -2024.593551
1.949997 -2055.185579
1.959997 -2085.678410
1.969997 -2116.058447
1.979997 -2146.311669
1.989997 -2176.423635
1.999997 -2206.379491
2.009997 -2236.166504
2.019997 -2265.768125
2.029997 -2295.169257
2.039997 -2324.355825
2.049997 -2353.312464
2.059997 -2382.022330
2.069997 -2410.471430
2.079997 -2438.642779
2.089997 -2466.520515
2.099997 -2494.088591
2.109997 -2521.330789
2.119997 -2548.229254
2.129997 -2574.769308
2.139997 -2600.932763
2.149997 -2626.702122
2.159997 -2652.061360
2.169997 -2676.992247
2.179997 -2701.477623
2.189997 -2725.499372
2.199997 -2749.040028
2.209997 -2772.081776
2.219997 -2794.605872
2.229997 -2816.594226
2.239997 -2838.028796
2.249997 -2858.890828
2.259997 -2879.162008
2.269997 -2898.822579
2.279997 -2917.854173
2.289997 -2936.238287
2.299997 -2953.955008
2.309997 -2970.985241
2.319997 -2987.309778
2.329997 -3002.908767
2.339997 -3017.763500
2.349997 -3031.853575
2.359997 -3045.159043
2.369997 -3057.660213
2.379997 -3069.337977
2.389997 -3080.171115
2.399997 -3090.140358
2.409997 -3099.225352
2.419997 -3107.405039
2.429996 -3114.660568
2.439996 -3120.970440
2.449996 -3126.315028
2.459996 -3130.673077
2.469996 -3134.025149
2.479996 -3136.349316
2.489996 -3137.626050
2.499996 -3137.834572
2.509996 -3136.954087
2.519996 -3134.964353
2.529996 -3131.843969
2.539996 -3127.572395
2.549996 -3122.129074
2.559996 -3115.493980
2.569996 -3107.645728
2.579996 -3098.563247
2.589996 -3088.227039
2.599996 -3076.614783
2.609996 -3063.707760
2.619996 -3049.484478
2.629996 -3033.924019
2.639996 -3017.006941
2.649996 -2998.711468
2.659996 -2979.018007
2.669996 -2957.906076
2.679996 -2935.355483
2.689996 -2911.345669
2.699996 -2885.856806
2.709996 -2858.868709
2.719996 -2830.361291
2.729996 -2800.314759
2.739996 -2768.709603
2.749996 -2735.525829
2.759996 -2700.743581
2.769996 -2664.344031
2.779996 -2626.307547
2.789996 -2586.614482
2.799996 -2545.246679
2.809996 -2502.184427
2.819996 -2457.408710
2.829996 -2410.902334
2.839996 -2362.645043
2.849996 -2312.619203
2.859996 -2260.807403
2.869996 -2207.190600
2.879996 -2151.751463
2.889996 -2094.472541
2.899996 -2035.335613
2.909996 -1974.324126
2.919996 -1911.421416
2.929996 -1846.609731
2.939996 -1779.872682
2.949996 -1711.194629
2.959996 -1640.558437
2.969996 -1567.949073
2.979996 -1493.350626
2.989996 -1416.747478
2.999996 -1338.124595
