-1.990000 -2909.768120
-1.980000 -2878.456857
-1.970000 -2846.965124
-1.960000 -2815.306350
-1.950000 -2783.497325
-1.940000 -2751.551894
-1.930000 -2719.486389
-1.920000 -2687.313488
-1.910000 -2655.048362
-1.900000 -2622.704800
-1.890000 -2590.296809
-1.880000 -2557.838154
-1.870000 -2525.341195
-1.860000 -2492.820141
-1.850000 -2460.286856
-1.840000 -2427.754359
-1.830000 -2395.234959
-1.820000 -2362.740951
-1.810000 -2330.282964
-1.800000 -2297.874458
-1.790000 -2265.525326
-1.780000 -2233.247113
-1.770000 -2201.050162
-1.760000 -2168.945762
-1.750000 -2136.943761
-1.740000 -2105.054958
-1.730000 -2073.288222
-1.720000 -2041.653858
-1.710000 -2010.160724
-1.700000 -1978.818150
-1.690000 -1947.635227
-1.680000 -1916.620313
-1.670000 -1885.781280
-1.660000 -1855.127212
-1.650000 -1824.665496
-1.640000 -1794.403275
-1.630000 -1764.348910
-1.620000 -1734.508820
-1.610000 -1704.889917
-1.600000 -1675.499848
-1.590000 -1646.344076
-1.580000 -1617.428802
-1.570000 -1588.760483
-1.560000 -1560.344856
-1.550000 -1532.187183
-1.540000 -1504.292740
-1.530000 -1476.666333
-1.520000 -1449.313273
-1.510000 -1422.238158
-1.500000 -1395.445123
-1.490000 -1368.938566
-1.480000 -1342.721938
-1.470001 -1316.799447
-1.460001 -1291.174477
-1.450001 -1265.850199
-1.440001 -1240.829816
-1.430001 -1216.116204
-1.420001 -1191.712149
-1.410001 -1167.619994
-1.400001 -1143.841880
-1.390001 -1120.379990
-1.380001 -1097.236308
-1.370001 -1074.412383
-1.360001 -1051.909574
-1.350001 -1029.729408
-1.340001 -1007.872866
-1.330001 -986.340864
-1.320001 -965.134373
-1.310001 -944.253592
-1.300001 -923.699135
-1.290001 -903.471088
-1.280001 -883.569661
-1.270001 -863.994599
-1.260001 -844.745427
-1.250001 -825.821915
-1.240001 -807.223496
-1.230001 -788.949332
-1.220001 -770.998374
-1.210001 -753.369651
-1.200001 -736.061874
-1.190001 -719.073778
-1.180001 -702.403730
-1.170001 -686.050073
-1.160001 -670.011126
-1.150001 -654.284850
-1.140001 -638.869414
-1.130001 -623.762357
-1.120001 -608.961487
-1.110001 -594.464436
-1.100001 -580.268662
-1.090001 -566.371512
-1.080001 -552.770060
-1.070001 -539.461653
-1.060001 -526.443317
-1.050001 -513.711872
-1.040001 -501.264199
-1.030001 -489.097037
-1.020001 -477.206979
-1.010001 -465.590688
-1.000001 -454.244589
-0.990001 -443.165180
-0.980001 -432.348576
-0.970001 -421.791224
-0.960001 -411.489200
-0.950001 -401.438613
-0.940001 -391.635606
-0.930001 -382.076040
-0.920001 -372.755967
-0.910001 -363.671188
-0.900001 -354.817552
-0.890001 -346.190835
-0.880001 -337.786773
-0.870001 -329.601129
-0.860001 -321.629443
-0.850001 -313.867409
-0.840001 -306.310642
-0.830001 -298.954707
-0.820001 -291.795078
-0.810001 -284.827388
-0.800001 -278.047053
-0.790001 -271.449604
-0.780001 -265.030543
-0.770001 -258.785316
-0.760001 -252.709370
-0.750001 -246.798209
-0.740001 -241.047298
-0.730001 -235.452108
-0.720001 -230.008094
-0.710001 -224.710784
-0.700001 -219.555660
-0.690001 -214.538239
-0.680001 -209.654059
-0.670001 -204.898718
-0.660001 -200.267761
-0.650001 -195.756821
-0.640001 -191.361560
-0.630001 -187.077636
-0.620001 -182.900783
-0.610001 -178.826735
-0.600001 -174.851305
-0.590001 -170.970334
-0.580001 -167.179707
-0.570001 -163.475379
-0.560001 -159.853305
-0.550001 -156.309579
-0.540001 -152.840270
-0.530001 -149.441570
-0.520001 -146.109672
-0.510001 -142.840894
-0.500001 -139.631576
-0.490001 -136.478142
-0.480001 -133.377115
-0.470001 -130.325037
-0.460001 -127.318565
-0.450001 -124.354436
-0.440001 -121.429436
-0.430001 -118.540452
-0.420002 -115.684475
-0.410002 -112.858521
-0.400002 -110.059768
-0.390002 -107.285446
-0.380002 -104.532852
-0.370002 -101.799423
-0.360002 -99.082668
-0.350002 -96.380180
-0.340002 -93.689683
-0.330002 -91.008958
-0.320002 -88.335926
-0.310002 -85.668582
-0.300002 -83.005043
-0.290002 -80.343520
-0.280002 -77.682322
-0.270002 -75.019893
-0.260002 -72.354756
-0.250002 -69.685554
-0.240002 -67.011044
-0.230002 -64.330087
-0.220002 -61.641673
-0.210002 -58.944878
-0.200002 -56.238918
-0.190002 -53.523106
-0.180002 -50.796873
-0.170002 -48.059777
-0.160002 -45.311481
-0.150002 -42.551768
-0.140002 -39.780539
-0.130002 -36.997816
-0.120002 -34.203729
-0.110002 -31.398542
-0.100002 -28.582622
-0.090002 -25.756463
-0.080002 -22.920678
-0.070002 -20.075998
-0.060002 -17.223271
-0.050002 -14.363466
-0.040002 -11.497670
-0.030002 -8.627089
-0.020002 -5.753047
-0.010002 -2.876987
-0.000002 -0.000467
0.009998 2.874834
0.019998 5.747123
0.029998 8.614491
0.039998 11.474911
0.049998 14.326241
0.059998 17.166231
0.069998 19.992508
0.079998 22.802594
0.089998 25.593896
0.099998 28.363710
0.109998 31.109224
0.119998 33.827517
0.129998 36.515558
0.139998 39.170210
0.149998 41.788234
0.159998 44.366284
0.169998 46.900912
0.179998 49.388569
0.189998 51.825609
0.199998 54.208281
0.209998 56.532739
0.219998 58.795055
0.229998 60.991192
0.239998 63.117016
0.249998 65.168328
0.259998 67.140820
0.269998 69.030101
0.279998 70.831712
0.289998 72.541078
0.299998 74.153582
0.309998 75.664503
0.319998 77.069053
0.329998 78.362369
0.339998 79.539513
0.349998 80.595490
0.359998 81.525222
0.369998 82.323565
0.379998 82.985336
0.389998 83.505274
0.399998 83.878049
0.409998 84.098302
0.419998 84.160605
0.429998 84.059486
0.439998 83.789433
0.449998 83.344868
0.459998 82.720195
0.469998 81.909762
0.479998 80.907891
0.489998 79.708873
0.499998 78.306954
0.509998 76.696365
0.519998 74.871304
0.529998 72.825980
0.539998 70.554532
0.549998 68.051112
0.559998 65.309846
0.569998 62.324892
0.579998 59.090344
0.589998 55.600325
0.599998 51.848978
0.609998 47.830387
0.619998 43.538715
0.629998 38.968071
0.639998 34.112633
0.649998 28.966558
0.659998 23.524034
0.669998 17.779300
0.679998 11.726555
0.689998 5.360124
0.699998 -1.325747
0.709998 -8.336682
0.719998 -15.678320
0.729998 -23.356177
0.739998 -31.375843
0.749998 -39.742773
0.759998 -48.462412
0.769998 -57.540041
0.779998 -66.981023
0.789998 -76.790575
0.799998 -86.973865
0.809998 -97.535989
0.819998 -108.481966
0.829998 -119.816669
0.839998 -131.545089
0.849998 -143.671838
0.859998 -156.201732
0.869998 -169.139218
0.879998 -182.488946
0.889998 -196.255046
0.899998 -210.442057
0.909998 -225.053963
0.919998 -240.094969
0.929998 -255.568876
0.939998 -271.479707
0.949998 -287.830919
0.959998 -304.626190
0.969998 -321.869016
0.979998 -339.562663
0.989998 -357.710310
0.999998 -376.314994
1.009998 -395.379559
1.019998 -414.906801
1.029998 -434.899371
1.039998 -455.359502
1.049998 -476.289740
1.059998 -497.692052
1.069998 -519.568290
1.079998 -541.920460
1.089998 -564.750131
1.099998 -588.058641
1.109998 -611.847313
1.119998 -636.117182
1.129998 -660.869316
1.139998 -686.104326
1.149998 -711.822682
1.159998 -738.024550
1.169998 -764.710403
1.179998 -791.880067
1.189998 -819.533279
1.199998 -847.669455
1.209998 -876.288029
1.219998 -905.387999
1.229998 -934.968604
1.239998 -965.027834
1.249997 -995.564896
1.259997 -1026.577333
1.269997 -1058.063677
1.279997 -1090.021480
1.289997 -1122.448294
1.299997 -1155.341438
1.309997 -1188.697996
1.319997 -1222.515050
1.329997 -1256.788969
1.339997 -1291.515879
1.349997 -1326.692372
1.359997 -1362.314080
1.369997 -1398.376384
1.379997 -1434.875131
1.389997 -1471.804957
1.399997 -1509.160959
1.409997 -1546.937980
1.419997 -1585.129880
1.429997 -1623.730979
1.439997 -1662.735092
1.449997 -1702.135772
1.459997 -1741.926303
1.469997 -1782.099456
1.479997 -1822.648221
1.489997 -1863.565072
1.499997 -1904.842211
1.509997 -1946.471321
1.519997 -1988.444296
1.529997 -2030.752513
1.539997 -2073.386581
1.549997 -2116.338293
1.559997 -2159.597211
1.569997 -2203.154326
1.579997 -2246.998880
1.589997 -2291.121300
1.599997 -2335.510506
1.609997 -2380.155626
1.619997 -2425.045744
1.629997 -2470.168932
1.639997 -2515.514434
1.649997 -2561.069262
1.659997 -2606.821604
1.669997 -2652.758388
1.679997 -2698.867229
1.689997 -2745.134724
1.699997 -2791.547673
1.709997 -2838.092588
1.719997 -2884.754243
1.729997 -2931.519787
1.739997 -2978.373429
1.749997 -3025.301501
1.759997 -3072.287167
1.769997 -3119.316910
1.779997 -3166.373810
1.789997 -3213.442343
1.799997 -3260.505275
1.809997 -3307.547708
1.819997 -3354.551374
1.829997 -3401.499630
1.839997 -3448.375317
1.849997 -3495.160527
1.859997 -3541.837082
1.869997 -3588.387002
1.879997 -3634.791799
1.889997 -3681.032718
1.899997 -3727.090736
1.909997 -3772.947026
1.919997 -3818.581572
1.929997 -3863.973419
1.939997 -3909.104330
1.949997 -3953.953286
1.959997 -3998.499706
1.969997 -4042.722302
1.979997 -4086.600892
1.989997 -4130.113690
1.999997 -4173.238676
2.009997 -4215.954683
2.019997 -4258.239671
2.029997 -4300.070681
2.039997 -4341.425192
2.049997 -4382.281319
2.059997 -4422.614780
2.069997 -4462.404095
2.079997 -4501.624971
2.089997 -4540.252914
2.099997 -4578.264927
2.109997 -4615.636942
2.119997 -4652.344687
2.129997 -4688.363689
2.139997 -4723.669274
2.149997 -4758.236169
2.159997 -4792.039732
2.169997 -4825.054318
2.179997 -4857.255313
2.189997 -4888.615915
2.199997 -4919.111158
2.209997 -4948.715493
2.219997 -4977.402028
2.229997 -5005.144510
2.239997 -5031.917294
2.249997 -5057.692666
2.259997 -5082.445438
2.269997 -5106.147248
2.279997 -5128.771498
2.289997 -5150.291085
2.299997 -5170.679509
2.309997 -5189.909041
2.319997 -5207.951499
2.329997 -5224.780387
2.339997 -5240.367314
2.349997 -5254.684515
2.359997 -5267.704822
2.369997 -5279.398912
2.379997 -5289.740471
2.389997 -5298.699709
2.399997 -5306.250137
2.409997 -5312.362198
2.419997 -5317.008274
2.429996 -5320.159075
2.439996 -5321.788149
2.449996 -5321.865806
2.459996 -5320.363617
2.469996 -5317.253130
2.479996 -5312.505277
2.489996 -5306.093381
2.499996 -5297.987746
2.509996 -5288.159896
2.519996 -5276.580230
2.529996 -5263.223153
2.539996 -5248.057958
2.549996 -5231.056826
2.559996 -5212.192479
2.569996 -5191.434448
2.579996 -5168.755573
2.589996 -5144.128686
2.599996 -5117.524103
2.609996 -5088.913803
2.619996 -5058.271305
2.629996 -5025.567250
2.639996 -4990.775294
2.649996 -4953.865871
2.659996 -4914.812378
2.669996 -4873.587820
2.679996 -4830.164862
2.689996 -4784.515450
2.699996 -4736.612997
2.709996 -4686.430624
2.719996 -4633.941613
2.729996 -4579.120192
2.739996 -4521.938404
2.749996 -4462.370854
2.759996 -4400.391905
2.769996 -4335.975015
2.779996 -4269.095308
2.789996 -4199.726703
2.799996 -4127.844725
2.809996 -4053.424104
2.819996 -3976.440153
2.829996 -3896.868437
2.839996 -3814.685062
2.849996 -3729.864963
2.859996 -3642.385935
2.869996 -3552.224037
2.879996 -3459.356193
2.889996 -3363.759385
2.899996 -3265.411871
2.909996 -3164.290767
2.919996 -3060.374695
2.929996 -2953.641509
2.939996 -2844.070297
2.949996 -2731.641016
2.959996 -2616.332237
2.969996 -2498.124421
2.979996 -2376.997657
2.989996 -2252.932602
2.999996 -2125.910163
