-1.990000 -1561.523174
-1.980000 -1564.039187
-1.970000 -1566.281764
-1.960000 -1568.251574
-1.950000 -1569.949146
-1.940000 -1571.375434
-1.930000 -1572.530336
-1.920000 -1573.415426
-1.910000 -1574.031448
-1.900000 -1574.379458
-1.890000 -1574.460126
-1.880000 -1574.275129
-1.870000 -1573.824828
-1.860000 -1573.111523
-1.850000 -1572.135960
-1.840000 -1570.899776
-1.830000 -1569.404451
-1.820000 -1567.651301
-1.810000 -1565.642660
-1.800000 -1563.379753
-1.790000 -1560.864705
-1.780000 -1558.098878
-1.770000 -1555.084656
-1.760000 -1551.823895
-1.750000 -1548.318877
-1.740000 -1544.571591
-1.730000 -1540.584090
-1.720000 -1536.358852
-1.710000 -1531.898176
-1.700000 -1527.204546
-1.690000 -1522.280384
-1.680000 -1517.128051
-1.670000 -1511.750450
-1.660000 -1506.149815
-1.650000 -1500.329165
-1.640000 -1494.290841
-1.630000 -1488.038214
-1.620000 -1481.573979
-1.610000 -1474.900634
-1.600000 -1468.021584
-1.590000 -1460.939549
-1.580000 -1453.657907
-1.570000 -1446.179474
-1.560000 -1438.507474
-1.550000 -1430.645179
-1.540000 -1422.595656
-1.530000 -1414.362258
-1.520000 -1405.948136
-1.510000 -1397.356965
-1.500000 -1388.591972
-1.490000 -1379.656661
-1.480000 -1370.554329
-1.470001 -1361.288551
-1.460001 -1351.862810
-1.450001 -1342.280863
-1.440001 -1332.545892
-1.430001 -1322.661954
-1.420001 -1312.632404
-1.410001 -1302.460989
-1.400001 -1292.151478
-1.390001 -1281.707541
-1.380001 -1271.132751
-1.370001 -1260.431061
-1.360001 -1249.606081
-1.350001 -1238.661680
-1.340001 -1227.601740
-1.330001 -1216.429921
-1.320001 -1205.150252
-1.310001 -1193.766300
-1.300001 -1182.282113
-1.290001 -1170.701516
-1.280001 -1159.028455
-1.270001 -1147.266766
-1.260001 -1135.420173
-1.250001 -1123.492755
-1.240001 -1111.488357
-1.230001 -1099.410713
-1.220001 -1087.263898
-1.210001 -1075.051644
-1.200001 -1062.778021
-1.190001 -1050.446638
-1.180001 -1038.061667
-1.170001 -1025.626818
-1.160001 -1013.145905
-1.150001 -1000.622735
-1.140001 -988.061214
-1.130001 -975.465233
-1.120001 -962.838449
-1.110001 -950.184835
-1.100001 -937.508015
-1.090001 -924.811817
-1.080001 -912.099832
-1.070001 -899.375953
-1.060001 -886.643730
-1.050001 -873.907012
-1.040001 -861.169248
-1.030001 -848.434129
-1.020001 -835.705318
-1.010001 -822.986346
-1.000001 -810.280713
-0.990001 -797.591944
-0.980001 -784.923528
-0.970001 -772.278825
-0.960001 -759.661409
-0.950001 -747.074419
-0.940001 -734.521410
-0.930001 -722.005598
-0.920001 -709.530260
-0.910001 -697.098538
-0.900001 -684.713726
-0.890001 -672.378886
-0.880001 -660.097224
-0.870001 -647.871622
-0.860001 -635.705154
-0.850001 -623.600938
-0.840001 -611.561675
-0.830001 -599.590344
-0.820001 -587.689780
-0.810001 -575.862681
-0.800001 -564.111829
-0.790001 -552.439866
-0.780001 -540.849466
-0.770001 -529.343082
-0.760001 -517.923369
-0.750001 -506.592669
-0.740001 -495.353442
-0.730001 -484.208006
-0.720001 -473.158663
-0.710001 -462.207618
-0.700001 -451.357136
-0.690001 -440.609226
-0.680001 -429.965954
-0.670001 -419.429366
-0.660001 -409.001330
-0.650001 -398.683768
-0.640001 -388.478498
-0.630001 -378.387205
-0.620001 -368.411654
-0.610001 -358.553367
-0.600001 -348.813945
-0.590001 -339.194886
-0.580001 -329.697622
-0.570001 -320.323453
-0.560001 -311.073681
-0.550001 -301.949571
-0.540001 -292.952287
-0.530001 -284.082833
-0.520001 -275.342301
-0.510001 -266.731590
-0.500001 -258.251652
-0.490001 -249.903222
-0.480001 -241.687111
-0.470001 -233.603945
-0.460001 -225.654338
-0.450001 -217.838834
-0.440001 -210.157907
-0.430001 -202.611932
-0.420002 -195.201242
-0.410002 -187.926099
-0.400002 -180.786656
-0.390002 -173.783047
-0.380002 -166.915332
-0.370002 -160.183433
-0.360002 -153.587280
-0.350002 -147.126711
-0.340002 -140.801490
-0.330002 -134.611272
-0.320002 -128.555694
-0.310002 -122.634301
-0.300002 -116.846586
-0.290002 -111.191954
-0.280002 -105.669716
-0.270002 -100.279180
-0.260002 -95.019520
-0.250002 -89.889872
-0.240002 -84.889301
-0.230002 -80.016809
-0.220002 -75.271315
-0.210002 -70.651676
-0.200002 -66.156689
-0.190002 -61.785084
-0.180002 -57.535517
-0.170002 -53.406579
-0.160002 -49.396803
-0.150002 -45.504644
-0.140002 -41.728501
-0.130002 -38.066721
-0.120002 -34.517572
-0.110002 -31.079257
-0.100002 -27.749928
-0.090002 -24.527671
-0.080002 -21.410511
-0.070002 -18.396413
-0.060002 -15.483286
-0.050002 -12.668975
-0.040002 -9.951273
-0.030002 -7.327912
-0.020002 -4.796570
-0.010002 -2.354868
-0.000002 -0.000375
0.009998 2.269395
0.019998 4.456983
0.029998 6.564977
0.039998 8.596021
0.049998 10.552805
0.059998 12.438069
0.069998 14.254605
0.079998 16.005245
0.089998 17.692873
0.099998 19.320414
0.109998 20.890841
0.119998 22.407166
0.129998 23.872444
0.139998 25.289770
0.149998 26.662283
0.159998 27.993154
0.169998 29.285592
0.179998 30.542847
0.189998 31.768203
0.199998 32.964967
0.209998 34.136496
0.219998 35.286162
0.229998 36.417374
0.239998 37.533573
0.249998 38.638226
0.259998 39.734815
0.269998 40.826858
0.279998 41.917894
0.289998 43.011491
0.299998 44.111218
0.309998 45.220681
0.319998 46.343494
0.329998 47.483303
0.339998 48.643750
0.349998 49.828490
0.359998 51.041210
0.369998 52.285586
0.379998 53.565326
0.389998 54.884125
0.399998 56.245687
0.409998 57.653735
0.419998 59.111988
0.429998 60.624154
0.439998 62.193962
0.449998 63.825124
0.459998 65.521360
0.469998 67.286381
0.479998 69.123882
0.489998 71.037569
0.499998 73.031140
0.509998 75.108267
0.519998 77.272601
0.529998 79.527802
0.539998 81.877523
0.549998 84.325358
0.559998 86.874924
0.569998 89.529800
0.579998 92.293563
0.589998 95.169711
0.599998 98.161776
0.609998 101.273254
0.619998 104.507587
0.629998 107.868197
0.639998 111.358510
0.649998 114.981865
0.659998 118.741575
0.669998 122.640981
0.679998 126.683306
0.689998 130.871746
0.699998 135.209499
0.709998 139.699691
0.719998 144.345421
0.729998 149.149746
0.739998 154.115613
0.749998 159.246001
0.759998 164.543798
0.769998 170.011819
0.779998 175.652910
0.789998 181.469732
0.799998 187.465032
0.809998 193.641399
0.819998 200.001374
0.829998 206.547512
0.839998 213.282129
0.849998 220.207745
0.859998 227.326634
0.869998 234.640909
0.879998 242.152845
0.889998 249.864507
0.899998 257.777889
0.909998 265.895051
0.919998 274.217743
0.929998 282.747779
0.939998 291.487045
0.949998 300.436953
0.959998 309.599131
0.969998 318.975224
0.979998 328.566396
0.989998 338.374074
0.999998 348.399502
1.009998 358.643783
1.019998 369.107932
1.029998 379.792976
1.039998 390.699800
1.049998 401.829041
1.059998 413.181500
1.069998 424.757782
1.079998 436.558287
1.089998 448.583424
1.099998 460.833612
1.109998 473.308792
1.119998 486.009179
1.129998 498.934949
1.139998 512.085675
1.149998 525.461433
1.159998 539.061642
1.169998 552.886113
1.179998 566.934045
1.189998 581.204981
1.199998 595.698185
1.209998 610.412580
1.219998 625.347380
1.229998 640.501399
1.239998 655.873568
1.249997 671.462359
1.259997 687.266532
1.269997 703.284502
1.279997 719.514565
1.289997 735.954843
1.299997 752.603572
1.309997 769.458696
1.319997 786.518098
1.329997 803.779479
1.339997 821.240602
1.349997 838.898809
1.359997 856.751380
1.369997 874.795829
1.379997 893.029132
1.389997 911.448319
1.399997 930.050298
1.409997 948.831911
1.419997 967.789576
1.429997 986.920188
1.439997 1006.219612
1.449997 1025.684614
1.459997 1045.311049
1.469997 1065.095008
1.479997 1085.032213
1.489997 1105.118746
1.499997 1125.349832
1.509997 1145.721423
1.519997 1166.228734
1.529997 1186.866730
1.539997 1207.630861
1.549997 1228.515960
1.559997 1249.516980
1.569997 1270.628623
1.579997 1291.845586
1.589997 1313.162440
1.599997 1334.573144
1.609997 1356.072137
1.619997 1377.653979
1.629997 1399.311883
1.639997 1421.040401
1.649997 1442.832740
1.659997 1464.682837
1.669997 1486.584016
1.679997 1508.529721
1.689997 1530.513154
1.699997 1552.527510
1.709997 1574.565746
1.719997 1596.620696
1.729997 1618.685191
1.739997 1640.751583
1.749997 1662.812708
1.759997 1684.860799
1.769997 1706.888451
1.779997 1728.887185
1.789997 1750.849841
1.799997 1772.767469
1.809997 1794.632677
1.819997 1816.436885
1.829997 1838.171520
1.839997 1859.827783
1.849997 1881.397940
1.859997 1902.872382
1.869997 1924.242686
1.879997 1945.499966
1.889997 1966.634535
1.899997 1987.637994
1.909997 2008.500910
1.919997 2029.213292
1.929997 2049.766425
1.939997 2070.150119
1.949997 2090.355231
1.959997 2110.371832
1.969997 2130.189676
1.979997 2149.799327
1.989997 2169.189908
1.999997 2188.352243
2.009997 2207.276042
2.019997 2225.950411
2.029997 2244.364902
2.039997 2262.509534
2.049997 2280.373367
2.059997 2297.946038
2.069997 2315.216451
2.079997 2332.174298
2.089997 2348.808123
2.099997 2365.107464
2.109997 2381.060728
2.119997 2396.657101
2.129997 2411.885902
2.139997 2426.734933
2.149997 2441.193795
2.159997 2455.250789
2.169997 2468.894368
2.179997 2482.112932
2.189997 2494.895624
2.199997 2507.230136
2.209997 2519.105700
2.219997 2530.509527
2.229997 2541.430942
2.239997 2551.857088
2.249997 2561.777192
2.259997 2571.179090
2.269997 2580.050593
2.279997 2588.379863
2.289997 2596.155758
2.299997 2603.364902
2.309997 2609.996825
2.319997 2616.038121
2.329997 2621.477539
2.339997 2626.303082
2.349997 2630.502384
2.359997 2634.063425
2.369997 2636.974173
2.379997 2639.222585
2.389997 2640.796779
2.399997 2641.684038
2.409997 2641.872486
2.419997 2641.349762
2.429996 2640.104795
2.439996 2638.124905
2.449996 2635.397605
2.459996 2631.911214
2.469996 2627.653901
2.479996 2622.613394
2.489996 2616.777461
2.499996 2610.134493
2.509996 2602.672606
2.519996 2594.379662
2.529996 2585.243853
2.539996 2575.253962
2.549996 2564.397145
2.559996 2552.662544
2.569996 2540.037713
2.579996 2526.511864
2.589996 2512.072935
2.599996 2496.709202
2.609996 2480.410008
2.619996 2463.162760
2.629996 2444.957406
2.639996 2425.781764
2.649996 2405.625405
2.659996 2384.476340
2.669996 2362.324280
2.679996 2339.157878
2.689996 2314.967184
2.699996 2289.739761
2.709996 2263.466265
2.719996 2236.135739
2.729996 2207.737949
2.739996 2178.262166
2.749996 2147.698178
2.759996 2116.036058
2.769996 2083.265622
2.779996 2049.376986
2.789996 2014.360385
2.799996 1978.206339
2.809996 1940.904993
2.819996 1902.446661
2.829996 1862.822868
2.839996 1822.024020
2.849996 1780.041000
2.859996 1736.865116
2.869996 1692.487673
2.879996 1646.900124
2.889996 1600.093825
2.899996 1552.060677
2.909996 1502.792718
2.919996 1452.281696
2.929996 1400.520197
2.939996 1347.500622
2.949996 1293.214982
2.959996 1237.656813
2.969996 1180.818507
2.979996 1122.693454
2.989996 1063.274952
2.999996 1002.556137
