-1.990000 2514.804036
-1.980000 2504.164797
-1.970000 2493.224648
-1.960000 2481.990322
-1.950000 2470.468525
-1.940000 2458.665703
-1.930000 2446.588728
-1.920000 2434.244212
-1.910000 2421.638504
-1.900000 2408.778378
-1.890000 2395.670114
-1.880000 2382.320415
-1.870000 2368.735488
-1.860000 2354.921729
-1.850000 2340.885732
-1.840000 2326.633583
-1.830000 2312.171325
-1.820000 2297.505666
-1.810000 2282.642567
-1.800000 2267.588178
-1.790000 2252.348369
-1.780000 2236.929679
-1.770000 2221.337409
-1.760000 2205.578246
-1.750000 2189.657635
-1.740000 2173.581690
-1.730000 2157.355998
-1.720000 2140.986335
-1.710000 2124.478668
-1.700000 2107.838676
-1.690000 2091.071499
-1.680000 2074.183193
-1.670000 2057.178794
-1.660000 2040.064253
-1.650000 2022.844620
-1.640000 2005.525495
-1.630000 1988.111697
-1.620000 1970.609081
-1.610000 1953.022474
-1.600000 1935.357013
-1.590000 1917.617776
-1.580000 1899.809785
-1.570000 1881.937880
-1.560000 1864.007335
-1.550000 1846.022507
-1.540000 1827.988428
-1.530000 1809.909827
-1.520000 1791.791129
-1.510000 1773.637186
-1.500000 1755.452424
-1.490000 1737.241332
-1.480000 1719.008214
-1.470001 1700.757558
-1.460001 1682.493789
-1.450001 1664.220664
-1.440001 1645.942848
-1.430001 1627.664098
-1.420001 1609.388710
-1.410001 1591.120559
-1.400001 1572.863333
-1.390001 1554.621384
-1.380001 1536.398036
-1.370001 1518.197391
-1.360001 1500.022771
-1.350001 1481.877912
-1.340001 1463.766368
-1.330001 1445.691629
-1.320001 1427.657124
-1.310001 1409.666215
-1.300001 1391.722086
-1.290001 1373.828094
-1.280001 1355.987177
-1.270001 1338.202684
-1.260001 1320.477545
-1.250001 1302.814748
-1.240001 1285.217215
-1.230001 1267.687691
-1.220001 1250.229091
-1.210001 1232.844036
-1.200001 1215.535313
-1.190001 1198.305308
-1.180001 1181.156796
-1.170001 1164.092153
-1.160001 1147.113694
-1.150001 1130.223897
-1.140001 1113.424954
-1.130001 1096.719222
-1.120001 1080.108773
-1.110001 1063.595841
-1.100001 1047.182160
-1.090001 1030.870173
-1.080001 1014.661496
-1.070001 998.558017
-1.060001 982.561671
-1.050001 966.674226
-1.040001 950.897181
-1.030001 935.232508
-1.020001 919.681382
-1.010001 904.245554
-1.000001 888.926610
-0.990001 873.725771
-0.980001 858.644513
-0.970001 843.684049
-0.960001 828.845644
-0.950001 814.130507
-0.940001 799.539891
-0.930001 785.074700
-0.920001 770.736080
-0.910001 756.524981
-0.900001 742.442395
-0.890001 728.489072
-0.880001 714.665998
-0.870001 700.973871
-0.860001 687.413387
-0.850001 673.985333
-0.840001 660.690263
-0.830001 647.528773
-0.820001 634.501459
-0.810001 621.608734
-0.800001 608.851055
-0.790001 596.228877
-0.780001 583.742522
-0.770001 571.392268
-0.760001 559.178436
-0.750001 547.101218
-0.740001 535.160804
-0.730001 523.357344
-0.720001 511.690945
-0.710001 500.161593
-0.700001 488.769394
-0.690001 477.514258
-0.680001 466.396169
-0.670001 455.415001
-0.660001 444.570624
-0.650001 433.862873
-0.640001 423.291510
-0.630001 412.856335
-0.620001 402.557037
-0.610001 392.393276
-0.600001 382.364712
-0.590001 372.471006
-0.580001 362.711717
-0.570001 353.086375
-0.560001 343.594576
-0.550001 334.235725
-0.540001 325.009324
-0.530001 315.914817
-0.520001 306.951616
-0.510001 298.119047
-0.500001 289.416530
-0.490001 280.843339
-0.480001 272.398781
-0.470001 264.082196
-0.460001 255.892729
-0.450001 247.829699
-0.440001 239.892288
-0.430001 232.079634
-0.420002 224.390931
-0.410002 216.825327
-0.400002 209.381924
-0.390002 202.059852
-0.380002 194.858153
-0.370002 187.775944
-0.360002 180.812231
-0.350002 173.966041
-0.340002 167.236414
-0.330002 160.622333
-0.320002 154.122789
-0.310002 147.736755
-0.300002 141.463175
-0.290002 135.301005
-0.280002 129.249174
-0.270002 123.306589
-0.260002 117.472188
-0.250002 111.744842
-0.240002 106.123439
-0.230002 100.606885
-0.220002 95.194033
-0.210002 89.883758
-0.200002 84.674909
-0.190002 79.566345
-0.180002 74.556903
-0.170002 69.645430
-0.160002 64.830758
-0.150002 60.111721
-0.140002 55.487138
-0.130002 50.955836
-0.120002 46.516645
-0.110002 42.168373
-0.100002 37.909847
-0.090002 33.739880
-0.080002 29.657290
-0.070002 25.660893
-0.060002 21.749510
-0.050002 17.921959
-0.040002 14.177064
-0.030002 10.513647
-0.020002 6.930534
-0.010002 3.426557
-0.000002 0.000550
0.009998 -3.348649
0.019998 -6.622197
0.029998 -9.821245
0.039998 -12.946940
0.049998 -16.000420
0.059998 -18.982820
0.069998 -21.895265
0.079998 -24.738874
0.089998 -27.514760
0.099998 -30.224022
0.109998 -32.867754
0.119998 -35.447048
0.129998 -37.962973
0.139998 -40.416595
0.149998 -42.808975
0.159998 -45.141149
0.169998 -47.414160
0.179998 -49.629023
0.189998 -51.786764
0.199998 -53.888362
0.209998 -55.934820
0.219998 -57.927111
0.229998 -59.866193
0.239998 -61.753013
0.249998 -63.588525
0.259998 -65.373626
0.269998 -67.109243
0.279998 -68.796266
0.289998 -70.435573
0.299998 -72.028040
0.309998 -73.574511
0.319998 -75.075821
0.329998 -76.532792
0.339998 -77.946241
0.349998 -79.316944
0.359998 -80.645691
0.369998 -81.933231
0.379998 -83.180304
0.389998 -84.387658
0.399998 -85.555983
0.409998 -86.685980
0.419998 -87.778339
0.429998 -88.833705
0.439998 -89.852743
0.449998 -90.836069
0.459998 -91.784295
0.469998 -92.698024
0.479998 -93.577829
0.489998 -94.424270
0.499998 -95.237907
0.509998 -96.019253
0.519998 -96.768815
0.529998 -97.487108
0.539998 -98.174595
0.549998 -98.831735
0.559998 -99.458981
0.569998 -100.056744
0.579998 -100.625466
0.589998 -101.165508
0.599998 -101.677255
0.609998 -102.161075
0.619998 -102.617295
0.629998 -103.046277
0.639998 -103.448297
0.649998 -103.823668
0.659998 -104.172649
0.669998 -104.495531
0.679998 -104.792542
0.689998 -105.063894
0.699998 -105.309852
0.709998 -105.530585
0.719998 -105.726280
0.729998 -105.897126
0.739998 -106.043218
0.749998 -106.164788
0.759998 -106.261890
0.769998 -106.334667
0.779998 -106.383218
0.789998 -106.407594
0.799998 -106.407909
0.809998 -106.384209
0.819998 -106.336539
0.829998 -106.264897
0.839998 -106.169346
0.849998 -106.049836
0.859998 -105.906442
0.869998 -105.739089
0.879998 -105.547772
0.889998 -105.332451
0.899998 -105.093016
0.909998 -104.829502
0.919998 -104.541801
0.929998 -104.229797
0.939998 -103.893459
0.949998 -103.532601
0.959998 -103.147215
0.969998 -102.737120
0.979998 -102.302217
0.989998 -101.842346
0.999998 -101.357406
1.009998 -100.847171
1.019998 -100.311603
1.029998 -99.750464
1.039998 -99.163627
1.049998 -98.550853
1.059998 -97.912005
1.069998 -97.246913
1.079998 -96.555405
1.089998 -95.837263
1.099998 -95.092280
1.109998 -94.320230
1.119998 -93.521037
1.129998 -92.694375
1.139998 -91.840096
1.149998 -90.957979
1.159998 -90.047818
1.169998 -89.109420
1.179998 -88.142562
1.189998 -87.147038
1.199998 -86.122656
1.209998 -85.069195
1.219998 -83.986381
1.229998 -82.874154
1.239998 -81.732272
1.249997 -80.560497
1.259997 -79.358633
1.269997 -78.126507
1.279997 -76.863933
1.289997 -75.570701
1.299997 -74.246740
1.309997 -72.891835
1.319997 -71.505660
1.329997 -70.088251
1.339997 -68.639472
1.349997 -67.159046
1.359997 -65.646854
1.369997 -64.102903
1.379997 -62.526911
1.389997 -60.918964
1.399997 -59.278708
1.409997 -57.606219
1.419997 -55.901464
1.429997 -54.164271
1.439997 -52.394658
1.449997 -50.592416
1.459997 -48.757709
1.469997 -46.890443
1.479997 -44.990596
1.489997 -43.058161
1.499997 -41.093297
1.509997 -39.095781
1.519997 -37.065923
1.529997 -35.003714
1.539997 -32.909190
1.549997 -30.782403
1.559997 -28.623453
1.569997 -26.432700
1.579997 -24.210096
1.589997 -21.955913
1.599997 -19.670139
1.609997 -17.353205
1.619997 -15.005318
1.629997 -12.626432
1.639997 -10.217217
1.649997 -7.777636
1.659997 -5.308158
1.669997 -2.809089
1.679997 -0.280667
1.689997 2.276546
1.699997 4.862361
1.709997 7.476293
1.719997 10.117987
1.729997 12.786763
1.739997 15.482399
1.749997 18.204320
1.759997 20.951868
1.769997 23.724659
1.779997 26.522047
1.789997 29.343479
1.799997 32.188261
1.809997 35.055789
1.819997 37.945437
1.829997 40.856463
1.839997 43.788129
1.849997 46.739642
1.859997 49.710330
1.869997 52.699493
1.879997 55.705937
1.889997 58.729142
1.899997 61.768095
1.909997 64.821929
1.919997 67.889521
1.929997 70.970236
1.939997 74.062838
1.949997 77.166463
1.959997 80.279879
1.969997 83.402222
1.979997 86.532203
1.989997 89.668787
1.999997 92.810633
2.009997 95.956975
2.019997 99.106148
2.029997 102.257107
2.039997 105.408616
2.049997 108.559247
2.059997 111.707708
2.069997 114.852731
2.079997 117.992748
2.089997 121.126541
2.099997 124.252382
2.109997 127.369044
2.119997 130.475110
2.129997 133.568666
2.139997 136.648447
2.149997 139.712744
2.159997 142.760024
2.169997 145.788421
2.179997 148.796448
2.189997 151.782533
2.199997 154.744678
2.209997 157.681256
2.219997 160.590365
2.229997 163.470322
2.239997 166.319120
2.249997 169.134924
2.259997 171.915916
2.269997 174.660295
2.279997 177.365765
2.289997 180.030613
2.299997 182.652633
2.309997 185.230099
2.319997 187.760531
2.329997 190.242102
2.339997 192.672777
2.349997 195.050143
2.359997 197.372376
2.369997 199.637062
2.379997 201.841937
2.389997 203.985011
2.399997 206.063681
2.409997 208.075988
2.419997 210.019452
2.429996 211.891820
2.439996 213.690850
2.449996 215.413887
2.459996 217.058842
2.469996 218.623062
2.479996 220.104183
2.489996 221.499783
2.499996 222.807417
2.509996 224.024729
2.519996 225.148840
2.529996 226.177574
2.539996 227.108267
2.549996 227.938042
2.559996 228.664865
2.569996 229.285856
2.579996 229.798468
2.589996 230.200097
2.599996 230.488004
2.609996 230.659531
2.619996 230.712193
2.629996 230.643060
2.639996 230.449708
2.649996 230.129279
2.659996 229.679115
2.669996 229.096460
2.679996 228.378552
2.689996 227.522782
2.699996 226.526289
2.709996 225.386366
2.719996 224.100199
2.729996 222.665067
2.739996 221.078338
2.749996 219.336989
2.759996 217.438380
2.769996 215.379722
2.779996 213.158139
2.789996 210.770974
2.799996 208.215349
2.809996 205.488558
2.819996 202.587770
2.829996 199.510199
2.839996 196.253098
2.849996 192.813720
2.859996 189.189113
2.869996 185.376716
2.879996 181.373694
2.889996 177.177256
2.899996 172.784745
2.909996 168.193383
2.919996 163.400329
2.929996 158.402976
2.939996 153.198634
2.949996 147.784555
2.959996 142.158120
2.969996 136.316631
2.979996 130.257347
2.989996 123.977732
2.999996 117.475084
