-1.990000 2076.403089
-1.980000 2063.239998
-1.970000 2049.822151
-1.960000 2036.156964
-1.950000 2022.251594
-1.940000 2008.113161
-1.930000 1993.748974
-1.920000 1979.166076
-1.910000 1964.371929
-1.900000 1949.373265
-1.890000 1934.177120
-1.880000 1918.790600
-1.870000 1903.220419
-1.860000 1887.473828
-1.850000 1871.557566
-1.840000 1855.478206
-1.830000 1839.243092
-1.820000 1822.857992
-1.810000 1806.330269
-1.800000 1789.666530
-1.790000 1772.872852
-1.780000 1755.956209
-1.770000 1738.922685
-1.760000 1721.778906
-1.750000 1704.531084
-1.740000 1687.185489
-1.730000 1669.748335
-1.720000 1652.225897
-1.710000 1634.623906
-1.700000 1616.948998
-1.690000 1599.206537
-1.680000 1581.402552
-1.670000 1563.543128
-1.660000 1545.633922
-1.650000 1527.680648
-1.640000 1509.688953
-1.630000 1491.664296
-1.620000 1473.612435
-1.610000 1455.538448
-1.600000 1437.447956
-1.590000 1419.346267
-1.580000 1401.238619
-1.570000 1383.130055
-1.560000 1365.025795
-1.550000 1346.930862
-1.540000 1328.849844
-1.530000 1310.788107
-1.520000 1292.750459
-1.510000 1274.741022
-1.500000 1256.765187
-1.490000 1238.827053
-1.480000 1220.931128
-1.470001 1203.082333
-1.460001 1185.284421
-1.450001 1167.541917
-1.440001 1149.859271
-1.430001 1132.240128
-1.420001 1114.689026
-1.410001 1097.209579
-1.400001 1079.805806
-1.390001 1062.481530
-1.380001 1045.240493
-1.370001 1028.086243
-1.360001 1011.022605
-1.350001 994.052731
-1.340001 977.180410
-1.330001 960.408815
-1.320001 943.741221
-1.310001 927.180822
-1.300001 910.730794
-1.290001 894.394116
-1.280001 878.173687
-1.270001 862.072505
-1.260001 846.093311
-1.250001 830.238714
-1.240001 814.511588
-1.230001 798.914325
-1.220001 783.449354
-1.210001 768.119313
-1.200001 752.926302
-1.190001 737.872688
-1.180001 722.960532
-1.170001 708.192042
-1.160001 693.569292
-1.150001 679.094000
-1.140001 664.768140
-1.130001 650.593502
-1.120001 636.571849
-1.110001 622.704706
-1.100001 608.993630
-1.090001 595.440268
-1.080001 582.045754
-1.070001 568.811638
-1.060001 555.739014
-1.050001 542.829226
-1.040001 530.083275
-1.030001 517.502198
-1.020001 505.086956
-1.010001 492.838439
-1.000001 480.757516
-0.990001 468.844829
-0.980001 457.101154
-0.970001 445.526944
-0.960001 434.122883
-0.950001 422.889384
-0.940001 411.826742
-0.930001 400.935431
-0.920001 390.215562
-0.910001 379.667470
-0.900001 369.291135
-0.890001 359.086756
-0.880001 349.054182
-0.870001 339.193340
-0.860001 329.504186
-0.850001 319.986517
-0.840001 310.639975
-0.830001 301.464234
-0.820001 292.458996
-0.810001 283.623719
-0.800001 274.957939
-0.790001 266.461040
-0.780001 258.132438
-0.770001 249.971445
-0.760001 241.977231
-0.750001 234.149080
-0.740001 226.486093
-0.730001 218.987357
-0.720001 211.651908
-0.710001 204.478724
-0.700001 197.466734
-0.690001 190.614774
-0.680001 183.921747
-0.670001 177.386349
-0.660001 171.007343
-0.650001 164.783369
-0.640001 158.713075
-0.630001 152.795060
-0.620001 147.027825
-0.610001 141.409868
-0.600001 135.939629
-0.590001 130.615512
-0.580001 125.435886
-0.570001 120.399062
-0.560001 115.503318
-0.550001 110.746887
-0.540001 106.127962
-0.530001 101.644712
-0.520001 97.295271
-0.510001 93.077706
-0.500001 88.990073
-0.490001 85.030398
-0.480001 81.196677
-0.470001 77.486837
-0.460001 73.898815
-0.450001 70.430504
-0.440001 67.079763
-0.430001 63.844427
-0.420002 60.722304
-0.410002 57.711163
-0.400002 54.808774
-0.390002 52.012854
-0.380002 49.321118
-0.370002 46.731246
-0.360002 44.240901
-0.350002 41.847722
-0.340002 39.549331
-0.330002 37.343334
-0.320002 35.227315
-0.310002 33.198833
-0.300002 31.255452
-0.290002 29.394709
-0.280002 27.614119
-0.270002 25.911199
-0.260002 24.283445
-0.250002 22.728343
-0.240002 21.243369
-0.230002 19.825996
-0.220002 18.473682
-0.210002 17.183880
-0.200002 15.954036
-0.190002 14.781592
-0.180002 13.663983
-0.170002 12.598644
-0.160002 11.583005
-0.150002 10.614495
-0.140002 9.690544
-0.130002 8.808579
-0.120002 7.966031
-0.110002 7.160333
-0.100002 6.388918
-0.090002 5.649226
-0.080002 4.938702
-0.070002 4.254794
-0.060002 3.594959
-0.050002 2.956662
-0.040002 2.337373
-0.030002 1.734574
-0.020002 1.145757
-0.010002 0.568425
-0.000002 0.000092
0.009998 -0.561716
0.019998 -1.119457
0.029998 -1.675577
0.039998 -2.232505
0.049998 -2.792657
0.059998 -3.358427
0.069998 -3.932197
0.079998 -4.516328
0.089998 -5.113161
0.099998 -5.725019
0.109998 -6.354202
0.119998 -7.002991
0.129998 -7.673644
0.139998 -8.368394
0.149998 -9.089453
0.159998 -9.839008
0.169998 -10.619220
0.179998 -11.432223
0.189998 -12.280129
0.199998 -13.165016
0.209998 -14.088941
0.219998 -15.053927
0.229998 -16.061973
0.239998 -17.115042
0.249998 -18.215072
0.259998 -19.363966
0.269998 -20.563595
0.279998 -21.815805
0.289998 -23.122399
0.299998 -24.485154
0.309998 -25.905810
0.319998 -27.386071
0.329998 -28.927608
0.339998 -30.532056
0.349998 -32.201012
0.359998 -33.936041
0.369998 -35.738665
0.379998 -37.610375
0.389998 -39.552611
0.399998 -41.566792
0.409998 -43.654281
0.419998 -45.816414
0.429998 -48.054488
0.439998 -50.369743
0.449998 -52.763397
0.459998 -55.236613
0.469998 -57.790529
0.479998 -60.426220
0.489998 -63.144730
0.499998 -65.947077
0.509998 -68.834201
0.519998 -71.807028
0.529998 -74.866420
0.539998 -78.013199
0.549998 -81.248167
0.559998 -84.572057
0.569998 -87.985550
0.579998 -91.489315
0.589998 -95.083952
0.599998 -98.770013
0.609998 -102.548006
0.619998 -106.418421
0.629998 -110.381684
0.639998 -114.438156
0.649998 -118.588171
0.659998 -122.831998
0.669998 -127.169915
0.679998 -131.602072
0.689998 -136.128643
0.699998 -140.749723
0.709998 -145.465357
0.719998 -150.275563
0.729998 -155.180285
0.739998 -160.179437
0.749998 -165.272889
0.759998 -170.460483
0.769998 -175.741964
0.779998 -181.117039
0.789998 -186.585455
0.799998 -192.146752
0.809998 -197.800605
0.819998 -203.546514
0.829998 -209.383976
0.839998 -215.312441
0.849998 -221.331316
0.859998 -227.439912
0.869998 -233.637589
0.879998 -239.923568
0.889998 -246.297164
0.899998 -252.757462
0.909998 -259.303593
0.919998 -265.934643
0.929998 -272.649704
0.939998 -279.447775
0.949998 -286.327712
0.959998 -293.288524
0.969998 -300.328929
0.979998 -307.447950
0.989998 -314.644218
0.999998 -321.916522
1.009998 -329.263505
1.019998 -336.683873
1.029998 -344.176239
1.039998 -351.739121
1.049998 -359.371155
1.059998 -367.070619
1.069998 -374.836174
1.079998 -382.666124
1.089998 -390.558785
1.099998 -398.512596
1.109998 -406.525742
1.119998 -414.596587
1.129998 -422.723293
1.139998 -430.903987
1.149998 -439.136866
1.159998 -447.420038
1.169998 -455.751576
1.179998 -464.129348
1.189998 -472.551637
1.199998 -481.016187
1.209998 -489.521043
1.219998 -498.064053
1.229998 -506.643141
1.239998 -515.256089
1.249997 -523.900587
1.259997 -532.574582
1.269997 -541.275821
1.279997 -550.001845
1.289997 -558.750515
1.299997 -567.519314
1.309997 -576.306049
1.319997 -585.108206
1.329997 -593.923481
1.339997 -602.749248
1.349997 -611.583092
1.359997 -620.422574
1.369997 -629.264995
1.379997 -638.108107
1.389997 -646.949106
1.399997 -655.785400
1.409997 -664.614501
1.419997 -673.433718
1.429997 -682.240341
1.439997 -691.031762
1.449997 -699.805232
1.459997 -708.558109
1.469997 -717.287671
1.479997 -725.991060
1.489997 -734.665644
1.499997 -743.308596
1.509997 -751.917136
1.519997 -760.488531
1.529997 -769.019914
1.539997 -777.508346
1.549997 -785.951183
1.559997 -794.345586
1.569997 -802.688525
1.579997 -810.977269
1.589997 -819.208952
1.599997 -827.380707
1.609997 -835.489596
1.619997 -843.532739
1.629997 -851.507251
1.639997 -859.410303
1.649997 -867.239005
1.659997 -874.990341
1.669997 -882.661415
1.679997 -890.249395
1.689997 -897.751507
1.699997 -905.164735
1.709997 -912.486067
1.719997 -919.712736
1.729997 -926.841735
1.739997 -933.870427
1.749997 -940.795754
1.759997 -947.614787
1.769997 -954.324904
1.779997 -960.922892
1.789997 -967.406262
1.799997 -973.771880
1.809997 -980.017039
1.819997 -986.138923
1.829997 -992.134786
1.839997 -998.001779
1.849997 -1003.737181
1.859997 -1009.337878
1.869997 -1014.801589
1.879997 -1020.125463
1.889997 -1025.306434
1.899997 -1030.342269
1.909997 -1035.229822
1.919997 -1039.966894
1.929997 -1044.550725
1.939997 -1048.978235
1.949997 -1053.247396
1.959997 -1057.355400
1.969997 -1061.299690
1.979997 -1065.077733
1.989997 -1068.686910
1.999997 -1072.124850
2.009997 -1075.389034
2.019997 -1078.477150
2.029997 -1081.386735
2.039997 -1084.115413
2.049997 -1086.660621
2.059997 -1089.020150
2.069997 -1091.192145
2.079997 -1093.173701
2.089997 -1094.962812
2.099997 -1096.557602
2.109997 -1097.955383
2.119997 -1099.154554
2.129997 -1100.152502
2.139997 -1100.947482
2.149997 -1101.537474
2.159997 -1101.920287
2.169997 -1102.094280
2.179997 -1102.057139
2.189997 -1101.807195
2.199997 -1101.342913
2.209997 -1100.661905
2.219997 -1099.763009
2.229997 -1098.644023
2.239997 -1097.303569
2.249997 -1095.739824
2.259997 -1093.951393
2.269997 -1091.936451
2.279997 -1089.693871
2.289997 -1087.221826
2.299997 -1084.519092
2.309997 -1081.584482
2.319997 -1078.416224
2.329997 -1075.013405
2.339997 -1071.374620
2.349997 -1067.498777
2.359997 -1063.384743
2.369997 -1059.031349
2.379997 -1054.437645
2.389997 -1049.602393
2.399997 -1044.524994
2.409997 -1039.204557
2.419997 -1033.639999
2.429996 -1027.830618
2.439996 -1021.775603
2.449996 -1015.474509
2.459996 -1008.926699
2.469996 -1002.131362
2.479996 -995.087752
2.489996 -987.796000
2.499996 -980.255236
2.509996 -972.465462
2.519996 -964.426215
2.529996 -956.136674
2.539996 -947.597485
2.549996 -938.808145
2.559996 -929.768493
2.569996 -920.478625
2.579996 -910.938361
2.589996 -901.147779
2.599996 -891.107327
2.609996 -880.816996
2.619996 -870.276843
2.629996 -859.487532
2.639996 -848.448880
2.649996 -837.161949
2.659996 -825.626679
2.669996 -813.843996
2.679996 -801.814144
2.689996 -789.537823
2.699996 -777.015890
2.709996 -764.249042
2.719996 -751.237938
2.729996 -737.983698
2.739996 -724.486951
2.749996 -710.748925
2.759996 -696.770562
2.769996 -682.553005
2.779996 -668.097362
2.789996 -653.404804
2.799996 -638.476644
2.809996 -623.314209
2.819996 -607.918882
2.829996 -592.292215
2.839996 -576.435369
2.849996 -560.350233
2.859996 -544.038305
2.869996 -527.501186
2.879996 -510.740730
2.889996 -493.758527
2.899996 -476.556658
2.909996 -459.136830
2.919996 -441.501022
2.929996 -423.651312
2.939996 -405.589603
2.949996 -387.318062
2.959996 -368.838972
2.969996 -350.154517
2.979996 -331.266822
2.989996 -312.178268
2.999996 -292.891397
