-1.990000 -4258.240750
-1.980000 -4224.592100
-1.970000 -4190.532942
-1.960000 -4156.081710
-1.950000 -4121.255308
-1.940000 -4086.070897
-1.930000 -4050.545449
-1.920000 -4014.696655
-1.910000 -3978.540650
-1.900000 -3942.092896
-1.890000 -3905.370965
-1.880000 -3868.390620
-1.870000 -3831.167883
-1.860000 -3793.717640
-1.850000 -3756.055502
-1.840000 -3718.197580
-1.830000 -3680.157666
-1.820000 -3641.951696
-1.810000 -3603.593508
-1.800000 -3565.097910
-1.790000 -3526.478790
-1.780000 -3487.750532
-1.770000 -3448.926356
-1.760000 -3410.019977
-1.750000 -3371.044901
-1.740000 -3332.014174
-1.730000 -3292.940625
-1.720000 -3253.837347
-1.710000 -3214.716010
-1.700000 -3175.589027
-1.690000 -3136.469076
-1.680000 -3097.367650
-1.670000 -3058.295534
-1.660000 -3019.265233
-1.650000 -2980.286848
-1.640000 -2941.372201
-1.630000 -2902.531437
-1.620000 -2863.775452
-1.610000 -2825.114190
-1.600000 -2786.557620
-1.590000 -2748.115489
-1.580000 -2709.797813
-1.570000 -2671.613412
-1.560000 -2633.571861
-1.550000 -2595.682031
-1.540000 -2557.952328
-1.530000 -2520.391918
-1.520000 -2483.008286
-1.510000 -2445.809919
-1.500000 -2408.804357
-1.490000 -2371.999656
-1.480000 -2335.403172
-1.470001 -2299.021802
-1.460001 -2262.862719
-1.450001 -2226.932642
-1.440001 -2191.238322
-1.430001 -2155.785814
-1.420001 -2120.581454
-1.410001 -2085.631607
-1.400001 -2050.940988
-1.390001 -2016.516037
-1.380001 -1982.361665
-1.370001 -1948.483184
-1.360001 -1914.885464
-1.350001 -1881.573060
-1.340001 -1848.550925
-1.330001 -1815.823102
-1.320001 -1783.393562
-1.310001 -1751.266555
-1.300001 -1719.446023
-1.290001 -1687.935248
-1.280001 -1656.737561
-1.270001 -1625.856226
-1.260001 -1595.294324
-1.250001 -1565.054871
-1.240001 -1535.140121
-1.230001 -1505.552966
-1.220001 -1476.295427
-1.210001 -1447.369813
-1.200001 -1418.778033
-1.190001 -1390.521827
-1.180001 -1362.602997
-1.170001 -1335.022838
-1.160001 -1307.782600
-1.150001 -1280.883707
-1.140001 -1254.326866
-1.130001 -1228.113076
-1.120001 -1202.242960
-1.110001 -1176.717100
-1.100001 -1151.535821
-1.090001 -1126.699195
-1.080001 -1102.207692
-1.070001 -1078.060883
-1.060001 -1054.258849
-1.050001 -1030.801105
-1.040001 -1007.687246
-1.030001 -984.916737
-1.020001 -962.488809
-1.010001 -940.402669
-1.000001 -918.657199
-0.990001 -897.251467
-0.980001 -876.184219
-0.970001 -855.454185
-0.960001 -835.059885
-0.950001 -814.999776
-0.940001 -795.272212
-0.930001 -775.875438
-0.920001 -756.807700
-0.910001 -738.066799
-0.900001 -719.650977
-0.890001 -701.557898
-0.880001 -683.785422
-0.870001 -666.331134
-0.860001 -649.192766
-0.850001 -632.367688
-0.840001 -615.853422
-0.830001 -599.647274
-0.820001 -583.746524
-0.810001 -568.148378
-0.800001 -552.850018
-0.790001 -537.848515
-0.780001 -523.140789
-0.770001 -508.723875
-0.760001 -494.594620
-0.750001 -480.749857
-0.740001 -467.186410
-0.730001 -453.901011
-0.720001 -440.890262
-0.710001 -428.150926
-0.700001 -415.679479
-0.690001 -403.472563
-0.680001 -391.526661
-0.670001 -379.838338
-0.660001 -368.403939
-0.650001 -357.219933
-0.640001 -346.282798
-0.630001 -335.588804
-0.620001 -325.134385
-0.610001 -314.915882
-0.600001 -304.929587
-0.590001 -295.171814
-0.580001 -285.638935
-0.570001 -276.327143
-0.560001 -267.232794
-0.550001 -258.352176
-0.540001 -249.681542
-0.530001 -241.217212
-0.520001 -232.955476
-0.510001 -224.892572
-0.500001 -217.024899
-0.490001 -209.348714
-0.480001 -201.860378
-0.470001 -194.556211
-0.460001 -187.432607
-0.450001 -180.485949
-0.440001 -173.712605
-0.430001 -167.109061
-0.420002 -160.671749
-0.410002 -154.397157
-0.400002 -148.281813
-0.390002 -142.322246
-0.380002 -136.515063
-0.370002 -130.856886
-0.360002 -125.344376
-0.350002 -119.974211
-0.340002 -114.743155
-0.330002 -109.647986
-0.320002 -104.685547
-0.310002 -99.852707
-0.300002 -95.146407
-0.290002 -90.563628
-0.280002 -86.101384
-0.270002 -81.756790
-0.260002 -77.526973
-0.250002 -73.409133
-0.240002 -69.400542
-0.230002 -65.498501
-0.220002 -61.700407
-0.210002 -58.003703
-0.200002 -54.405899
-0.190002 -50.904568
-0.180002 -47.497341
-0.170002 -44.181944
-0.160002 -40.956149
-0.150002 -37.817801
-0.140002 -34.764827
-0.130002 -31.795213
-0.120002 -28.907033
-0.110002 -26.098422
-0.100002 -23.367596
-0.090002 -20.712847
-0.080002 -18.132543
-0.070002 -15.625132
-0.060002 -13.189137
-0.050002 -10.823161
-0.040002 -8.525890
-0.030002 -6.296085
-0.020002 -4.132592
-0.010002 -2.034336
-0.000002 -0.000325
0.009998 1.970351
0.019998 3.878521
0.029998 5.724929
0.039998 7.510237
0.049998 9.235024
0.059998 10.899784
0.069998 12.504929
0.079998 14.050786
0.089998 15.537602
0.099998 16.965535
0.109998 18.334661
0.119998 19.644972
0.129998 20.896379
0.139998 22.088712
0.149998 23.221707
0.159998 24.295028
0.169998 25.308256
0.179998 26.260880
0.189998 27.152319
0.199998 27.981906
0.209998 28.748894
0.219998 29.452454
0.229998 30.091677
0.239998 30.665580
0.249998 31.173102
0.259998 31.613093
0.269998 31.984342
0.279998 32.285552
0.289998 32.515353
0.299998 32.672305
0.309998 32.754889
0.319998 32.761520
0.329998 32.690535
0.339998 32.540205
0.349998 32.308733
0.359998 31.994249
0.369998 31.594824
0.379998 31.108462
0.389998 30.533091
0.399998 29.866594
0.409998 29.106783
0.419998 28.251400
0.429998 27.298159
0.439998 26.244684
0.449998 25.088564
0.459998 23.827320
0.469998 22.458440
0.479998 20.979334
0.489998 19.387378
0.499998 17.679906
0.509998 15.854201
0.519998 13.907490
0.529998 11.836992
0.539998 9.639824
0.549998 7.313141
0.559998 4.854006
0.569998 2.259464
0.579998 -0.473474
0.589998 -3.347835
0.599998 -6.366642
0.609998 -9.533004
0.619998 -12.849987
0.629998 -16.320739
0.639998 -19.948396
0.649998 -23.736099
0.659998 -27.687064
0.669998 -31.804437
0.679998 -36.091467
0.689998 -40.551341
0.699998 -45.187268
0.709998 -50.002515
0.719998 -55.000249
0.729998 -60.183761
0.739998 -65.556257
0.749998 -71.120939
0.759998 -76.881023
0.769998 -82.839759
0.779998 -89.000300
0.789998 -95.365848
0.799998 -101.939569
0.809998 -108.724566
0.819998 -115.724029
0.829998 -122.940992
0.839998 -130.378598
0.849998 -138.039848
0.859998 -145.927778
0.869998 -154.045323
0.879998 -162.395496
0.889998 -170.981180
0.899998 -179.805166
0.909998 -188.870392
0.919998 -198.179510
0.929998 -207.735377
0.939998 -217.540492
0.949998 -227.597607
0.959998 -237.909280
0.969998 -248.477862
0.979998 -259.305990
0.989998 -270.395935
0.999998 -281.750002
1.009998 -293.370373
1.019998 -305.259365
1.029998 -317.418909
1.039998 -329.851011
1.049998 -342.557811
1.059998 -355.540835
1.069998 -368.802055
1.079998 -382.343196
1.089998 -396.165568
1.099998 -410.270928
1.109998 -424.660558
1.119998 -439.335751
1.129998 -454.297698
1.139998 -469.547488
1.149998 -485.086046
1.159998 -500.914302
1.169998 -517.033130
1.179998 -533.442901
1.189998 -550.144486
1.199998 -567.138018
1.209998 -584.423906
1.219998 -602.002380
1.229998 -619.873372
1.239998 -638.036862
1.249997 -656.492580
1.259997 -675.240358
1.269997 -694.279606
1.279997 -713.609592
1.289997 -733.229684
1.299997 -753.139104
1.309997 -773.336643
1.319997 -793.821060
1.329997 -814.591204
1.339997 -835.645538
1.349997 -856.982375
1.359997 -878.600112
1.369997 -900.496631
1.379997 -922.669899
1.389997 -945.117601
1.399997 -967.837382
1.409997 -990.826483
1.419997 -1014.082343
1.429997 -1037.602234
1.439997 -1061.383018
1.449997 -1085.421147
1.459997 -1109.713263
1.469997 -1134.255834
1.479997 -1159.045398
1.489997 -1184.077465
1.499997 -1209.348465
1.509997 -1234.853792
1.519997 -1260.588908
1.529997 -1286.549211
1.539997 -1312.730041
1.549997 -1339.126186
1.559997 -1365.732249
1.569997 -1392.543257
1.579997 -1419.553437
1.589997 -1446.756951
1.599997 -1474.147771
1.609997 -1501.720044
1.619997 -1529.467115
1.629997 -1557.382503
1.639997 -1585.459531
1.649997 -1613.691089
1.659997 -1642.070597
1.669997 -1670.589824
1.679997 -1699.242043
1.689997 -1728.019358
1.699997 -1756.913918
1.709997 -1785.916951
1.719997 -1815.021177
1.729997 -1844.217187
1.739997 -1873.496821
1.749997 -1902.851237
1.759997 -1932.270912
1.769997 -1961.746610
1.779997 -1991.268890
1.789997 -2020.828713
1.799997 -2050.415286
1.809997 -2080.018932
1.819997 -2109.629178
1.829997 -2139.235593
1.839997 -2168.827781
1.849997 -2198.393737
1.859997 -2227.924082
1.869997 -2257.406186
1.879997 -2286.829332
1.889997 -2316.181672
1.899997 -2345.451166
1.909997 -2374.625811
1.919997 -2403.692952
1.929997 -2432.641350
1.939997 -2461.456823
1.949997 -2490.127743
1.959997 -2518.640696
1.969997 -2546.982309
1.979997 -2575.139474
1.989997 -2603.098002
1.999997 -2630.844861
2.009997 -2658.366457
2.019997 -2685.647244
2.029997 -2712.674160
2.039997 -2739.432120
2.049997 -2765.906527
2.059997 -2792.082607
2.069997 -2817.945844
2.079997 -2843.480471
2.089997 -2868.670992
2.099997 -2893.502592
2.109997 -2917.959225
2.119997 -2942.024903
2.129997 -2965.683686
2.139997 -2988.919888
2.149997 -3011.716429
2.159997 -3034.057722
2.169997 -3055.926389
2.179997 -3077.306132
2.189997 -3098.179893
2.199997 -3118.530481
2.209997 -3138.341153
2.219997 -3157.594240
2.229997 -3176.271950
2.239997 -3194.357135
2.249997 -3211.832505
2.259997 -3228.679503
2.269997 -3244.880217
2.279997 -3260.417360
2.289997 -3275.271663
2.299997 -3289.425239
2.309997 -3302.859358
2.319997 -3315.556623
2.329997 -3327.497372
2.339997 -3338.662934
2.349997 -3349.034891
2.359997 -3358.594373
2.369997 -3367.321742
2.379997 -3375.198314
2.389997 -3382.205308
2.399997 -3388.323195
2.409997 -3393.532386
2.419997 -3397.813882
2.429996 -3401.147969
2.439996 -3403.515200
2.449996 -3404.896384
2.459996 -3405.271956
2.469996 -3404.621694
2.479996 -3402.926564
2.489996 -3400.165687
2.499996 -3396.320838
2.509996 -3391.371094
2.519996 -3385.297556
2.529996 -3378.079297
2.539996 -3369.697649
2.549996 -3360.132232
2.559996 -3349.363231
2.569996 -3337.370302
2.579996 -3324.134434
2.589996 -3309.635300
2.599996 -3293.852868
2.609996 -3276.767885
2.619996 -3258.360847
2.629996 -3238.611302
2.639996 -3217.499824
2.649996 -3195.006317
2.659996 -3171.112123
2.669996 -3145.796344
2.679996 -3119.041070
2.689996 -3090.825558
2.699996 -3061.130907
2.709996 -3029.938456
2.719996 -2997.227970
2.729996 -2962.980555
2.739996 -2927.177010
2.749996 -2889.798988
2.759996 -2850.827279
2.769996 -2810.243524
2.779996 -2768.028745
2.789996 -2724.164458
2.799996 -2678.631969
2.809996 -2631.413388
2.819996 -2582.490459
2.829996 -2531.845382
2.839996 -2479.460485
2.849996 -2425.317667
2.859996 -2369.399584
2.869996 -2311.688775
2.879996 -2252.168722
2.889996 -2190.821047
2.899996 -2127.630328
2.909996 -2062.579331
2.919996 -1995.651538
2.929996 -1926.831060
2.939996 -1856.101571
2.949996 -1783.447569
2.959996 -1708.852832
2.969996 -1632.302497
2.979996 -1553.781832
2.989996 -1473.275215
2.999996 -1390.768265
