-1.990000 -2465.824698
-1.980000 -2454.166221
-1.970000 -2442.219711
-1.960000 -2429.993029
-1.950000 -2417.493328
-1.940000 -2404.727496
-1.930000 -2391.702379
-1.920000 -2378.425694
-1.910000 -2364.903977
-1.900000 -2351.144407
-1.890000 -2337.154124
-1.880000 -2322.939292
-1.870000 -2308.507422
-1.860000 -2293.865051
-1.850000 -2279.019132
-1.840000 -2263.976338
-1.830000 -2248.743054
-1.820000 -2233.326086
-1.810000 -2217.732188
-1.800000 -2201.967351
-1.790000 -2186.038460
-1.780000 -2169.951395
-1.770000 -2153.712932
-1.760000 -2137.329554
-1.750000 -2120.806729
-1.740000 -2104.151302
-1.730000 -2087.369102
-1.720000 -2070.466136
-1.710000 -2053.448352
-1.700000 -2036.322118
-1.690000 -2019.092168
-1.680000 -2001.765595
-1.670000 -1984.347489
-1.660000 -1966.843482
-1.650000 -1949.259263
-1.640000 -1931.600453
-1.630000 -1913.872367
-1.620000 -1896.080737
-1.610000 -1878.230378
-1.600000 -1860.327009
-1.590000 -1842.375549
-1.580000 -1824.381095
-1.570000 -1806.349159
-1.560000 -1788.284087
-1.550000 -1770.191251
-1.540000 -1752.075221
-1.530000 -1733.941106
-1.520000 -1715.793211
-1.510000 -1697.636499
-1.500000 -1679.475255
-1.490000 -1661.314295
-1.480000 -1643.157637
-1.470001 -1625.009951
-1.460001 -1606.875228
-1.450001 -1588.757991
-1.440001 -1570.661963
-1.430001 -1552.591517
-1.420001 -1534.550469
-1.410001 -1516.542681
-1.400001 -1498.572061
-1.390001 -1480.642440
-1.380001 -1462.757215
-1.370001 -1444.920188
-1.360001 -1427.134844
-1.350001 -1409.404596
-1.340001 -1391.732779
-1.330001 -1374.122653
-1.320001 -1356.577641
-1.310001 -1339.100734
-1.300001 -1321.694965
-1.290001 -1304.363411
-1.280001 -1287.108840
-1.270001 -1269.934177
-1.260001 -1252.842390
-1.250001 -1235.835787
-1.240001 -1218.917301
-1.230001 -1202.089326
-1.220001 -1185.354297
-1.210001 -1168.714690
-1.200001 -1152.172679
-1.190001 -1135.730817
-1.180001 -1119.391018
-1.170001 -1103.155348
-1.160001 -1087.026026
-1.150001 -1071.004860
-1.140001 -1055.093812
-1.130001 -1039.294546
-1.120001 -1023.608879
-1.110001 -1008.038554
-1.100001 -992.585024
-1.090001 -977.249892
-1.080001 -962.034687
-1.070001 -946.940546
-1.060001 -931.968967
-1.050001 -917.121272
-1.040001 -902.398498
-1.030001 -887.801619
-1.020001 -873.331963
-1.010001 -858.990314
-1.000001 -844.777655
-0.990001 -830.694797
-0.980001 -816.742487
-0.970001 -802.921456
-0.960001 -789.232375
-0.950001 -775.675845
-0.940001 -762.252209
-0.930001 -748.962144
-0.920001 -735.805918
-0.910001 -722.783933
-0.900001 -709.896388
-0.890001 -697.143516
-0.880001 -684.525537
-0.870001 -672.042427
-0.860001 -659.694335
-0.850001 -647.481168
-0.840001 -635.402823
-0.830001 -623.459232
-0.820001 -611.650182
-0.810001 -599.975405
-0.800001 -588.434668
-0.790001 -577.027508
-0.780001 -565.753674
-0.770001 -554.612559
-0.760001 -543.603721
-0.750001 -532.726668
-0.740001 -521.980689
-0.730001 -511.365152
-0.720001 -500.879420
-0.710001 -490.522722
-0.700001 -480.294247
-0.690001 -470.193136
-0.680001 -460.218568
-0.670001 -450.369595
-0.660001 -440.645232
-0.650001 -431.044489
-0.640001 -421.566296
-0.630001 -412.209583
-0.620001 -402.973238
-0.610001 -393.856077
-0.600001 -384.856843
-0.590001 -375.974382
-0.580001 -367.207369
-0.570001 -358.554541
-0.560001 -350.014506
-0.550001 -341.585935
-0.540001 -333.267339
-0.530001 -325.057359
-0.520001 -316.954507
-0.510001 -308.957271
-0.500001 -301.064108
-0.490001 -293.273509
-0.480001 -285.583876
-0.470001 -277.993562
-0.460001 -270.501006
-0.450001 -263.104512
-0.440001 -255.802415
-0.430001 -248.593003
-0.420002 -241.474569
-0.410002 -234.445385
-0.400002 -227.503656
-0.390002 -220.647663
-0.380002 -213.875553
-0.370002 -207.185549
-0.360002 -200.575792
-0.350002 -194.044475
-0.340002 -187.589751
-0.330002 -181.209723
-0.320002 -174.902522
-0.310002 -168.666268
-0.300002 -162.499051
-0.290002 -156.398972
-0.280002 -150.364104
-0.270002 -144.392531
-0.260002 -138.482330
-0.250002 -132.631541
-0.240002 -126.838223
-0.230002 -121.100448
-0.220002 -115.416272
-0.210002 -109.783741
-0.200002 -104.200895
-0.190002 -98.665791
-0.180002 -93.176484
-0.170002 -87.731018
-0.160002 -82.327440
-0.150002 -76.963814
-0.140002 -71.638203
-0.130002 -66.348671
-0.120002 -61.093287
-0.110002 -55.870126
-0.100002 -50.677274
-0.090002 -45.512820
-0.080002 -40.374864
-0.070002 -35.261522
-0.060002 -30.170907
-0.050002 -25.101156
-0.040002 -20.050411
-0.030002 -15.016826
-0.020002 -9.998573
-0.010002 -4.993835
-0.000002 -0.000810
0.009998 4.982288
0.019998 9.957228
0.029998 14.925765
0.039998 19.889632
0.049998 24.850545
0.059998 29.810204
0.069998 34.770287
0.079998 39.732450
0.089998 44.698334
0.099998 49.669547
0.109998 54.647690
0.119998 59.634327
0.129998 64.631005
0.139998 69.639253
0.149998 74.660565
0.159998 79.696413
0.169998 84.748238
0.179998 89.817467
0.189998 94.905491
0.199998 100.013676
0.209998 105.143361
0.219998 110.295853
0.229998 115.472440
0.239998 120.674360
0.249998 125.902838
0.259998 131.159065
0.269998 136.444202
0.279998 141.759383
0.289998 147.105688
0.299998 152.484197
0.309998 157.895935
0.319998 163.341907
0.329998 168.823090
0.339998 174.340385
0.349998 179.894699
0.359998 185.486927
0.369998 191.117843
0.379998 196.788295
0.389998 202.499006
0.399998 208.250712
0.409998 214.044109
0.419998 219.879811
0.429998 225.758493
0.439998 231.680670
0.449998 237.646918
0.459998 243.657702
0.469998 249.713553
0.479998 255.814858
0.489998 261.961994
0.499998 268.155354
0.509998 274.395224
0.519998 280.681894
0.529998 287.015603
0.539998 293.396502
0.549998 299.824830
0.559998 306.300662
0.569998 312.824096
0.579998 319.395161
0.589998 326.013879
0.599998 332.680233
0.609998 339.394100
0.619998 346.155420
0.629998 352.964063
0.639998 359.819749
0.649998 366.722379
0.659998 373.671558
0.669998 380.667036
0.679998 387.708525
0.689998 394.795549
0.699998 401.927784
0.709998 409.104673
0.719998 416.325776
0.729998 423.590580
0.739998 430.898450
0.749998 438.248836
0.759998 445.641026
0.769998 453.074398
0.779998 460.548207
0.789998 468.061670
0.799998 475.614011
0.809998 483.204418
0.819998 490.831999
0.829998 498.495824
0.839998 506.194972
0.849998 513.928535
0.859998 521.695337
0.869998 529.494493
0.879998 537.324848
0.889998 545.185309
0.899998 553.074700
0.909998 560.991764
0.919998 568.935499
0.929998 576.904435
0.939998 584.897409
0.949998 592.913081
0.959998 600.950078
0.969998 609.007043
0.979998 617.082542
0.989998 625.175209
0.999998 633.283496
1.009998 641.405876
1.019998 649.540896
1.029998 657.687023
1.039998 665.842644
1.049998 674.006012
1.059998 682.175669
1.069998 690.349812
1.079998 698.526827
1.089998 706.705019
1.099998 714.882561
1.109998 723.057763
1.119998 731.228803
1.129998 739.393779
1.139998 747.550987
1.149998 755.698424
1.159998 763.834344
1.169998 771.956698
1.179998 780.063757
1.189998 788.153373
1.199998 796.223665
1.209998 804.272675
1.219998 812.298427
1.229998 820.298755
1.239998 828.271706
1.249997 836.215254
1.259997 844.127357
1.269997 852.005842
1.279997 859.848579
1.289997 867.653601
1.299997 875.418692
1.309997 883.141742
1.319997 890.820572
1.329997 898.452990
1.339997 906.036913
1.349997 913.570128
1.359997 921.050418
1.369997 928.475671
1.379997 935.843533
1.389997 943.151881
1.399997 950.398466
1.409997 957.581154
1.419997 964.697687
1.429997 971.745802
1.439997 978.723173
1.449997 985.627774
1.459997 992.457213
1.469997 999.209222
1.479997 1005.881709
1.489997 1012.472345
1.499997 1018.978860
1.509997 1025.399110
1.519997 1031.730829
1.529997 1037.971696
1.539997 1044.119576
1.549997 1050.172219
1.559997 1056.127501
1.569997 1061.983181
1.579997 1067.737030
1.589997 1073.386822
1.599997 1078.930222
1.609997 1084.365388
1.619997 1089.690005
1.629997 1094.902009
1.639997 1099.999107
1.649997 1104.979139
1.659997 1109.840080
1.669997 1114.579918
1.679997 1119.196657
1.689997 1123.687709
1.699997 1128.051594
1.709997 1132.285879
1.719997 1136.388877
1.729997 1140.358431
1.739997 1144.192407
1.749997 1147.889173
1.759997 1151.446393
1.769997 1154.862357
1.779997 1158.135371
1.789997 1161.263169
1.799997 1164.243987
1.809997 1167.076320
1.819997 1169.757977
1.829997 1172.287384
1.839997 1174.662638
1.849997 1176.882102
1.859997 1178.944161
1.869997 1180.847113
1.879997 1182.589052
1.889997 1184.168917
1.899997 1185.584627
1.909997 1186.834718
1.919997 1187.917753
1.929997 1188.832441
1.939997 1189.576724
1.949997 1190.149945
1.959997 1190.549891
1.969997 1190.776081
1.979997 1190.826599
1.989997 1190.700244
1.999997 1190.395959
2.009997 1189.912325
2.019997 1189.248378
2.029997 1188.402886
2.039997 1187.374502
2.049997 1186.162572
2.059997 1184.765936
2.069997 1183.183367
2.079997 1181.414220
2.089997 1179.457457
2.099997 1177.312402
2.109997 1174.977996
2.119997 1172.453542
2.129997 1169.738384
2.139997 1166.831698
2.149997 1163.732916
2.159997 1160.441305
2.169997 1156.956686
2.179997 1153.278013
2.189997 1149.405293
2.199997 1145.337678
2.209997 1141.075259
2.219997 1136.617382
2.229997 1131.963642
2.239997 1127.114259
2.249997 1122.068726
2.259997 1116.826782
2.269997 1111.388779
2.279997 1105.754453
2.289997 1099.923412
2.299997 1093.896053
2.309997 1087.672543
2.319997 1081.253093
2.329997 1074.637606
2.339997 1067.826399
2.349997 1060.820180
2.359997 1053.618663
2.369997 1046.222656
2.379997 1038.632327
2.389997 1030.848490
2.399997 1022.871502
2.409997 1014.702104
2.419997 1006.340840
2.429996 997.788150
2.439996 989.045326
2.449996 980.112672
2.459996 970.991568
2.469996 961.682355
2.479996 952.186354
2.489996 942.504548
2.499996 932.637753
2.509996 922.587283
2.519996 912.354206
2.529996 901.939787
2.539996 891.345202
2.549996 880.572022
2.559996 869.621318
2.569996 858.494692
2.579996 847.193588
2.589996 835.719314
2.599996 824.073679
2.609996 812.258219
2.619996 800.274525
2.629996 788.124602
2.639996 775.809720
2.649996 763.332217
2.659996 750.693649
2.669996 737.895921
2.679996 724.941206
2.689996 711.831442
2.699996 698.568467
2.709996 685.154643
2.719996 671.592260
2.729996 657.882958
2.739996 644.029527
2.749996 630.034101
2.759996 615.898967
2.769996 601.626552
2.779996 587.219412
2.789996 572.679843
2.799996 558.010324
2.809996 543.213786
2.819996 528.292428
2.829996 513.249103
2.839996 498.086684
2.849996 482.807574
2.859996 467.414633
2.869996 451.910953
2.879996 436.299187
2.889996 420.582212
2.899996 404.763037
2.909996 388.844816
2.919996 372.830282
2.929996 356.722720
2.939996 340.525171
2.949996 324.240722
2.959996 307.872620
2.969996 291.424049
2.979996 274.898315
2.989996 258.298578
2.999996 241.628338
