-1.990000 2062.008131
-1.980000 2032.732498
-1.970000 2003.321943
-1.960000 1973.789441
-1.950000 1944.148672
-1.940000 1914.412905
-1.930000 1884.595441
-1.920000 1854.707559
-1.910000 1824.763542
-1.900000 1794.775190
-1.890000 1764.754330
-1.880000 1734.713513
-1.870000 1704.663934
-1.860000 1674.617746
-1.850000 1644.585738
-1.840000 1614.580136
-1.830000 1584.610849
-1.820000 1554.688757
-1.810000 1524.824772
-1.800000 1495.029490
-1.790000 1465.312466
-1.780000 1435.684003
-1.770000 1406.154080
-1.760000 1376.731756
-1.750000 1347.426960
-1.740000 1318.247974
-1.730000 1289.204681
-1.720000 1260.305311
-1.710000 1231.558253
-1.700000 1202.972170
-1.690000 1174.554920
-1.680000 1146.314759
-1.670000 1118.258648
-1.660000 1090.395164
-1.650000 1062.730740
-1.640000 1035.272574
-1.630000 1008.027908
-1.620000 981.003295
-1.610000 954.205331
-1.600000 927.639923
-1.590000 901.313510
-1.580000 875.231847
-1.570000 849.400732
-1.560000 823.825524
-1.550000 798.511507
-1.540000 773.464016
-1.530000 748.687459
-1.520000 724.187394
-1.510000 699.967235
-1.500000 676.032524
-1.490000 652.386299
-1.480000 629.033235
-1.470001 605.977094
-1.460001 583.221206
-1.450001 560.769087
-1.440001 538.623825
-1.430001 516.788572
-1.420001 495.266210
-1.410001 474.059415
-1.400001 453.170778
-1.390001 432.602503
-1.380001 412.356806
-1.370001 392.435732
-1.360001 372.841099
-1.350001 353.574436
-1.340001 334.637351
-1.330001 316.031346
-1.320001 297.757405
-1.310001 279.816476
-1.300001 262.209702
-1.290001 244.937543
-1.280001 228.000600
-1.270001 211.399442
-1.260001 195.133964
-1.250001 179.204731
-1.240001 163.611292
-1.230001 148.353868
-1.220001 133.432018
-1.210001 118.845109
-1.200001 104.592719
-1.190001 90.674121
-1.180001 77.088459
-1.170001 63.834693
-1.160001 50.911828
-1.150001 38.318690
-1.140001 26.053789
-1.130001 14.115797
-1.120001 2.503131
-1.110001 -8.785958
-1.100001 -19.753247
-1.090001 -30.400564
-1.080001 -40.729955
-1.070001 -50.743563
-1.060001 -60.443526
-1.050001 -69.832159
-1.040001 -78.911898
-1.030001 -87.685269
-1.020001 -96.154730
-1.010001 -104.323036
-1.000001 -112.192845
-0.990001 -119.767099
-0.980001 -127.048617
-0.970001 -134.040419
-0.960001 -140.745599
-0.950001 -147.167221
-0.940001 -153.308468
-0.930001 -159.172686
-0.920001 -164.763111
-0.910001 -170.083187
-0.900001 -175.136294
-0.890001 -179.926021
-0.880001 -184.455820
-0.870001 -188.729321
-0.860001 -192.750156
-0.850001 -196.522056
-0.840001 -200.048682
-0.830001 -203.333855
-0.820001 -206.381344
-0.810001 -209.195042
-0.800001 -211.778736
-0.790001 -214.136356
-0.780001 -216.271832
-0.770001 -218.189098
-0.760001 -219.892129
-0.750001 -221.384895
-0.740001 -222.671426
-0.730001 -223.755702
-0.720001 -224.641732
-0.710001 -225.333556
-0.700001 -225.835239
-0.690001 -226.150767
-0.680001 -226.284229
-0.670001 -226.239630
-0.660001 -226.021012
-0.650001 -225.632409
-0.640001 -225.077810
-0.630001 -224.361246
-0.620001 -223.486699
-0.610001 -222.458136
-0.600001 -221.279540
-0.590001 -219.954804
-0.580001 -218.487902
-0.570001 -216.882679
-0.560001 -215.142991
-0.550001 -213.272694
-0.540001 -211.275598
-0.530001 -209.155448
-0.520001 -206.915984
-0.510001 -204.560909
-0.500001 -202.093888
-0.490001 -199.518512
-0.480001 -196.838361
-0.470001 -194.056968
-0.460001 -191.177807
-0.450001 -188.204314
-0.440001 -185.139876
-0.430001 -181.987802
-0.420002 -178.751385
-0.410002 -175.433823
-0.400002 -172.038295
-0.390002 -168.567898
-0.380002 -165.025666
-0.370002 -161.414583
-0.360002 -157.737571
-0.350002 -153.997474
-0.340002 -150.197069
-0.330002 -146.339078
-0.320002 -142.426152
-0.310002 -138.460861
-0.300002 -134.445705
-0.290002 -130.383129
-0.280002 -126.275475
-0.270002 -122.125028
-0.260002 -117.933999
-0.250002 -113.704509
-0.240002 -109.438604
-0.230002 -105.138255
-0.220002 -100.805349
-0.210002 -96.441701
-0.200002 -92.049034
-0.190002 -87.628985
-0.180002 -83.183115
-0.170002 -78.712895
-0.160002 -74.219716
-0.150002 -69.704878
-0.140002 -65.169602
-0.130002 -60.615007
-0.120002 -56.042149
-0.110002 -51.451971
-0.100002 -46.845337
-0.090002 -42.223033
-0.080002 -37.585737
-0.070002 -32.934052
-0.060002 -28.268486
-0.050002 -23.589457
-0.040002 -18.897298
-0.030002 -14.192243
-0.020002 -9.474446
-0.010002 -4.743965
-0.000002 -0.000771
0.009998 4.755256
0.019998 9.524326
0.029998 14.306737
0.039998 19.102878
0.049998 23.913224
0.059998 28.738343
0.069998 33.578887
0.079998 38.435600
0.089998 43.309307
0.099998 48.200927
0.109998 53.111463
0.119998 58.041999
0.129998 62.993707
0.139998 67.967855
0.149998 72.965773
0.159998 77.988884
0.169998 83.038701
0.179998 88.116805
0.189998 93.224864
0.199998 98.364621
0.209998 103.537911
0.219998 108.746626
0.229998 113.992746
0.239998 119.278330
0.249998 124.605500
0.259998 129.976446
0.269998 135.393456
0.279998 140.858862
0.289998 146.375077
0.299998 151.944584
0.309998 157.569931
0.319998 163.253704
0.329998 168.998599
0.339998 174.807354
0.349998 180.682729
0.359998 186.627620
0.369998 192.644902
0.379998 198.737543
0.389998 204.908589
0.399998 211.161093
0.409998 217.498157
0.419998 223.922980
0.429998 230.438756
0.439998 237.048750
0.449998 243.756272
0.459998 250.564642
0.469998 257.477275
0.479998 264.497539
0.489998 271.628922
0.499998 278.874915
0.509998 286.239056
0.519998 293.724805
0.529998 301.335753
0.539998 309.075562
0.549998 316.947794
0.559998 324.956091
0.569998 333.104111
0.579998 341.395497
0.589998 349.833969
0.599998 358.423193
0.609998 367.166838
0.619998 376.068686
0.629998 385.132347
0.639998 394.361606
0.649998 403.760144
0.659998 413.331632
0.669998 423.079812
0.679998 433.008340
0.689998 443.120899
0.699998 453.421158
0.709998 463.912730
0.719998 474.599287
0.729998 485.484360
0.739998 496.571618
0.749998 507.864496
0.759998 519.366606
0.769998 531.081405
0.779998 543.012312
0.789998 555.162839
0.799998 567.536284
0.809998 580.135945
0.819998 592.965161
0.829998 606.027225
0.839998 619.325200
0.849998 632.862320
0.859998 646.641579
0.869998 660.666051
0.879998 674.938656
0.889998 689.462342
0.899998 704.239848
0.909998 719.273985
0.919998 734.567399
0.929998 750.122752
0.939998 765.942535
0.949998 782.029156
0.959998 798.384988
0.969998 815.012419
0.979998 831.913498
0.989998 849.090281
0.999998 866.544985
1.009998 884.279321
1.019998 902.295211
1.029998 920.594266
1.039998 939.178094
1.049998 958.048199
1.059998 977.206079
1.069998 996.652803
1.079998 1016.389643
1.089998 1036.417646
1.099998 1056.737740
1.109998 1077.350622
1.119998 1098.256861
1.129998 1119.457227
1.139998 1140.952143
1.149998 1162.741677
1.159998 1184.826094
1.169998 1207.205410
1.179998 1229.879502
1.189998 1252.847880
1.199998 1276.110359
1.209998 1299.666268
1.219998 1323.514903
1.229998 1347.655635
1.239998 1372.086880
1.249997 1396.808048
1.259997 1421.817352
1.269997 1447.113540
1.279997 1472.694849
1.289997 1498.559586
1.299997 1524.705658
1.309997 1551.130920
1.319997 1577.832940
1.329997 1604.809349
1.339997 1632.057487
1.349997 1659.574518
1.359997 1687.357310
1.369997 1715.402789
1.379997 1743.707342
1.389997 1772.267532
1.399997 1801.079738
1.409997 1830.139914
1.419997 1859.443824
1.429997 1888.987166
1.439997 1918.765565
1.449997 1948.774337
1.459997 1979.008361
1.469997 2009.462805
1.479997 2040.132157
1.489997 2071.011315
1.499997 2102.093884
1.509997 2133.374852
1.519997 2164.847547
1.529997 2196.505821
1.539997 2228.343574
1.549997 2260.353279
1.559997 2292.528913
1.569997 2324.862783
1.579997 2357.347969
1.589997 2389.976609
1.599997 2422.741369
1.609997 2455.634216
1.619997 2488.646909
1.629997 2521.770757
1.639997 2554.998075
1.649997 2588.319265
1.659997 2621.725979
1.669997 2655.208442
1.679997 2688.758126
1.689997 2722.364594
1.699997 2756.018411
1.709997 2789.709446
1.719997 2823.427357
1.729997 2857.161835
1.739997 2890.902118
1.749997 2924.637714
1.759997 2958.357201
1.769997 2992.049187
1.779997 3025.702552
1.789997 3059.305485
1.799997 3092.845732
1.809997 3126.311544
1.819997 3159.690491
1.829997 3192.970173
1.839997 3226.137275
1.849997 3259.179461
1.859997 3292.083713
1.869997 3324.835880
1.879997 3357.423011
1.889997 3389.831485
1.899997 3422.047251
1.909997 3454.055597
1.919997 3485.842773
1.929997 3517.394367
1.939997 3548.695090
1.949997 3579.730373
1.959997 3610.485004
1.969997 3640.944030
1.979997 3671.091187
1.989997 3700.911377
1.999997 3730.388865
2.009997 3759.507299
2.019997 3788.250117
2.029997 3816.601726
2.039997 3844.545235
2.049997 3872.063155
2.059997 3899.139564
2.069997 3925.757066
2.079997 3951.898534
2.089997 3977.546248
2.099997 4002.682758
2.109997 4027.290453
2.119997 4051.351563
2.129997 4074.847750
2.139997 4097.760533
2.149997 4120.072926
2.159997 4141.764519
2.169997 4162.818842
2.179997 4183.214825
2.189997 4202.935304
2.199997 4221.960962
2.209997 4240.271578
2.219997 4257.849173
2.229997 4274.674062
2.239997 4290.726071
2.249997 4305.986450
2.259997 4320.434429
2.269997 4334.051404
2.279997 4346.816408
2.289997 4358.710611
2.299997 4369.712132
2.309997 4379.802309
2.319997 4388.959834
2.329997 4397.164769
2.339997 4404.396376
2.349997 4410.634203
2.359997 4415.857721
2.369997 4420.046332
2.379997 4423.179034
2.389997 4425.234779
2.399997 4426.193466
2.409997 4426.033934
2.419997 4424.734666
2.429996 4422.275725
2.439996 4418.634569
2.449996 4413.791503
2.459996 4407.724277
2.469996 4400.412504
2.479996 4391.835747
2.489996 4381.971449
2.499996 4370.799169
2.509996 4358.298140
2.519996 4344.446445
2.529996 4329.223620
2.539996 4312.608077
2.549996 4294.579093
2.559996 4275.115681
2.569996 4254.196353
2.579996 4231.800469
2.589996 4207.906894
2.599996 4182.494810
2.609996 4155.543442
2.619996 4127.032805
2.629996 4096.939811
2.639996 4065.246071
2.649996 4031.930348
2.659996 3996.971983
2.669996 3960.351308
2.679996 3922.046513
2.689996 3882.038992
2.699996 3840.307190
2.709996 3796.831829
2.719996 3751.593685
2.729996 3704.571259
2.739996 3655.747150
2.749996 3605.100166
2.759996 3552.611593
2.769996 3498.262095
2.779996 3442.032849
2.789996 3383.904831
2.799996 3323.858869
2.809996 3261.877285
2.819996 3197.940935
2.829996 3132.032148
2.839996 3064.133089
2.849996 2994.224694
2.859996 2922.290976
2.869996 2848.313591
2.879996 2772.275292
2.889996 2694.159796
2.899996 2613.950017
2.909996 2531.629150
2.919996 2447.181330
2.929996 2360.590668
2.939996 2271.841116
2.949996 2180.916935
2.959996 2087.803586
2.969996 1992.485498
2.979996 1894.948289
2.989996 1795.177507
2.999996 1693.159142
