-1.990000 4767.426326
-1.980000 4721.403564
-1.970000 4674.916194
-1.960000 4627.987465
-1.950000 4580.639486
-1.940000 4532.894118
-1.930000 4484.774341
-1.920000 4436.302446
-1.910000 4387.498636
-1.900000 4338.386078
-1.890000 4288.984467
-1.880000 4239.315544
-1.870000 4189.399873
-1.860000 4139.257288
-1.850000 4088.908292
-1.840000 4038.372657
-1.830000 3987.670361
-1.820000 3936.819697
-1.810000 3885.840577
-1.800000 3834.752170
-1.790000 3783.571951
-1.780000 3732.318062
-1.770000 3681.009327
-1.760000 3629.663339
-1.750000 3578.296212
-1.740000 3526.926897
-1.730000 3475.571669
-1.720000 3424.245548
-1.710000 3372.966891
-1.700000 3321.750633
-1.690000 3270.612875
-1.680000 3219.568464
-1.670000 3168.632928
-1.660000 3117.820783
-1.650000 3067.147229
-1.640000 3016.625964
-1.630000 2966.271372
-1.620000 2916.096573
-1.610000 2866.115376
-1.600000 2816.340814
-1.590000 2766.785630
-1.580000 2717.462528
-1.570000 2668.383676
-1.560000 2619.561203
-1.550000 2571.006459
-1.540000 2522.730755
-1.530000 2474.745603
-1.520000 2427.061986
-1.510000 2379.689626
-1.500000 2332.639426
-1.490000 2285.920787
-1.480000 2239.544287
-1.470001 2193.519008
-1.460001 2147.853508
-1.450001 2102.557039
-1.440001 2057.638332
-1.430001 2013.105113
-1.420001 1968.966045
-1.410001 1925.228549
-1.400001 1881.900255
-1.390001 1838.988282
-1.380001 1796.499479
-1.370001 1754.440431
-1.360001 1712.817452
-1.350001 1671.637074
-1.340001 1630.905323
-1.330001 1590.627012
-1.320001 1550.808126
-1.310001 1511.453676
-1.300001 1472.568185
-1.290001 1434.156631
-1.280001 1396.223033
-1.270001 1358.771401
-1.260001 1321.805963
-1.250001 1285.330235
-1.240001 1249.347262
-1.230001 1213.860315
-1.220001 1178.872423
-1.210001 1144.385926
-1.200001 1110.403617
-1.190001 1076.927374
-1.180001 1043.959305
-1.170001 1011.501069
-1.160001 979.554326
-1.150001 948.120071
-1.140001 917.199587
-1.130001 886.793666
-1.120001 856.903166
-1.110001 827.528241
-1.100001 798.669282
-1.090001 770.326370
-1.080001 742.499061
-1.070001 715.187476
-1.060001 688.390891
-1.050001 662.108294
-1.040001 636.339124
-1.030001 611.082002
-1.020001 586.336002
-1.010001 562.099391
-1.000001 538.370579
-0.990001 515.147808
-0.980001 492.429149
-0.970001 470.212461
-0.960001 448.495445
-0.950001 427.275645
-0.940001 406.550452
-0.930001 386.317256
-0.920001 366.573006
-0.910001 347.314705
-0.900001 328.539216
-0.890001 310.243268
-0.880001 292.423359
-0.870001 275.075955
-0.860001 258.197397
-0.850001 241.783764
-0.840001 225.831293
-0.830001 210.335743
-0.820001 195.293076
-0.810001 180.699015
-0.800001 166.549174
-0.790001 152.839072
-0.780001 139.564171
-0.770001 126.719796
-0.760001 114.301183
-0.750001 102.303525
-0.740001 90.721887
-0.730001 79.551257
-0.720001 68.786546
-0.710001 58.422675
-0.700001 48.454371
-0.690001 38.876322
-0.680001 29.683268
-0.670001 20.869734
-0.660001 12.430287
-0.650001 4.359425
-0.640001 -3.348405
-0.630001 -10.698854
-0.620001 -17.697525
-0.610001 -24.350113
-0.600001 -30.662328
-0.590001 -36.639931
-0.580001 -42.288694
-0.570001 -47.614428
-0.560001 -52.622920
-0.550001 -57.320086
-0.540001 -61.711698
-0.530001 -65.803696
-0.520001 -69.601906
-0.510001 -73.112222
-0.500001 -76.340560
-0.490001 -79.292777
-0.480001 -81.974755
-0.470001 -84.392377
-0.460001 -86.551509
-0.450001 -88.457981
-0.440001 -90.117646
-0.430001 -91.536313
-0.420002 -92.719786
-0.410002 -93.673829
-0.400002 -94.404174
-0.390002 -94.916554
-0.380002 -95.216631
-0.370002 -95.310062
-0.360002 -95.202443
-0.350002 -94.899334
-0.340002 -94.406275
-0.330002 -93.728715
-0.320002 -92.872108
-0.310002 -91.841805
-0.300002 -90.643146
-0.290002 -89.281400
-0.280002 -87.761754
-0.270002 -86.089371
-0.260002 -84.269331
-0.250002 -82.306651
-0.240002 -80.206285
-0.230002 -77.973116
-0.220002 -75.611962
-0.210002 -73.127558
-0.200002 -70.524558
-0.190002 -67.807560
-0.180002 -64.981073
-0.170002 -62.049510
-0.160002 -59.017229
-0.150002 -55.888475
-0.140002 -52.667430
-0.130002 -49.358173
-0.120002 -45.964708
-0.110002 -42.490932
-0.100002 -38.940660
-0.090002 -35.317613
-0.080002 -31.625409
-0.070002 -27.867578
-0.060002 -24.047549
-0.050002 -20.168654
-0.040002 -16.234122
-0.030002 -12.247082
-0.020002 -8.210562
-0.010002 -4.127486
-0.000002 -0.000674
0.009998 4.167159
0.019998 8.373403
0.029998 12.615556
0.039998 16.891222
0.049998 21.198114
0.059998 25.534052
0.069998 29.896964
0.079998 34.284895
0.089998 38.695989
0.099998 43.128508
0.109998 47.580823
0.119998 52.051411
0.129998 56.538867
0.139998 61.041899
0.149998 65.559316
0.159998 70.090047
0.169998 74.633127
0.179998 79.187702
0.189998 83.753037
0.199998 88.328498
0.209998 92.913572
0.219998 97.507840
0.229998 102.111008
0.239998 106.722892
0.249998 111.343407
0.259998 115.972574
0.269998 120.610541
0.279998 125.257548
0.289998 129.913950
0.299998 134.580193
0.309998 139.256852
0.319998 143.944571
0.329998 148.644151
0.339998 153.356434
0.349998 158.082405
0.359998 162.823135
0.369998 167.579792
0.379998 172.353651
0.389998 177.146074
0.399998 181.958532
0.409998 186.792577
0.419998 191.649851
0.429998 196.532104
0.439998 201.441147
0.449998 206.378921
0.459998 211.347424
0.469998 216.348744
0.479998 221.385061
0.489998 226.458613
0.499998 231.571743
0.509998 236.726886
0.519998 241.926518
0.529998 247.173195
0.539998 252.469547
0.549998 257.818309
0.559998 263.222217
0.569998 268.684157
0.579998 274.207030
0.589998 279.793766
0.599998 285.447420
0.609998 291.171091
0.619998 296.967896
0.629998 302.841079
0.639998 308.793824
0.649998 314.829476
0.659998 320.951312
0.669998 327.162766
0.679998 333.467276
0.689998 339.868279
0.699998 346.369290
0.709998 352.973815
0.719998 359.685470
0.729998 366.507782
0.739998 373.444464
0.749998 380.499048
0.759998 387.675248
0.769998 394.976758
0.779998 402.407286
0.789998 409.970465
0.799998 417.670066
0.809998 425.509781
0.819998 433.493347
0.829998 441.624503
0.839998 449.906985
0.849998 458.344481
0.859998 466.940711
0.869998 475.699343
0.879998 484.624071
0.889998 493.718577
0.899998 502.986519
0.909998 512.431488
0.919998 522.057092
0.929998 531.866913
0.939998 541.864401
0.949998 552.053216
0.959998 562.436634
0.969998 573.018187
0.979998 583.801160
0.989998 594.789047
0.999998 605.984983
1.009998 617.392098
1.019998 629.013724
1.029998 640.852926
1.039998 652.912704
1.049998 665.195992
1.059998 677.705811
1.069998 690.444792
1.079998 703.415862
1.089998 716.621710
1.099998 730.064835
1.109998 743.747591
1.119998 757.672629
1.129998 771.842289
1.139998 786.258709
1.149998 800.923979
1.159998 815.840091
1.169998 831.009099
1.179998 846.432839
1.189998 862.112814
1.199998 878.050862
1.209998 894.248254
1.219998 910.706539
1.229998 927.427032
1.239998 944.410522
1.249997 961.658128
1.259997 979.170896
1.269997 996.949163
1.279997 1014.993880
1.289997 1033.305221
1.299997 1051.883686
1.309997 1070.729512
1.319997 1089.842556
1.329997 1109.222640
1.339997 1128.869314
1.349997 1148.782685
1.359997 1168.961755
1.369997 1189.405719
1.379997 1210.113846
1.389997 1231.084886
1.399997 1252.317775
1.409997 1273.810922
1.419997 1295.562682
1.429997 1317.571354
1.439997 1339.834941
1.449997 1362.351264
1.459997 1385.118204
1.469997 1408.133219
1.479997 1431.393577
1.489997 1454.896114
1.499997 1478.638208
1.509997 1502.616190
1.519997 1526.827171
1.529997 1551.266849
1.539997 1575.931695
1.549997 1600.817497
1.559997 1625.920568
1.569997 1651.235557
1.579997 1676.758614
1.589997 1702.484218
1.599997 1728.407861
1.609997 1754.523846
1.619997 1780.826757
1.629997 1807.310961
1.639997 1833.970369
1.649997 1860.799408
1.659997 1887.791068
1.669997 1914.939098
1.679997 1942.236297
1.689997 1969.676216
1.699997 1997.251216
1.709997 2024.953918
1.719997 2052.776964
1.729997 2080.712047
1.739997 2108.751120
1.749997 2136.886151
1.759997 2165.108159
1.769997 2193.408661
1.779997 2221.777987
1.789997 2250.207917
1.799997 2278.688328
1.809997 2307.209350
1.819997 2335.761363
1.829997 2364.334040
1.839997 2392.917303
1.849997 2421.500135
1.859997 2450.071534
1.869997 2478.621203
1.879997 2507.137215
1.889997 2535.608116
1.899997 2564.022692
1.909997 2592.368110
1.919997 2620.632702
1.929997 2648.803653
1.939997 2676.868841
1.949997 2704.814778
1.959997 2732.628892
1.969997 2760.297933
1.979997 2787.807755
1.989997 2815.144674
1.999997 2842.295230
2.009997 2869.245574
2.019997 2895.979911
2.029997 2922.484200
2.039997 2948.743893
2.049997 2974.743789
2.059997 3000.469130
2.069997 3025.903437
2.079997 3051.031540
2.089997 3075.838264
2.099997 3100.306531
2.109997 3124.420341
2.119997 3148.162864
2.129997 3171.518120
2.139997 3194.469298
2.149997 3216.998372
2.159997 3239.088573
2.169997 3260.722532
2.179997 3281.882690
2.189997 3302.552101
2.199997 3322.710657
2.209997 3342.342443
2.219997 3361.427611
2.229997 3379.948118
2.239997 3397.885356
2.249997 3415.220931
2.259997 3431.934768
2.269997 3448.008163
2.279997 3463.422983
2.289997 3478.157966
2.299997 3492.194679
2.309997 3505.512697
2.319997 3518.092911
2.329997 3529.913920
2.339997 3540.957050
2.349997 3551.201008
2.359997 3560.626135
2.369997 3569.211601
2.379997 3576.936133
2.389997 3583.780037
2.399997 3589.721817
2.409997 3594.740226
2.419997 3598.815220
2.429996 3601.924061
2.439996 3604.047772
2.449996 3605.161893
2.459996 3605.248180
2.469996 3604.282992
2.479996 3602.245123
2.489996 3599.114169
2.499996 3594.866676
2.509996 3589.482107
2.519996 3582.938102
2.529996 3575.212561
2.539996 3566.284188
2.549996 3556.130523
2.559996 3544.729911
2.569996 3532.060914
2.579996 3518.099959
2.589996 3502.826880
2.599996 3486.217859
2.609996 3468.251415
2.619996 3448.906276
2.629996 3428.159211
2.639996 3405.989668
2.649996 3382.374242
2.659996 3357.291462
2.669996 3330.719185
2.679996 3302.636190
2.689996 3273.019751
2.699996 3241.848093
2.709996 3209.100107
2.719996 3174.753888
2.729996 3138.787224
2.739996 3101.178791
2.749996 3061.907882
2.759996 3020.952346
2.769996 2978.290197
2.779996 2933.901515
2.789996 2887.764508
2.799996 2839.858218
2.809996 2790.162439
2.819996 2738.655474
2.829996 2685.317057
2.839996 2630.127027
2.849996 2573.064481
2.859996 2514.109555
2.869996 2453.242768
2.879996 2390.442955
2.889996 2325.691499
2.899996 2258.968403
2.909996 2190.254382
2.919996 2119.530551
2.929996 2046.777775
2.939996 1971.976968
2.949996 1895.110628
2.959996 1816.159872
2.969996 1735.106656
2.979996 1651.933166
2.989996 1566.621386
2.999996 1479.154901
