-1.990000 -624.307549
-1.980000 -617.907337
-1.970000 -611.400605
-1.960000 -604.790274
-1.950000 -598.079721
-1.940000 -591.271872
-1.930000 -584.369770
-1.920000 -577.376684
-1.910000 -570.295891
-1.900000 -563.130319
-1.890000 -555.883126
-1.880000 -548.557470
-1.870000 -541.156740
-1.860000 -533.683505
-1.850000 -526.141499
-1.840000 -518.533398
-1.830000 -510.862577
-1.820000 -503.132052
-1.810000 -495.345040
-1.800000 -487.504423
-1.790000 -479.613283
-1.780000 -471.674902
-1.770000 -463.692492
-1.760000 -455.668539
-1.750000 -447.606714
-1.740000 -439.509596
-1.730000 -431.380594
-1.720000 -423.222380
-1.710000 -415.038217
-1.700000 -406.830746
-1.690000 -398.603441
-1.680000 -390.358793
-1.670000 -382.099999
-1.660000 -373.829635
-1.650000 -365.551108
-1.640000 -357.266955
-1.630000 -348.980057
-1.620000 -340.693400
-1.610000 -332.409700
-1.600000 -324.131657
-1.590000 -315.862431
-1.580000 -307.604310
-1.570000 -299.360165
-1.560000 -291.132722
-1.550000 -282.924803
-1.540000 -274.738840
-1.530000 -266.577604
-1.520000 -258.443595
-1.510000 -250.339529
-1.500000 -242.267851
-1.490000 -234.230978
-1.480000 -226.231449
-1.470001 -218.271924
-1.460001 -210.354581
-1.450001 -202.481956
-1.440001 -194.656316
-1.430001 -186.880014
-1.420001 -179.155463
-1.410001 -171.484830
-1.400001 -163.870340
-1.390001 -156.314093
-1.380001 -148.818455
-1.370001 -141.385457
-1.360001 -134.017215
-1.350001 -126.715806
-1.340001 -119.483094
-1.330001 -112.321264
-1.320001 -105.232164
-1.310001 -98.217724
-1.300001 -91.279718
-1.290001 -84.420115
-1.280001 -77.640729
-1.270001 -70.943215
-1.260001 -64.329192
-1.250001 -57.800585
-1.240001 -51.358757
-1.230001 -45.005491
-1.220001 -38.742244
-1.210001 -32.570542
-1.200001 -26.491871
-1.190001 -20.507617
-1.180001 -14.619209
-1.170001 -8.827918
-1.160001 -3.135060
-1.150001 2.458096
-1.140001 7.950352
-1.130001 13.340582
-1.120001 18.627593
-1.110001 23.810375
-1.100001 28.887908
-1.090001 33.859190
-1.080001 38.723263
-1.070001 43.479269
-1.060001 48.126370
-1.050001 52.663706
-1.040001 57.090609
-1.030001 61.406285
-1.020001 65.610132
-1.010001 69.701515
-1.000001 73.679846
-0.990001 77.544660
-0.980001 81.295413
-0.970001 84.931731
-0.960001 88.453213
-0.950001 91.859532
-0.940001 95.150379
-0.930001 98.325495
-0.920001 101.384741
-0.910001 104.327927
-0.900001 107.154982
-0.890001 109.865834
-0.880001 112.460482
-0.870001 114.938972
-0.860001 117.301398
-0.850001 119.547827
-0.840001 121.678506
-0.830001 123.693665
-0.820001 125.593561
-0.810001 127.378530
-0.800001 129.048877
-0.790001 130.605095
-0.780001 132.047584
-0.770001 133.376873
-0.760001 134.593517
-0.750001 135.698094
-0.740001 136.691250
-0.730001 137.573664
-0.720001 138.346081
-0.710001 139.009261
-0.700001 139.564046
-0.690001 140.011254
-0.680001 140.351818
-0.670001 140.586711
-0.660001 140.716892
-0.650001 140.743422
-0.640001 140.667346
-0.630001 140.489809
-0.620001 140.211997
-0.610001 139.835065
-0.600001 139.360300
-0.590001 138.788974
-0.580001 138.122404
-0.570001 137.361960
-0.560001 136.509073
-0.550001 135.565176
-0.540001 134.531743
-0.530001 133.410318
-0.520001 132.202468
-0.510001 130.909751
-0.500001 129.533869
-0.490001 128.076439
-0.480001 126.539205
-0.470001 124.923888
-0.460001 123.232288
-0.450001 121.466223
-0.440001 119.627546
-0.430001 117.718119
-0.420002 115.739875
-0.410002 113.694754
-0.400002 111.584754
-0.390002 109.411877
-0.380002 107.178172
-0.370002 104.885703
-0.360002 102.536589
-0.350002 100.132954
-0.340002 97.676962
-0.330002 95.170796
-0.320002 92.616684
-0.310002 90.016863
-0.300002 87.373594
-0.290002 84.689192
-0.280002 81.965952
-0.270002 79.206237
-0.260002 76.412406
-0.250002 73.586850
-0.240002 70.731970
-0.230002 67.850204
-0.220002 64.944005
-0.210002 62.015849
-0.200002 59.068221
-0.190002 56.103638
-0.180002 53.124617
-0.170002 50.133715
-0.160002 47.133482
-0.150002 44.126495
-0.140002 41.115344
-0.130002 38.102635
-0.120002 35.090984
-0.110002 32.083022
-0.100002 29.081382
-0.090002 26.088725
-0.080002 23.107704
-0.070002 20.140993
-0.060002 17.191266
-0.050002 14.261214
-0.040002 11.353526
-0.030002 8.470900
-0.020002 5.616040
-0.010002 2.791653
-0.000002 0.000451
0.009998 -2.754855
0.019998 -5.471549
0.029998 -8.146916
0.039998 -10.778240
0.049998 -13.362805
0.059998 -15.897901
0.069998 -18.380816
0.079998 -20.808842
0.089998 -23.179279
0.099998 -25.489426
0.109998 -27.736595
0.119998 -29.918100
0.129998 -32.031263
0.139998 -34.073419
0.149998 -36.041905
0.159998 -37.934076
0.169998 -39.747295
0.179998 -41.478934
0.189998 -43.126381
0.199998 -44.687037
0.209998 -46.158323
0.219998 -47.537662
0.229998 -48.822515
0.239998 -50.010334
0.249998 -51.098613
0.259998 -52.084854
0.269998 -52.966572
0.279998 -53.741318
0.289998 -54.406654
0.299998 -54.960174
0.309998 -55.399480
0.319998 -55.722212
0.329998 -55.926028
0.339998 -56.008623
0.349998 -55.967696
0.359998 -55.801003
0.369998 -55.506303
0.379998 -55.081393
0.389998 -54.524109
0.399998 -53.832315
0.409998 -53.003887
0.419998 -52.036759
0.429998 -50.928892
0.439998 -49.678267
0.449998 -48.282935
0.459998 -46.740924
0.469998 -45.050362
0.479998 -43.209377
0.489998 -41.216149
0.499998 -39.068882
0.509998 -36.765835
0.519998 -34.305320
0.529998 -31.685656
0.539998 -28.905219
0.549998 -25.962450
0.559998 -22.855804
0.569998 -19.583788
0.579998 -16.144969
0.589998 -12.537953
0.599998 -8.761360
0.609998 -4.813906
0.619998 -0.694339
0.629998 3.598560
0.639998 8.065927
0.649998 12.708901
0.659998 17.528516
0.669998 22.525791
0.679998 27.701654
0.689998 33.057021
0.699998 38.592752
0.709998 44.309615
0.719998 50.208362
0.729998 56.289670
0.739998 62.554161
0.749998 69.002440
0.759998 75.634953
0.769998 82.452210
0.779998 89.454561
0.789998 96.642402
0.799998 104.015942
0.809998 111.575458
0.819998 119.321102
0.829998 127.252944
0.839998 135.371013
0.849998 143.675300
0.859998 152.165733
0.869998 160.842131
0.879998 169.704248
0.889998 178.751919
0.899998 187.984676
0.909998 197.402176
0.919998 207.003916
0.929998 216.789376
0.939998 226.757971
0.949998 236.909000
0.959998 247.241695
0.969998 257.755370
0.979998 268.449025
0.989998 279.321739
0.999998 290.372628
1.009998 301.600431
1.019998 313.004181
1.029998 324.582583
1.039998 336.334378
1.049998 348.258130
1.059998 360.352548
1.069998 372.616058
1.079998 385.047122
1.089998 397.644243
1.099998 410.405528
1.109998 423.329230
1.119998 436.413642
1.129998 449.656767
1.139998 463.056650
1.149998 476.611234
1.159998 490.318477
1.169998 504.176073
1.179998 518.181782
1.189998 532.333293
1.199998 546.628228
1.209998 561.064136
1.219998 575.638381
1.229998 590.348372
1.239998 605.191562
1.249997 620.165103
1.259997 635.266078
1.269997 650.491612
1.279997 665.838996
1.289997 681.304867
1.299997 696.886260
1.309997 712.579904
1.319997 728.382813
1.329997 744.291463
1.339997 760.302372
1.349997 776.412352
1.359997 792.617786
1.369997 808.915109
1.379997 825.300569
1.389997 841.770466
1.399997 858.321030
1.409997 874.948428
1.419997 891.648757
1.429997 908.417931
1.439997 925.252035
1.449997 942.146728
1.459997 959.098090
1.469997 976.101648
1.479997 993.153232
1.489997 1010.248362
1.499997 1027.382742
1.509997 1044.551766
1.519997 1061.750769
1.529997 1078.975143
1.539997 1096.220344
1.549997 1113.481765
1.559997 1130.754008
1.569997 1148.032592
1.579997 1165.312856
1.589997 1182.589345
1.599997 1199.857162
1.609997 1217.111350
1.619997 1234.346529
1.629997 1251.557754
1.639997 1268.739536
1.649997 1285.886576
1.659997 1302.993523
1.669997 1320.054971
1.679997 1337.065466
1.689997 1354.019498
1.699997 1370.911270
1.709997 1387.735416
1.719997 1404.486161
1.729997 1421.157922
1.739997 1437.744589
1.749997 1454.240487
1.759997 1470.639895
1.769997 1486.936931
1.779997 1503.125545
1.789997 1519.199531
1.799997 1535.153116
1.809997 1550.980130
1.819997 1566.674602
1.829997 1582.230285
1.839997 1597.640778
1.849997 1612.900232
1.859997 1628.002175
1.869997 1642.940453
1.879997 1657.708412
1.889997 1672.300066
1.899997 1686.708932
1.909997 1700.928496
1.919997 1714.952449
1.929997 1728.773881
1.939997 1742.386999
1.949997 1755.784614
1.959997 1768.960881
1.969997 1781.908568
1.979997 1794.621331
1.989997 1807.092576
1.999997 1819.315914
2.009997 1831.284167
2.019997 1842.990893
2.029997 1854.429552
2.039997 1865.593467
2.049997 1876.475513
2.059997 1887.069643
2.069997 1897.368497
2.079997 1907.365573
2.089997 1917.053933
2.099997 1926.427479
2.109997 1935.478839
2.119997 1944.201480
2.129997 1952.588453
2.139997 1960.633221
2.149997 1968.328834
2.159997 1975.668755
2.169997 1982.646041
2.179997 1989.253761
2.189997 1995.485788
2.199997 2001.334802
2.209997 2006.794293
2.219997 2011.857367
2.229997 2016.517531
2.239997 2020.768110
2.249997 2024.602443
2.259997 2028.013508
2.269997 2030.994873
2.279997 2033.540305
2.289997 2035.642842
2.299997 2037.295559
2.309997 2038.492469
2.319997 2039.226874
2.329997 2039.492464
2.339997 2039.282073
2.349997 2038.589982
2.359997 2037.409443
2.369997 2035.734265
2.379997 2033.557780
2.389997 2030.874034
2.399997 2027.676768
2.409997 2023.959272
2.419997 2019.715865
2.429996 2014.940249
2.439996 2009.626176
2.449996 2003.767918
2.459996 1997.359008
2.469996 1990.393660
2.479996 1982.866277
2.489996 1974.770559
2.499996 1966.100866
2.509996 1956.851460
2.519996 1947.016803
2.529996 1936.590841
2.539996 1925.568438
2.549996 1913.943808
2.559996 1901.711649
2.569996 1888.866714
2.579996 1875.403162
2.589996 1861.316146
2.599996 1846.600489
2.609996 1831.250832
2.619996 1815.262149
2.629996 1798.629846
2.639996 1781.348555
2.649996 1763.413712
2.659996 1744.820584
2.669996 1725.564630
2.679996 1705.640945
2.689996 1685.045159
2.699996 1663.772873
2.709996 1641.819873
2.719996 1619.181825
2.729996 1595.854492
2.739996 1571.833926
2.749996 1547.116259
2.759996 1521.697347
2.769996 1495.573696
2.779996 1468.741535
2.789996 1441.197033
2.799996 1412.937137
2.809996 1383.957894
2.819996 1354.256600
2.829996 1323.829837
2.839996 1292.674611
2.849996 1260.787744
2.859996 1228.166462
2.869996 1194.808223
2.879996 1160.710061
2.889996 1125.869776
2.899996 1090.284649
2.909996 1053.952569
2.919996 1016.871299
2.929996 979.038728
2.939996 940.453164
2.949996 901.112335
2.959996 861.014973
2.969996 820.159090
2.979996 778.543618
2.989996 736.166934
2.999996 693.027954
