-1.990000 -1098.695332
-1.980000 -1086.202405
-1.970000 -1073.626532
-1.960000 -1060.973758
-1.950000 -1048.250279
-1.940000 -1035.461867
-1.930000 -1022.614327
-1.920000 -1009.713611
-1.910000 -996.765245
-1.900000 -983.774902
-1.890000 -970.748113
-1.880000 -957.690210
-1.870000 -944.606787
-1.860000 -931.502951
-1.850000 -918.383951
-1.840000 -905.254600
-1.830000 -892.120273
-1.820000 -878.985905
-1.810000 -865.855928
-1.800000 -852.735458
-1.790000 -839.629050
-1.780000 -826.541169
-1.770000 -813.476492
-1.760000 -800.439368
-1.750000 -787.433939
-1.740000 -774.464497
-1.730000 -761.535427
-1.720000 -748.650423
-1.710000 -735.813573
-1.700000 -723.028815
-1.690000 -710.299879
-1.680000 -697.630405
-1.670000 -685.024066
-1.660000 -672.484204
-1.650000 -660.014559
-1.640000 -647.618172
-1.630000 -635.298487
-1.620000 -623.058491
-1.610000 -610.901389
-1.600000 -598.830055
-1.590000 -586.847580
-1.580000 -574.956419
-1.570000 -563.159673
-1.560000 -551.459805
-1.550000 -539.859317
-1.540000 -528.360867
-1.530000 -516.966601
-1.520000 -505.678917
-1.510000 -494.500034
-1.500000 -483.432059
-1.490000 -472.477013
-1.480000 -461.636897
-1.470001 -450.913505
-1.460001 -440.308703
-1.450001 -429.824243
-1.440001 -419.461615
-1.430001 -409.222502
-1.420001 -399.108293
-1.410001 -389.120450
-1.400001 -379.260176
-1.390001 -369.528805
-1.380001 -359.927416
-1.370001 -350.457157
-1.360001 -341.118985
-1.350001 -331.913809
-1.340001 -322.842524
-1.330001 -313.905891
-1.320001 -305.104629
-1.310001 -296.439383
-1.300001 -287.910698
-1.290001 -279.519020
-1.280001 -271.264872
-1.270001 -263.148589
-1.260001 -255.170352
-1.250001 -247.330449
-1.240001 -239.629075
-1.230001 -232.066270
-1.220001 -224.642024
-1.210001 -217.356325
-1.200001 -210.209151
-1.190001 -203.200235
-1.180001 -196.329349
-1.170001 -189.596290
-1.160001 -183.000657
-1.150001 -176.542045
-1.140001 -170.220022
-1.130001 -164.034071
-1.120001 -157.983596
-1.110001 -152.068027
-1.100001 -146.286606
-1.090001 -140.638687
-1.080001 -135.123493
-1.070001 -129.740154
-1.060001 -124.487849
-1.050001 -119.365630
-1.040001 -114.372487
-1.030001 -109.507481
-1.020001 -104.769521
-1.010001 -100.157521
-1.000001 -95.670344
-0.990001 -91.306811
-0.980001 -87.065653
-0.970001 -82.945703
-0.960001 -78.945611
-0.950001 -75.064071
-0.940001 -71.299678
-0.930001 -67.651082
-0.920001 -64.116835
-0.910001 -60.695456
-0.900001 -57.385473
-0.890001 -54.185357
-0.880001 -51.093555
-0.870001 -48.108510
-0.860001 -45.228587
-0.850001 -42.452190
-0.840001 -39.777661
-0.830001 -37.203313
-0.820001 -34.727480
-0.810001 -32.348413
-0.800001 -30.064411
-0.790001 -27.873710
-0.780001 -25.774554
-0.770001 -23.765143
-0.760001 -21.843706
-0.750001 -20.008409
-0.740001 -18.257449
-0.730001 -16.588981
-0.720001 -15.001179
-0.710001 -13.492177
-0.700001 -12.060126
-0.690001 -10.703161
-0.680001 -9.419412
-0.670001 -8.207003
-0.660001 -7.064057
-0.650001 -5.988694
-0.640001 -4.979037
-0.630001 -4.033204
-0.620001 -3.149314
-0.610001 -2.325487
-0.600001 -1.559855
-0.590001 -0.850540
-0.580001 -0.195687
-0.570001 0.406573
-0.560001 0.958085
-0.550001 1.460699
-0.540001 1.916246
-0.530001 2.326553
-0.520001 2.693431
-0.510001 3.018685
-0.500001 3.304100
-0.490001 3.551456
-0.480001 3.762510
-0.470001 3.939009
-0.460001 4.082684
-0.450001 4.195241
-0.440001 4.278376
-0.430001 4.333762
-0.420002 4.363055
-0.410002 4.367889
-0.400002 4.349874
-0.390002 4.310599
-0.380002 4.251633
-0.370002 4.174519
-0.360002 4.080774
-0.350002 3.971893
-0.340002 3.849341
-0.330002 3.714560
-0.320002 3.568962
-0.310002 3.413933
-0.300002 3.250829
-0.290002 3.080976
-0.280002 2.905673
-0.270002 2.726184
-0.260002 2.543746
-0.250002 2.359562
-0.240002 2.174803
-0.230002 1.990608
-0.220002 1.808081
-0.210002 1.628294
-0.200002 1.452283
-0.190002 1.281051
-0.180002 1.115563
-0.170002 0.956752
-0.160002 0.805512
-0.150002 0.662701
-0.140002 0.529141
-0.130002 0.405616
-0.120002 0.292873
-0.110002 0.191619
-0.100002 0.102525
-0.090002 0.026223
-0.080002 -0.036694
-0.070002 -0.085672
-0.060002 -0.120197
-0.050002 -0.139793
-0.040002 -0.144026
-0.030002 -0.132499
-0.020002 -0.104858
-0.010002 -0.060787
-0.000002 -0.000011
0.009998 0.077704
0.019998 0.172552
0.029998 0.284686
0.039998 0.414220
0.049998 0.561226
0.059998 0.725735
0.069998 0.907738
0.079998 1.107186
0.089998 1.323987
0.099998 1.558013
0.109998 1.809091
0.119998 2.077010
0.129998 2.361520
0.139998 2.662328
0.149998 2.979103
0.159998 3.311474
0.169998 3.659031
0.179998 4.021324
0.189998 4.397866
0.199998 4.788127
0.209998 5.191543
0.219998 5.607509
0.229998 6.035384
0.239998 6.474489
0.249998 6.924107
0.259998 7.383484
0.269998 7.851831
0.279998 8.328322
0.289998 8.812097
0.299998 9.302258
0.309998 9.797874
0.319998 10.297983
0.329998 10.801581
0.339998 11.307639
0.349998 11.815092
0.359998 12.322840
0.369998 12.829759
0.379998 13.334684
0.389998 13.836430
0.399998 14.333775
0.409998 14.825468
0.419998 15.310233
0.429998 15.786763
0.439998 16.253729
0.449998 16.709769
0.459998 17.153495
0.469998 17.583501
0.479998 17.998351
0.489998 18.396585
0.499998 18.776725
0.509998 19.137265
0.519998 19.476677
0.529998 19.793425
0.539998 20.085932
0.549998 20.352621
0.559998 20.591891
0.569998 20.802121
0.579998 20.981674
0.589998 21.128896
0.599998 21.242125
0.609998 21.319683
0.619998 21.359878
0.629998 21.360999
0.639998 21.321338
0.649998 21.239167
0.659998 21.112751
0.669998 20.940350
0.679998 20.720213
0.689998 20.450580
0.699998 20.129705
0.709998 19.755807
0.719998 19.327129
0.729998 18.841886
0.739998 18.298324
0.749998 17.694665
0.759998 17.029134
0.769998 16.299966
0.779998 15.505407
0.789998 14.643672
0.799998 13.713030
0.809998 12.711710
0.819998 11.637986
0.829998 10.490112
0.839998 9.266371
0.849998 7.965045
0.859998 6.584438
0.869998 5.122851
0.879998 3.578619
0.889998 1.950073
0.899998 0.235560
0.909998 -1.566520
0.919998 -3.457797
0.929998 -5.439850
0.939998 -7.514281
0.949998 -9.682580
0.959998 -11.946329
0.969998 -14.306981
0.979998 -16.766035
0.989998 -19.324948
0.999998 -21.985132
1.009998 -24.747980
1.019998 -27.614871
1.029998 -30.587101
1.039998 -33.666029
1.049998 -36.852887
1.059998 -40.148922
1.069998 -43.555337
1.079998 -47.073272
1.089998 -50.703884
1.099998 -54.448253
1.109998 -58.307427
1.119998 -62.282412
1.129998 -66.374211
1.139998 -70.583682
1.149998 -74.911772
1.159998 -79.359280
1.169998 -83.927028
1.179998 -88.615735
1.189998 -93.426102
1.199998 -98.358779
1.209998 -103.414339
1.219998 -108.593374
1.229998 -113.896377
1.239998 -119.323792
1.249997 -124.875939
1.259997 -130.553234
1.269997 -136.355930
1.279997 -142.284251
1.289997 -148.338305
1.299997 -154.518317
1.309997 -160.824218
1.319997 -167.256025
1.329997 -173.813681
1.339997 -180.497079
1.349997 -187.305932
1.359997 -194.239976
1.369997 -201.299004
1.379997 -208.482504
1.389997 -215.790046
1.399997 -223.221133
1.409997 -230.775111
1.419997 -238.451376
1.429997 -246.249166
1.439997 -254.167647
1.449997 -262.205929
1.459997 -270.363081
1.469997 -278.638131
1.479997 -287.029972
1.489997 -295.537362
1.499997 -304.159109
1.509997 -312.893972
1.519997 -321.740395
1.529997 -330.697079
1.539997 -339.762374
1.549997 -348.934613
1.559997 -358.212205
1.569997 -367.593297
1.579997 -377.076110
1.589997 -386.658542
1.599997 -396.338806
1.609997 -406.114580
1.619997 -415.983825
1.629997 -425.944361
1.639997 -435.993532
1.649997 -446.129297
1.659997 -456.348869
1.669997 -466.649829
1.679997 -477.029405
1.689997 -487.484865
1.699997 -498.013453
1.709997 -508.612146
1.719997 -519.278113
1.729997 -530.007985
1.739997 -540.798762
1.749997 -551.647239
1.759997 -562.550008
1.769997 -573.503637
1.779997 -584.504668
1.789997 -595.549502
1.799997 -606.634393
1.809997 -617.755692
1.819997 -628.909488
1.829997 -640.091962
1.839997 -651.298858
1.849997 -662.526427
1.859997 -673.770187
1.869997 -685.026102
1.879997 -696.289702
1.889997 -707.556609
1.899997 -718.822246
1.909997 -730.082187
1.919997 -741.331518
1.929997 -752.565762
1.939997 -763.779900
1.949997 -774.969122
1.959997 -786.128362
1.969997 -797.252535
1.979997 -808.336475
1.989997 -819.374993
1.999997 -830.362876
2.009997 -841.294564
2.019997 -852.164451
2.029997 -862.967487
2.039997 -873.697601
2.049997 -884.349307
2.059997 -894.916766
2.069997 -905.394179
2.079997 -915.775404
2.089997 -926.054813
2.099997 -936.226173
2.109997 -946.283290
2.119997 -956.220107
2.129997 -966.030185
2.139997 -975.707227
2.149997 -985.244971
2.159997 -994.636777
2.169997 -1003.876251
2.179997 -1012.956726
2.189997 -1021.871477
2.199997 -1030.613816
2.209997 -1039.176895
2.219997 -1047.554098
2.229997 -1055.738071
2.239997 -1063.722178
2.249997 -1071.499530
2.259997 -1079.062800
2.269997 -1086.404709
2.279997 -1093.518670
2.289997 -1100.396926
2.299997 -1107.032047
2.309997 -1113.417287
2.319997 -1119.544843
2.329997 -1125.407240
2.339997 -1130.997397
2.349997 -1136.307568
2.359997 -1141.329974
2.369997 -1146.057572
2.379997 -1150.482077
2.389997 -1154.596365
2.399997 -1158.392342
2.409997 -1161.862552
2.419997 -1164.999093
2.429996 -1167.794274
2.439996 -1170.240138
2.449996 -1172.328625
2.459996 -1174.052279
2.469996 -1175.403141
2.479996 -1176.372859
2.489996 -1176.953899
2.499996 -1177.138245
2.509996 -1176.917801
2.519996 -1176.284529
2.529996 -1175.230804
2.539996 -1173.748140
2.549996 -1171.828612
2.559996 -1169.464284
2.569996 -1166.647012
2.579996 -1163.369043
2.589996 -1159.621970
2.599996 -1155.397784
2.609996 -1150.688852
2.619996 -1145.486665
2.629996 -1139.783473
2.639996 -1133.571400
2.649996 -1126.841994
2.659996 -1119.587300
2.669996 -1111.799937
2.679996 -1103.471295
2.689996 -1094.593906
2.699996 -1085.159448
2.709996 -1075.160580
2.719996 -1064.588841
2.729996 -1053.436731
2.739996 -1041.696370
2.749996 -1029.360107
2.759996 -1016.420042
2.769996 -1002.868684
2.779996 -988.698133
2.789996 -973.900806
2.799996 -958.469495
2.809996 -942.396282
2.819996 -925.673809
2.829996 -908.294907
2.839996 -890.251779
2.849996 -871.537514
2.859996 -852.144667
2.869996 -832.066077
2.879996 -811.294711
2.889996 -789.823588
2.899996 -767.645555
2.909996 -744.753610
2.919996 -721.141219
2.929996 -696.801517
2.939996 -671.727733
2.949996 -645.913429
2.959996 -619.351865
2.969996 -592.036853
2.979996 -563.961888
2.989996 -535.120778
2.999996 -505.507344
