-1.990000 716.029548
-1.980000 715.897146
-1.970000 715.603008
-1.960000 715.147384
-1.950000 714.530806
-1.940000 713.754435
-1.930000 712.818240
-1.920000 711.723616
-1.910000 710.470988
-1.900000 709.061408
-1.890000 707.495876
-1.880000 705.775212
-1.870000 703.900408
-1.860000 701.872978
-1.850000 699.693557
-1.840000 697.363651
-1.830000 694.884584
-1.820000 692.257381
-1.810000 689.483708
-1.800000 686.564689
-1.790000 683.501973
-1.780000 680.297380
-1.770000 676.951941
-1.760000 673.467454
-1.750000 669.845762
-1.740000 666.088155
-1.730000 662.196932
-1.720000 658.173471
-1.710000 654.019799
-1.700000 649.737743
-1.690000 645.329294
-1.680000 640.796241
-1.670000 636.140902
-1.660000 631.365023
-1.650000 626.470757
-1.640000 621.460415
-1.630000 616.335919
-1.620000 611.099715
-1.610000 605.753919
-1.600000 600.300558
-1.590000 594.742365
-1.580000 589.081370
-1.570000 583.320128
-1.560000 577.460853
-1.550000 571.506098
-1.540000 565.458259
-1.530000 559.319882
-1.520000 553.093481
-1.510000 546.781409
-1.500000 540.386352
-1.490000 533.910957
-1.480000 527.357833
-1.470001 520.729489
-1.460001 514.028698
-1.450001 507.257830
-1.440001 500.420059
-1.430001 493.517729
-1.420001 486.553686
-1.410001 479.530610
-1.400001 472.451377
-1.390001 465.318634
-1.380001 458.135043
-1.370001 450.903637
-1.360001 443.627279
-1.350001 436.308422
-1.340001 428.950127
-1.330001 421.555163
-1.320001 414.126424
-1.310001 406.666633
-1.300001 399.178635
-1.290001 391.665513
-1.280001 384.129823
-1.270001 376.574477
-1.260001 369.002384
-1.250001 361.416453
-1.240001 353.819476
-1.230001 346.214182
-1.220001 338.603531
-1.210001 330.990358
-1.200001 323.377440
-1.190001 315.767599
-1.180001 308.163653
-1.170001 300.568523
-1.160001 292.984837
-1.150001 285.415438
-1.140001 277.863156
-1.130001 270.330587
-1.120001 262.820646
-1.110001 255.336009
-1.100001 247.879449
-1.090001 240.453501
-1.080001 233.061013
-1.070001 225.704538
-1.060001 218.386776
-1.050001 211.110296
-1.040001 203.877754
-1.030001 196.691675
-1.020001 189.554617
-1.010001 182.469215
-1.000001 175.437769
-0.990001 168.463015
-0.980001 161.547152
-0.970001 154.692759
-0.960001 147.902130
-0.950001 141.177735
-0.940001 134.521860
-0.930001 127.936761
-0.920001 121.424811
-0.910001 114.988152
-0.900001 108.629040
-0.890001 102.349600
-0.880001 96.152018
-0.870001 90.038395
-0.860001 84.010747
-0.850001 78.071127
-0.840001 72.221501
-0.830001 66.463863
-0.820001 60.800079
-0.810001 55.232041
-0.800001 49.761511
-0.790001 44.390410
-0.780001 39.120350
-0.770001 33.953035
-0.760001 28.890207
-0.750001 23.933398
-0.740001 19.084258
-0.730001 14.344249
-0.720001 9.714830
-0.710001 5.197491
-0.700001 0.793536
-0.690001 -3.495618
-0.680001 -7.668742
-0.670001 -11.724578
-0.660001 -15.661936
-0.650001 -19.479692
-0.640001 -23.176757
-0.630001 -26.752053
-0.620001 -30.204664
-0.610001 -33.533579
-0.600001 -36.737967
-0.590001 -39.816958
-0.580001 -42.769804
-0.570001 -45.595777
-0.560001 -48.294184
-0.550001 -50.864403
-0.540001 -53.305881
-0.530001 -55.618088
-0.520001 -57.800595
-0.510001 -59.852980
-0.500001 -61.774877
-0.490001 -63.566027
-0.480001 -65.226166
-0.470001 -66.755116
-0.460001 -68.152740
-0.450001 -69.418975
-0.440001 -70.553804
-0.430001 -71.557262
-0.420002 -72.429435
-0.410002 -73.170491
-0.400002 -73.780615
-0.390002 -74.260085
-0.380002 -74.609201
-0.370002 -74.828358
-0.360002 -74.917972
-0.350002 -74.878533
-0.340002 -74.710572
-0.330002 -74.414709
-0.320002 -73.991577
-0.310002 -73.441886
-0.300002 -72.766406
-0.290002 -71.965959
-0.280002 -71.041408
-0.270002 -69.993691
-0.260002 -68.823791
-0.250002 -67.532738
-0.240002 -66.121634
-0.230002 -64.591629
-0.220002 -62.943914
-0.210002 -61.179738
-0.200002 -59.300426
-0.190002 -57.307324
-0.180002 -55.201850
-0.170002 -52.985468
-0.160002 -50.659692
-0.150002 -48.226091
-0.140002 -45.686277
-0.130002 -43.041932
-0.120002 -40.294764
-0.110002 -37.446551
-0.100002 -34.499099
-0.090002 -31.454283
-0.080002 -28.314014
-0.070002 -25.080250
-0.060002 -21.755006
-0.050002 -18.340332
-0.040002 -14.838330
-0.030002 -11.251147
-0.020002 -7.580971
-0.010002 -3.830039
-0.000002 -0.000628
0.009998 3.904941
0.019998 7.884308
0.029998 11.935067
0.039998 16.054774
0.049998 20.240945
0.059998 24.491058
0.069998 28.802553
0.079998 33.172829
0.089998 37.599250
0.099998 42.079147
0.109998 46.609812
0.119998 51.188503
0.129998 55.812446
0.139998 60.478840
0.149998 65.184840
0.159998 69.927580
0.169998 74.704159
0.179998 79.511644
0.189998 84.347089
0.199998 89.207497
0.209998 94.089871
0.219998 98.991162
0.229998 103.908330
0.239998 108.838277
0.249998 113.777899
0.259998 118.724076
0.269998 123.673645
0.279998 128.623463
0.289998 133.570337
0.299998 138.511075
0.309998 143.442441
0.319998 148.361219
0.329998 153.264155
0.339998 158.147998
0.349998 163.009488
0.359998 167.845321
0.369998 172.652207
0.379998 177.426867
0.389998 182.165984
0.399998 186.866256
0.409998 191.524353
0.419998 196.136966
0.429998 200.700745
0.439998 205.212403
0.449998 209.668601
0.459998 214.066028
0.469998 218.401320
0.479998 222.671198
0.489998 226.872348
0.499998 231.001447
0.509998 235.055218
0.519998 239.030329
0.529998 242.923522
0.539998 246.731523
0.549998 250.451070
0.559998 254.078929
0.569998 257.611835
0.579998 261.046599
0.589998 264.380004
0.599998 267.608882
0.609998 270.730068
0.619998 273.740418
0.629998 276.636791
0.639998 279.416105
0.649998 282.075323
0.659998 284.611319
0.669998 287.021147
0.679998 289.301773
0.689998 291.450231
0.699998 293.463607
0.709998 295.339016
0.719998 297.073549
0.729998 298.664369
0.739998 300.108737
0.749998 301.403828
0.759998 302.547000
0.769998 303.535441
0.779998 304.366630
0.789998 305.037900
0.799998 305.546712
0.809998 305.890526
0.819998 306.066936
0.829998 306.073450
0.839998 305.907736
0.849998 305.567420
0.859998 305.050291
0.869998 304.354099
0.879998 303.476624
0.889998 302.415813
0.899998 301.169578
0.909998 299.735907
0.919998 298.112848
0.929998 296.298505
0.939998 294.291092
0.949998 292.088783
0.959998 289.689842
0.969998 287.092715
0.979998 284.295742
0.989998 281.297424
0.999998 278.096306
1.009998 274.690997
1.019998 271.080203
1.029998 267.262670
1.039998 263.237165
1.049998 259.002654
1.059998 254.558099
1.069998 249.902428
1.079998 245.034880
1.089998 239.954587
1.099998 234.660806
1.109998 229.152873
1.119998 223.430175
1.129998 217.492394
1.139998 211.338829
1.149998 204.969212
1.159998 198.383472
1.169998 191.581201
1.179998 184.562467
1.189998 177.327082
1.199998 169.875253
1.209998 162.207162
1.219998 154.322819
1.229998 146.222804
1.239998 137.907444
1.249997 129.377241
1.259997 120.632782
1.269997 111.674748
1.279997 102.503877
1.289997 93.121176
1.299997 83.527362
1.309997 73.723712
1.319997 63.711246
1.329997 53.491221
1.339997 43.064930
1.349997 32.433790
1.359997 21.599551
1.369997 10.563372
1.379997 -0.672687
1.389997 -12.106947
1.399997 -23.737515
1.409997 -35.562338
1.419997 -47.579330
1.429997 -59.786363
1.439997 -72.181156
1.449997 -84.761266
1.459997 -97.524214
1.469997 -110.467542
1.479997 -123.588272
1.489997 -136.883990
1.499997 -150.351579
1.509997 -163.988126
1.519997 -177.790557
1.529997 -191.755699
1.539997 -205.880219
1.549997 -220.160866
1.559997 -234.593986
1.569997 -249.176251
1.579997 -263.903685
1.589997 -278.772884
1.599997 -293.779611
1.609997 -308.920081
1.619997 -324.190347
1.629997 -339.585874
1.639997 -355.102702
1.649997 -370.736221
1.659997 -386.482211
1.669997 -402.336050
1.679997 -418.292834
1.689997 -434.348109
1.699997 -450.497020
1.709997 -466.734312
1.719997 -483.055060
1.729997 -499.454358
1.739997 -515.926667
1.749997 -532.466770
1.759997 -549.069237
1.769997 -565.728366
1.779997 -582.439015
1.789997 -599.194876
1.799997 -615.990445
1.809997 -632.819826
1.819997 -649.676973
1.829997 -666.555868
1.839997 -683.450166
1.849997 -700.353672
1.859997 -717.260452
1.869997 -734.163428
1.879997 -751.056375
1.889997 -767.932980
1.899997 -784.786029
1.909997 -801.608809
1.919997 -818.394866
1.929997 -835.136858
1.939997 -851.828053
1.949997 -868.460950
1.959997 -885.028769
1.969997 -901.524307
1.979997 -917.939833
1.989997 -934.268107
1.999997 -950.501922
2.009997 -966.633383
2.019997 -982.654800
2.029997 -998.558476
2.039997 -1014.336802
2.049997 -1029.982207
2.059997 -1045.486076
2.069997 -1060.840707
2.079997 -1076.038330
2.089997 -1091.070889
2.099997 -1105.929637
2.109997 -1120.607035
2.119997 -1135.094218
2.129997 -1149.382899
2.139997 -1163.465249
2.149997 -1177.332244
2.159997 -1190.975533
2.169997 -1204.386709
2.179997 -1217.556810
2.189997 -1230.477532
2.199997 -1243.140021
2.209997 -1255.535576
2.219997 -1267.655065
2.229997 -1279.490287
2.239997 -1291.031836
2.249997 -1302.271230
2.259997 -1313.198809
2.269997 -1323.806396
2.279997 -1334.084828
2.289997 -1344.024364
2.299997 -1353.616898
2.309997 -1362.852457
2.319997 -1371.722504
2.329997 -1380.217395
2.339997 -1388.328536
2.349997 -1396.046422
2.359997 -1403.361713
2.369997 -1410.265403
2.379997 -1416.748123
2.389997 -1422.800666
2.399997 -1428.413979
2.409997 -1433.578340
2.419997 -1438.284687
2.429996 -1442.524104
2.439996 -1446.286556
2.449996 -1449.563600
2.459996 -1452.345374
2.469996 -1454.622656
2.479996 -1456.386531
2.489996 -1457.627484
2.499996 -1458.336170
2.509996 -1458.503701
2.519996 -1458.120614
2.529996 -1457.178043
2.539996 -1455.666295
2.549996 -1453.576548
2.559996 -1450.899852
2.569996 -1447.626748
2.579996 -1443.748350
2.589996 -1439.255793
2.599996 -1434.139736
2.609996 -1428.391391
2.619996 -1422.001999
2.629996 -1414.962358
2.639996 -1407.264035
2.649996 -1398.898156
2.659996 -1389.855677
2.669996 -1380.128075
2.679996 -1369.707086
2.689996 -1358.583621
2.699996 -1346.749634
2.709996 -1334.196386
2.719996 -1320.915328
2.729996 -1306.898479
2.739996 -1292.137519
2.749996 -1276.624205
2.759996 -1260.350556
2.769996 -1243.308748
2.779996 -1225.490233
2.789996 -1206.887536
2.799996 -1187.492815
2.809996 -1167.298322
2.819996 -1146.296560
2.829996 -1124.480112
2.839996 -1101.841353
2.849996 -1078.373059
2.859996 -1054.068095
2.869996 -1028.919156
2.879996 -1002.919314
2.889996 -976.061619
2.899996 -948.339352
2.909996 -919.745892
2.919996 -890.274509
2.929996 -859.918715
2.939996 -828.672296
2.949996 -796.529091
2.959996 -763.483008
2.969996 -729.527784
2.979996 -694.657825
2.989996 -658.867615
2.999996 -622.151033
