-1.990000 1599.836137
-1.980000 1589.216878
-1.970000 1578.478567
-1.960000 1567.626333
-1.950000 1556.665998
-1.940000 1545.603293
-1.930000 1534.443748
-1.920000 1523.192685
-1.910000 1511.855678
-1.900000 1500.437406
-1.890000 1488.943604
-1.880000 1477.378994
-1.870000 1465.748667
-1.860000 1454.057156
-1.850000 1442.309835
-1.840000 1430.511168
-1.830000 1418.665525
-1.820000 1406.777299
-1.810000 1394.851264
-1.800000 1382.891748
-1.790000 1370.902510
-1.780000 1358.888050
-1.770000 1346.852297
-1.760000 1334.799452
-1.750000 1322.732901
-1.740000 1310.656541
-1.730000 1298.574297
-1.720000 1286.489523
-1.710000 1274.405601
-1.700000 1262.326188
-1.690000 1250.254488
-1.680000 1238.193737
-1.670000 1226.146961
-1.660000 1214.117219
-1.650000 1202.107605
-1.640000 1190.121003
-1.630000 1178.159847
-1.620000 1166.227216
-1.610000 1154.325614
-1.600000 1142.457585
-1.590000 1130.625345
-1.580000 1118.831514
-1.570000 1107.078263
-1.560000 1095.367804
-1.550000 1083.702269
-1.540000 1072.083587
-1.530000 1060.513852
-1.520000 1048.994834
-1.510000 1037.528472
-1.500000 1026.116260
-1.490000 1014.759983
-1.480000 1003.461352
-1.470001 992.221515
-1.460001 981.042155
-1.450001 969.924643
-1.440001 958.870032
-1.430001 947.879913
-1.420001 936.954961
-1.410001 926.096387
-1.400001 915.305456
-1.390001 904.583002
-1.380001 893.929680
-1.370001 883.346555
-1.360001 872.834156
-1.350001 862.393424
-1.340001 852.024765
-1.330001 841.728763
-1.320001 831.506063
-1.310001 821.357015
-1.300001 811.282150
-1.290001 801.281474
-1.280001 791.355645
-1.270001 781.504798
-1.260001 771.728902
-1.250001 762.028343
-1.240001 752.403108
-1.230001 742.853369
-1.220001 733.378906
-1.210001 723.979799
-1.200001 714.655858
-1.190001 705.407076
-1.180001 696.233179
-1.170001 687.134023
-1.160001 678.109202
-1.150001 669.158607
-1.140001 660.281872
-1.130001 651.478539
-1.120001 642.748340
-1.110001 634.090700
-1.100001 625.505234
-1.090001 616.991470
-1.080001 608.548911
-1.070001 600.176979
-1.060001 591.875176
-1.050001 583.642770
-1.040001 575.479218
-1.030001 567.383956
-1.020001 559.356293
-1.010001 551.395573
-1.000001 543.501018
-0.990001 535.671942
-0.980001 527.907742
-0.970001 520.207598
-0.960001 512.570780
-0.950001 504.996499
-0.940001 497.484055
-0.930001 490.032639
-0.920001 482.641438
-0.910001 475.309681
-0.900001 468.036688
-0.890001 460.821490
-0.880001 453.663401
-0.870001 446.561640
-0.860001 439.515332
-0.850001 432.523698
-0.840001 425.586053
-0.830001 418.701534
-0.820001 411.869284
-0.810001 405.088631
-0.800001 398.358823
-0.790001 391.679027
-0.780001 385.048596
-0.770001 378.466677
-0.760001 371.932601
-0.750001 365.445629
-0.740001 359.005119
-0.730001 352.610402
-0.720001 346.260743
-0.710001 339.955510
-0.700001 333.694086
-0.690001 327.475876
-0.680001 321.300303
-0.670001 315.166755
-0.660001 309.074757
-0.650001 303.023707
-0.640001 297.013177
-0.630001 291.042653
-0.620001 285.111720
-0.610001 279.219955
-0.600001 273.366980
-0.590001 267.552394
-0.580001 261.775912
-0.570001 256.037211
-0.560001 250.336050
-0.550001 244.672154
-0.540001 239.045345
-0.530001 233.455448
-0.520001 227.902337
-0.510001 222.385905
-0.500001 216.906081
-0.490001 211.462830
-0.480001 206.056171
-0.470001 200.686171
-0.460001 195.352866
-0.450001 190.056414
-0.440001 184.796971
-0.430001 179.574732
-0.420002 174.389933
-0.410002 169.242863
-0.400002 164.133840
-0.390002 159.063245
-0.380002 154.031456
-0.370002 149.038928
-0.360002 144.086157
-0.350002 139.173682
-0.340002 134.302075
-0.330002 129.471941
-0.320002 124.683957
-0.310002 119.938827
-0.300002 115.237296
-0.290002 110.580166
-0.280002 105.968270
-0.270002 101.402490
-0.260002 96.883758
-0.250002 92.413042
-0.240002 87.991360
-0.230002 83.619774
-0.220002 79.299389
-0.210002 75.031359
-0.200002 70.816884
-0.190002 66.657198
-0.180002 62.553580
-0.170002 58.507361
-0.160002 54.519920
-0.150002 50.592668
-0.140002 46.727066
-0.130002 42.924612
-0.120002 39.186864
-0.110002 35.515399
-0.100002 31.911852
-0.090002 28.377898
-0.080002 24.915252
-0.070002 21.525670
-0.060002 18.210949
-0.050002 14.972930
-0.040002 11.813488
-0.030002 8.734544
-0.020002 5.738053
-0.010002 2.826011
-0.000002 0.000452
0.009998 -2.736553
0.019998 -5.382897
0.029998 -7.936436
0.039998 -10.394991
0.049998 -12.756347
0.059998 -15.018259
0.069998 -17.178442
0.079998 -19.234587
0.089998 -21.184345
0.099998 -23.025342
0.109998 -24.755170
0.119998 -26.371395
0.129998 -27.871552
0.139998 -29.253153
0.149998 -30.513675
0.159998 -31.650580
0.169998 -32.661297
0.179998 -33.543235
0.189998 -34.293780
0.199998 -34.910292
0.209998 -35.390122
0.219998 -35.730597
0.229998 -35.929012
0.239998 -35.982662
0.249998 -35.888822
0.259998 -35.644749
0.269998 -35.247687
0.279998 -34.694867
0.289998 -33.983512
0.299998 -33.110832
0.309998 -32.074022
0.319998 -30.870290
0.329998 -29.496807
0.339998 -27.950764
0.349998 -26.229354
0.359998 -24.329728
0.369998 -22.249074
0.379998 -19.984579
0.389998 -17.533403
0.399998 -14.892743
0.409998 -12.059776
0.419998 -9.031682
0.429998 -5.805687
0.439998 -2.379002
0.449998 1.251198
0.459998 5.087637
0.469998 9.133087
0.479998 13.390296
0.489998 17.861964
0.499998 22.550819
0.509998 27.459569
0.519998 32.590825
0.529998 37.947266
0.539998 43.531518
0.549998 49.346149
0.559998 55.393716
0.569998 61.676810
0.579998 68.197896
0.589998 74.959438
0.599998 81.963915
0.609998 89.213708
0.619998 96.711190
0.629998 104.458662
0.639998 112.458457
0.649998 120.712810
0.659998 129.223914
0.669998 137.993954
0.679998 147.024993
0.689998 156.319099
0.699998 165.878371
0.709998 175.704661
0.719998 185.799942
0.729998 196.166056
0.739998 206.804786
0.749998 217.717813
0.759998 228.906884
0.769998 240.373644
0.779998 252.119589
0.789998 264.146193
0.799998 276.454903
0.809998 289.047058
0.819998 301.923925
0.829998 315.086834
0.839998 328.536727
0.849998 342.274786
0.859998 356.301937
0.869998 370.619162
0.879998 385.227181
0.889998 400.126842
0.899998 415.318696
0.909998 430.803474
0.919998 446.581458
0.929998 462.653329
0.939998 479.019093
0.949998 495.679252
0.959998 512.633724
0.969998 529.882631
0.979998 547.425897
0.989998 565.263453
0.999998 583.394930
1.009998 601.820059
1.019998 620.538267
1.029998 639.549084
1.039998 658.851831
1.049998 678.445726
1.059998 698.329984
1.069998 718.503501
1.079998 738.965274
1.089998 759.713977
1.099998 780.748493
1.109998 802.067161
1.119998 823.668528
1.129998 845.551137
1.139998 867.712975
1.149998 890.152129
1.159998 912.866676
1.169998 935.854463
1.179998 959.113215
1.189998 982.640645
1.199998 1006.434004
1.209998 1030.490983
1.219998 1054.808579
1.229998 1079.384004
1.239998 1104.214112
1.249997 1129.296086
1.259997 1154.626407
1.269997 1180.201534
1.279997 1206.018262
1.289997 1232.072786
1.299997 1258.361167
1.309997 1284.879567
1.319997 1311.624009
1.329997 1338.590031
1.339997 1365.773501
1.349997 1393.170038
1.359997 1420.774642
1.369997 1448.583009
1.379997 1476.589742
1.389997 1504.790259
1.399997 1533.179120
1.409997 1561.750982
1.419997 1590.500362
1.429997 1619.421995
1.439997 1648.509752
1.449997 1677.757842
1.459997 1707.160089
1.469997 1736.710660
1.479997 1766.403336
1.489997 1796.230780
1.499997 1826.187214
1.509997 1856.265499
1.519997 1886.459327
1.529997 1916.760783
1.539997 1947.163024
1.549997 1977.659066
1.559997 2008.241047
1.569997 2038.901204
1.579997 2069.632364
1.589997 2100.425988
1.599997 2131.274614
1.609997 2162.169171
1.619997 2193.102398
1.629997 2224.065182
1.639997 2255.049001
1.649997 2286.045187
1.659997 2317.044447
1.669997 2348.038076
1.679997 2379.016981
1.689997 2409.971447
1.699997 2440.892345
1.709997 2471.769923
1.719997 2502.594533
1.729997 2533.355904
1.739997 2564.044596
1.749997 2594.650065
1.759997 2625.161877
1.769997 2655.570181
1.779997 2685.864033
1.789997 2716.032597
1.799997 2746.064907
1.809997 2775.950581
1.819997 2805.678154
1.829997 2835.236508
1.839997 2864.614398
1.849997 2893.800217
1.859997 2922.782236
1.869997 2951.549069
1.879997 2980.088508
1.889997 3008.388924
1.899997 3036.437871
1.909997 3064.223711
1.919997 3091.733538
1.929997 3118.955480
1.939997 3145.876405
1.949997 3172.483989
1.959997 3198.765340
1.969997 3224.707910
1.979997 3250.298591
1.989997 3275.523730
1.999997 3300.370911
2.009997 3324.826978
2.019997 3348.877681
2.029997 3372.510123
2.039997 3395.710607
2.049997 3418.465127
2.059997 3440.760676
2.069997 3462.582639
2.079997 3483.918039
2.089997 3504.751675
2.099997 3525.070399
2.109997 3544.859707
2.119997 3564.105023
2.129997 3582.792950
2.139997 3600.907939
2.149997 3618.436444
2.159997 3635.363206
2.169997 3651.674534
2.179997 3667.355050
2.189997 3682.390131
2.199997 3696.765493
2.209997 3710.465608
2.219997 3723.476084
2.229997 3735.782084
2.239997 3747.367571
2.249997 3758.219164
2.259997 3768.321503
2.269997 3777.658085
2.279997 3786.215381
2.289997 3793.977578
2.299997 3800.929586
2.309997 3807.055929
2.319997 3812.341835
2.329997 3816.771789
2.339997 3820.330976
2.349997 3823.003510
2.359997 3824.774898
2.369997 3825.628909
2.379997 3825.551037
2.389997 3824.525745
2.399997 3822.538171
2.409997 3819.571818
2.419997 3815.612511
2.429996 3810.645408
2.439996 3804.654407
2.449996 3797.625028
2.459996 3789.541249
2.469996 3780.388635
2.479996 3770.151855
2.489996 3758.815627
2.499996 3746.365598
2.509996 3732.786274
2.519996 3718.063091
2.529996 3702.180955
2.539996 3685.124569
2.549996 3666.880354
2.559996 3647.432585
2.569996 3626.767249
2.579996 3604.869589
2.589996 3581.724938
2.599996 3557.319474
2.609996 3531.638187
2.619996 3504.667172
2.629996 3476.392597
2.639996 3446.800233
2.649996 3415.875967
2.659996 3383.606251
2.669996 3349.976740
2.679996 3314.974770
2.689996 3278.586439
2.699996 3240.797790
2.709996 3201.596263
2.719996 3160.968969
2.729996 3118.902544
2.739996 3075.383791
2.749996 3030.400059
2.759996 2983.939202
2.769996 2935.989181
2.779996 2886.536514
2.789996 2835.570524
2.799996 2783.078091
2.809996 2729.047813
2.819996 2673.467955
2.829996 2616.327271
2.839996 2557.614379
2.849996 2497.318372
2.859996 2435.428509
2.869996 2371.933430
2.879996 2306.823321
2.889996 2240.087254
2.899996 2171.715762
2.909996 2101.698141
2.919996 2030.025529
2.929996 1956.688116
2.939996 1881.676367
2.949996 1804.981765
2.959996 1726.594863
2.969996 1646.507578
2.979996 1564.711645
2.989996 1481.198578
2.999996 1395.960912
