-1.990000 -185.943857
-1.980000 -182.506778
-1.970000 -179.075210
-1.960000 -175.651057
-1.950000 -172.235912
-1.940000 -168.831448
-1.930000 -165.439192
-1.920000 -162.060809
-1.910000 -158.697763
-1.900000 -155.351768
-1.890000 -152.024050
-1.880000 -148.716258
-1.870000 -145.429724
-1.860000 -142.165742
-1.850000 -138.925867
-1.840000 -135.711240
-1.830000 -132.523321
-1.820000 -129.363183
-1.810000 -126.232160
-1.800000 -123.131285
-1.790000 -120.061916
-1.780000 -117.025078
-1.770000 -114.021822
-1.760000 -111.053165
-1.750000 -108.120151
-1.740000 -105.223848
-1.730000 -102.365174
-1.720000 -99.544948
-1.710000 -96.764140
-1.700000 -94.023503
-1.690000 -91.323937
-1.680000 -88.666221
-1.670000 -86.051036
-1.660000 -83.479091
-1.650000 -80.951154
-1.640000 -78.467777
-1.630000 -76.029629
-1.620000 -73.637257
-1.610000 -71.291203
-1.600000 -68.991977
-1.590000 -66.740087
-1.580000 -64.535947
-1.570000 -62.379939
-1.560000 -60.272565
-1.550000 -58.214018
-1.540000 -56.204737
-1.530000 -54.244974
-1.520000 -52.334891
-1.510000 -50.474889
-1.500000 -48.665005
-1.490000 -46.905398
-1.480000 -45.196286
-1.470001 -43.537765
-1.460001 -41.929810
-1.450001 -40.372547
-1.440001 -38.865923
-1.430001 -37.409974
-1.420001 -36.004586
-1.410001 -34.649693
-1.400001 -33.345228
-1.390001 -32.091006
-1.380001 -30.886845
-1.370001 -29.732624
-1.360001 -28.628103
-1.350001 -27.572928
-1.340001 -26.566955
-1.330001 -25.609790
-1.320001 -24.701160
-1.310001 -23.840709
-1.300001 -23.027995
-1.290001 -22.262668
-1.280001 -21.544281
-1.270001 -20.872360
-1.260001 -20.246438
-1.250001 -19.665994
-1.240001 -19.130556
-1.230001 -18.639513
-1.220001 -18.192261
-1.210001 -17.788316
-1.200001 -17.426972
-1.190001 -17.107572
-1.180001 -16.829525
-1.170001 -16.592104
-1.160001 -16.394590
-1.150001 -16.236315
-1.140001 -16.116452
-1.130001 -16.034347
-1.120001 -15.989164
-1.110001 -15.980047
-1.100001 -16.006274
-1.090001 -16.066968
-1.080001 -16.161249
-1.070001 -16.288316
-1.060001 -16.447229
-1.050001 -16.637087
-1.040001 -16.857027
-1.030001 -17.106052
-1.020001 -17.383281
-1.010001 -17.687717
-1.000001 -18.018373
-0.990001 -18.374315
-0.980001 -18.754507
-0.970001 -19.157938
-0.960001 -19.583625
-0.950001 -20.030470
-0.940001 -20.497507
-0.930001 -20.983644
-0.920001 -21.487792
-0.910001 -22.008940
-0.900001 -22.545971
-0.890001 -23.097771
-0.880001 -23.663302
-0.870001 -24.241435
-0.860001 -24.831023
-0.850001 -25.431008
-0.840001 -26.040219
-0.830001 -26.657562
-0.820001 -27.281900
-0.810001 -27.912075
-0.800001 -28.546953
-0.790001 -29.185390
-0.780001 -29.826257
-0.770001 -30.468360
-0.760001 -31.110577
-0.750001 -31.751753
-0.740001 -32.390730
-0.730001 -33.026342
-0.720001 -33.657431
-0.710001 -34.282839
-0.700001 -34.901451
-0.690001 -35.512051
-0.680001 -36.113525
-0.670001 -36.704703
-0.660001 -37.284463
-0.650001 -37.851631
-0.640001 -38.405076
-0.630001 -38.943666
-0.620001 -39.466258
-0.610001 -39.971733
-0.600001 -40.458949
-0.590001 -40.926813
-0.580001 -41.374195
-0.570001 -41.799999
-0.560001 -42.203118
-0.550001 -42.582476
-0.540001 -42.936974
-0.530001 -43.265545
-0.520001 -43.567130
-0.510001 -43.840664
-0.500001 -44.085092
-0.490001 -44.299390
-0.480001 -44.482531
-0.470001 -44.633490
-0.460001 -44.751262
-0.450001 -44.834852
-0.440001 -44.883295
-0.430001 -44.895598
-0.420002 -44.870818
-0.410002 -44.808006
-0.400002 -44.706232
-0.390002 -44.564580
-0.380002 -44.382145
-0.370002 -44.158042
-0.360002 -43.891388
-0.350002 -43.581337
-0.340002 -43.227038
-0.330002 -42.827665
-0.320002 -42.382404
-0.310002 -41.890465
-0.300002 -41.351063
-0.290002 -40.763442
-0.280002 -40.126853
-0.270002 -39.440574
-0.260002 -38.703900
-0.250002 -37.916131
-0.240002 -37.076603
-0.230002 -36.184654
-0.220002 -35.239663
-0.210002 -34.240999
-0.200002 -33.188081
-0.190002 -32.080323
-0.180002 -30.917176
-0.170002 -29.698103
-0.160002 -28.422587
-0.150002 -27.090133
-0.140002 -25.700272
-0.130002 -24.252548
-0.120002 -22.746532
-0.110002 -21.181814
-0.100002 -19.558004
-0.090002 -17.874738
-0.080002 -16.131670
-0.070002 -14.328479
-0.060002 -12.464864
-0.050002 -10.540551
-0.040002 -8.555282
-0.030002 -6.508827
-0.020002 -4.400976
-0.010002 -2.231544
-0.000002 -0.000367
0.009998 2.292693
0.019998 4.647753
0.029998 7.064907
0.039998 9.544222
0.049998 12.085746
0.059998 14.689500
0.069998 17.355483
0.079998 20.083669
0.089998 22.874011
0.099998 25.726433
0.109998 28.640840
0.119998 31.617113
0.129998 34.655105
0.139998 37.754648
0.149998 40.915548
0.159998 44.137592
0.169998 47.420536
0.179998 50.764120
0.189998 54.168056
0.199998 57.632026
0.209998 61.155694
0.219998 64.738706
0.229998 68.380680
0.239998 72.081201
0.249998 75.839845
0.259998 79.656147
0.269998 83.529648
0.279998 87.459833
0.289998 91.446185
0.299998 95.488166
0.309998 99.585179
0.319998 103.736659
0.329998 107.941981
0.339998 112.200506
0.349998 116.511574
0.359998 120.874501
0.369998 125.288584
0.379998 129.753093
0.389998 134.267281
0.399998 138.830389
0.409998 143.441613
0.419998 148.100139
0.429998 152.805134
0.439998 157.555768
0.449998 162.351127
0.459998 167.190327
0.469998 172.072479
0.479998 176.996621
0.489998 181.961796
0.499998 186.967042
0.509998 192.011377
0.519998 197.093751
0.529998 202.213157
0.539998 207.368545
0.549998 212.558815
0.559998 217.782944
0.569998 223.039780
0.579998 228.328219
0.589998 233.647104
0.599998 238.995297
0.609998 244.371646
0.619998 249.774945
0.629998 255.203974
0.639998 260.657532
0.649998 266.134404
0.659998 271.633325
0.669998 277.153031
0.679998 282.692247
0.689998 288.249701
0.699998 293.824071
0.709998 299.414042
0.719998 305.018283
0.729998 310.635474
0.739998 316.264243
0.749998 321.903246
0.759998 327.551086
0.769998 333.206401
0.779998 338.867771
0.789998 344.533769
0.799998 350.203090
0.809998 355.874199
0.819998 361.545685
0.829998 367.216131
0.839998 372.884108
0.849998 378.548141
0.859998 384.206695
0.869998 389.858416
0.879998 395.501760
0.889998 401.135316
0.899998 406.757527
0.909998 412.366877
0.919998 417.961991
0.929998 423.541249
0.939998 429.103221
0.949998 434.646377
0.959998 440.169183
0.969998 445.670205
0.979998 451.147856
0.989998 456.600648
0.999998 462.027143
1.009998 467.425701
1.019998 472.794884
1.029998 478.133155
1.039998 483.439027
1.049998 488.710965
1.059998 493.947488
1.069998 499.147063
1.079998 504.308215
1.089998 509.429420
1.099998 514.509209
1.109998 519.546120
1.119998 524.538587
1.129998 529.485157
1.139998 534.384439
1.149998 539.234884
1.159998 544.035059
1.169998 548.783539
1.179998 553.478795
1.189998 558.119476
1.199998 562.704124
1.209998 567.231292
1.219998 571.699659
1.229998 576.107738
1.239998 580.454113
1.249997 584.737609
1.259997 588.956601
1.269997 593.109939
1.279997 597.196135
1.289997 601.213951
1.299997 605.162102
1.309997 609.039198
1.319997 612.843984
1.329997 616.575218
1.339997 620.231674
1.349997 623.811964
1.359997 627.315071
1.369997 630.739641
1.379997 634.084512
1.389997 637.348601
1.399997 640.530604
1.409997 643.629535
1.419997 646.644187
1.429997 649.573430
1.439997 652.416337
1.449997 655.171759
1.459997 657.838566
1.469997 660.415894
1.479997 662.902656
1.489997 665.297907
1.499997 667.600726
1.509997 669.810092
1.519997 671.925190
1.529997 673.945167
1.539997 675.869072
1.549997 677.696099
1.559997 679.425407
1.569997 681.056301
1.579997 682.587989
1.589997 684.019643
1.599997 685.350706
1.609997 686.580403
1.619997 687.708045
1.629997 688.733094
1.639997 689.654854
1.649997 690.472843
1.659997 691.186479
1.669997 691.795154
1.679997 692.298527
1.689997 692.695984
1.699997 692.987243
1.709997 693.171868
1.719997 693.249395
1.729997 693.219568
1.739997 693.081983
1.749997 692.836446
1.759997 692.482673
1.769997 692.020470
1.779997 691.449615
1.789997 690.769919
1.799997 689.981222
1.809997 689.083577
1.819997 688.076828
1.829997 686.960914
1.839997 685.735921
1.849997 684.401794
1.859997 682.958626
1.869997 681.406603
1.879997 679.745709
1.889997 677.976195
1.899997 676.098230
1.909997 674.112016
1.919997 672.017903
1.929997 669.816160
1.939997 667.507148
1.949997 665.091147
1.959997 662.568529
1.969997 659.939926
1.979997 657.205609
1.989997 654.366220
1.999997 651.422158
2.009997 648.374096
2.019997 645.222628
2.029997 641.968442
2.039997 638.612076
2.049997 635.154322
2.059997 631.595950
2.069997 627.937765
2.079997 624.180447
2.089997 620.325029
2.099997 616.372101
2.109997 612.322925
2.119997 608.178266
2.129997 603.939136
2.139997 599.606580
2.149997 595.181677
2.159997 590.665387
2.169997 586.058909
2.179997 581.363475
2.189997 576.580198
2.199997 571.710277
2.209997 566.754995
2.219997 561.715714
2.229997 556.593638
2.239997 551.390243
2.249997 546.106848
2.259997 540.744898
2.269997 535.305779
2.279997 529.791142
2.289997 524.202343
2.299997 518.541051
2.309997 512.808734
2.319997 507.007122
2.329997 501.137793
2.339997 495.202448
2.349997 489.202859
2.359997 483.140614
2.369997 477.017676
2.379997 470.835566
2.389997 464.596391
2.399997 458.301902
2.409997 451.953965
2.419997 445.554600
2.429996 439.105607
2.439996 432.609021
2.449996 426.066901
2.459996 419.481214
2.469996 412.853997
2.479996 406.187311
2.489996 399.483361
2.499996 392.744257
2.509996 385.972104
2.519996 379.169139
2.529996 372.337518
2.539996 365.479490
2.549996 358.597398
2.559996 351.693366
2.569996 344.769816
2.579996 337.829021
2.589996 330.873344
2.599996 323.905169
2.609996 316.926837
2.619996 309.940804
2.629996 302.949482
2.639996 295.955336
2.649996 288.960787
2.659996 281.968394
2.669996 274.980560
2.679996 267.999905
2.689996 261.028923
2.699996 254.070129
2.709996 247.126184
2.719996 240.199631
2.729996 233.293055
2.739996 226.409082
2.749996 219.550278
2.759996 212.719341
2.769996 205.918954
2.779996 199.151723
2.789996 192.420352
2.799996 185.727451
2.809996 179.075826
2.819996 172.468087
2.829996 165.907030
2.839996 159.395305
2.849996 152.935645
2.859996 146.530756
2.869996 140.183433
2.879996 133.896392
2.889996 127.672385
2.899996 121.514136
2.909996 115.424463
2.919996 109.405985
2.929996 103.461602
2.939996 97.593995
2.949996 91.805916
2.959996 86.100161
2.969996 80.479445
2.979996 74.946525
2.989996 69.504168
2.999996 64.155149
