-1.990000 -1993.351604
-1.980000 -1974.146156
-1.970000 -1954.775645
-1.960000 -1935.249503
-1.950000 -1915.577719
-1.940000 -1895.769826
-1.930000 -1875.835123
-1.920000 -1855.782783
-1.910000 -1835.622084
-1.900000 -1815.362184
-1.890000 -1795.012345
-1.880000 -1774.580895
-1.870000 -1754.076848
-1.860000 -1733.508386
-1.850000 -1712.884268
-1.840000 -1692.212536
-1.830000 -1671.501923
-1.820000 -1650.759858
-1.810000 -1629.994577
-1.800000 -1609.213595
-1.790000 -1588.424648
-1.780000 -1567.635578
-1.770000 -1546.853619
-1.760000 -1526.085506
-1.750000 -1505.338800
-1.740000 -1484.620447
-1.730000 -1463.937497
-1.720000 -1443.296265
-1.710000 -1422.703408
-1.700000 -1402.165448
-1.690000 -1381.688650
-1.680000 -1361.279143
-1.670000 -1340.943160
-1.660000 -1320.686069
-1.650000 -1300.514195
-1.640000 -1280.432753
-1.630000 -1260.447430
-1.620000 -1240.563409
-1.610000 -1220.786104
-1.600000 -1201.120183
-1.590000 -1181.571028
-1.580000 -1162.143034
-1.570000 -1142.841313
-1.560000 -1123.669866
-1.550000 -1104.633411
-1.540000 -1085.736046
-1.530000 -1066.981976
-1.520000 -1048.375151
-1.510000 -1029.919387
-1.500000 -1011.618245
-1.490000 -993.475762
-1.480000 -975.494872
-1.470001 -957.679226
-1.460001 -940.031859
-1.450001 -922.555919
-1.440001 -905.254304
-1.430001 -888.129781
-1.420001 -871.184873
-1.410001 -854.422454
-1.400001 -837.844672
-1.390001 -821.453910
-1.380001 -805.252307
-1.370001 -789.241997
-1.360001 -773.424752
-1.350001 -757.802464
-1.340001 -742.376783
-1.330001 -727.149240
-1.320001 -712.121485
-1.310001 -697.294575
-1.300001 -682.669809
-1.290001 -668.248250
-1.280001 -654.031025
-1.270001 -640.018795
-1.260001 -626.212402
-1.250001 -612.612463
-1.240001 -599.219601
-1.230001 -586.034213
-1.220001 -573.056478
-1.210001 -560.286698
-1.200001 -547.725128
-1.190001 -535.371578
-1.180001 -523.226043
-1.170001 -511.288190
-1.160001 -499.558041
-1.150001 -488.034955
-1.140001 -476.718481
-1.130001 -465.608071
-1.120001 -454.703141
-1.110001 -444.002765
-1.100001 -433.506263
-1.090001 -423.212533
-1.080001 -413.120610
-1.070001 -403.229495
-1.060001 -393.537811
-1.050001 -384.044447
-1.040001 -374.747947
-1.030001 -365.646934
-1.020001 -356.739904
-1.010001 -348.025249
-1.000001 -339.501343
-0.990001 -331.166382
-0.980001 -323.018701
-0.970001 -315.056333
-0.960001 -307.277351
-0.950001 -299.679759
-0.940001 -292.261575
-0.930001 -285.020629
-0.920001 -277.954696
-0.910001 -271.061612
-0.900001 -264.339059
-0.890001 -257.784643
-0.880001 -251.396013
-0.870001 -245.170719
-0.860001 -239.106236
-0.850001 -233.200019
-0.840001 -227.449476
-0.830001 -221.851992
-0.820001 -216.404845
-0.810001 -211.105360
-0.800001 -205.950737
-0.790001 -200.938225
-0.780001 -196.064952
-0.770001 -191.328077
-0.760001 -186.724708
-0.750001 -182.251899
-0.740001 -177.906721
-0.730001 -173.686175
-0.720001 -169.587261
-0.710001 -165.606993
-0.700001 -161.742267
-0.690001 -157.990058
-0.680001 -154.347263
-0.670001 -150.810776
-0.660001 -147.377504
-0.650001 -144.044314
-0.640001 -140.808070
-0.630001 -137.665620
-0.620001 -134.613814
-0.610001 -131.649503
-0.600001 -128.769528
-0.590001 -125.970717
-0.580001 -123.249898
-0.570001 -120.603919
-0.560001 -118.029627
-0.550001 -115.523852
-0.540001 -113.083445
-0.530001 -110.705263
-0.520001 -108.386182
-0.510001 -106.123073
-0.500001 -103.912831
-0.490001 -101.752341
-0.480001 -99.638534
-0.470001 -97.568347
-0.460001 -95.538734
-0.450001 -93.546661
-0.440001 -91.589123
-0.430001 -89.663137
-0.420002 -87.765744
-0.410002 -85.894011
-0.400002 -84.045030
-0.390002 -82.215918
-0.380002 -80.403826
-0.370002 -78.605940
-0.360002 -76.819463
-0.350002 -75.041653
-0.340002 -73.269787
-0.330002 -71.501176
-0.320002 -69.733181
-0.310002 -67.963194
-0.300002 -66.188639
-0.290002 -64.406998
-0.280002 -62.615785
-0.270002 -60.812550
-0.260002 -58.994898
-0.250002 -57.160473
-0.240002 -55.306972
-0.230002 -53.432130
-0.220002 -51.533737
-0.210002 -49.609628
-0.200002 -47.657695
-0.190002 -45.675870
-0.180002 -43.662147
-0.170002 -41.614564
-0.160002 -39.531225
-0.150002 -37.410272
-0.140002 -35.249918
-0.130002 -33.048420
-0.120002 -30.804099
-0.110002 -28.515332
-0.100002 -26.180552
-0.090002 -23.798254
-0.080002 -21.366988
-0.070002 -18.885367
-0.060002 -16.352066
-0.050002 -13.765819
-0.040002 -11.125423
-0.030002 -8.429737
-0.020002 -5.677682
-0.010002 -2.868244
-0.000002 -0.000471
0.009998 2.926525
0.019998 5.913567
0.029998 8.961412
0.039998 12.070754
0.049998 15.242221
0.059998 18.476373
0.069998 21.773708
0.079998 25.134659
0.089998 28.559587
0.099998 32.048791
0.109998 35.602503
0.119998 39.220887
0.129998 42.904038
0.139998 46.651998
0.149998 50.464723
0.159998 54.342115
0.169998 58.284007
0.179998 62.290161
0.189998 66.360280
0.199998 70.493987
0.209998 74.690867
0.219998 78.950410
0.229998 83.272044
0.239998 87.655156
0.249998 92.099042
0.259998 96.602940
0.269998 101.166031
0.279998 105.787428
0.289998 110.466172
0.299998 115.201266
0.309998 119.991606
0.319998 124.836081
0.329998 129.733472
0.339998 134.682517
0.349998 139.681912
0.359998 144.730245
0.369998 149.826094
0.379998 154.967937
0.389998 160.154236
0.399998 165.383376
0.409998 170.653659
0.419998 175.963367
0.429998 181.310717
0.439998 186.693868
0.449998 192.110927
0.459998 197.559937
0.469998 203.038912
0.479998 208.545804
0.489998 214.078500
0.499998 219.634865
0.509998 225.212686
0.519998 230.809740
0.529998 236.423702
0.539998 242.052253
0.549998 247.693029
0.559998 253.343590
0.569998 259.001472
0.579998 264.664169
0.589998 270.329118
0.599998 275.993752
0.609998 281.655447
0.619998 287.311546
0.629998 292.959338
0.639998 298.596112
0.649998 304.219109
0.659998 309.825500
0.669998 315.412519
0.679998 320.977260
0.689998 326.516882
0.699998 332.028442
0.709998 337.509030
0.719998 342.955715
0.729998 348.365501
0.739998 353.735373
0.749998 359.062337
0.759998 364.343382
0.769998 369.575396
0.779998 374.755379
0.789998 379.880232
0.799998 384.946803
0.809998 389.952099
0.819998 394.892903
0.829998 399.766165
0.839998 404.568786
0.849998 409.297526
0.859998 413.949371
0.869998 418.521120
0.879998 423.009713
0.889998 427.411953
0.899998 431.724739
0.909998 435.944877
0.919998 440.069423
0.929998 444.095105
0.939998 448.018947
0.949998 451.837695
0.959998 455.548501
0.969998 459.148084
0.979998 462.633581
0.989998 466.001946
0.999998 469.250050
1.009998 472.375039
1.019998 475.373881
1.029998 478.243666
1.039998 480.981516
1.049998 483.584524
1.059998 486.049763
1.069998 488.374547
1.079998 490.556010
1.089998 492.591430
1.099998 494.478064
1.109998 496.213317
1.119998 497.794417
1.129998 499.218737
1.139998 500.483918
1.149998 501.587367
1.159998 502.526539
1.169998 503.299158
1.179998 503.902717
1.189998 504.334928
1.199998 504.593556
1.209998 504.676478
1.219998 504.581399
1.229998 504.306192
1.239998 503.849023
1.249997 503.207654
1.259997 502.380372
1.269997 501.365298
1.279997 500.160499
1.289997 498.764401
1.299997 497.175323
1.309997 495.391594
1.319997 493.411791
1.329997 491.234445
1.339997 488.858191
1.349997 486.281741
1.359997 483.503880
1.369997 480.523445
1.379997 477.339412
1.389997 473.950805
1.399997 470.356734
1.409997 466.556361
1.419997 462.548964
1.429997 458.333906
1.439997 453.910669
1.449997 449.278795
1.459997 444.437914
1.469997 439.387627
1.479997 434.127839
1.489997 428.658522
1.499997 422.979618
1.509997 417.091197
1.519997 410.993458
1.529997 404.686847
1.539997 398.171580
1.549997 391.448090
1.559997 384.517159
1.569997 377.379366
1.579997 370.035545
1.589997 362.486729
1.599997 354.733748
1.609997 346.777785
1.619997 338.620007
1.629997 330.261844
1.639997 321.704893
1.649997 312.950253
1.659997 303.999987
1.669997 294.855811
1.679997 285.519404
1.689997 275.993041
1.699997 266.278627
1.709997 256.378422
1.719997 246.294984
1.729997 236.030440
1.739997 225.587670
1.749997 214.969185
1.759997 204.177705
1.769997 193.216247
1.779997 182.088125
1.789997 170.796173
1.799997 159.343762
1.809997 147.734202
1.819997 135.971103
1.829997 124.058249
1.839997 111.999074
1.849997 99.797721
1.859997 87.457923
1.869997 74.984120
1.879997 62.380401
1.889997 49.651096
1.899997 36.800537
1.909997 23.833641
1.919997 10.754749
1.929997 -2.430698
1.939997 -15.718459
1.949997 -29.103085
1.959997 -42.579522
1.969997 -56.142201
1.979997 -69.785885
1.989997 -83.505106
1.999997 -97.294108
2.009997 -111.147234
2.019997 -125.058064
2.029997 -139.021097
2.039997 -153.030109
2.049997 -167.078871
2.059997 -181.160822
2.069997 -195.269506
2.079997 -209.398353
2.089997 -223.540783
2.099997 -237.689890
2.109997 -251.838713
2.119997 -265.980387
2.129997 -280.107465
2.139997 -294.212814
2.149997 -308.289185
2.159997 -322.328713
2.169997 -336.324242
2.179997 -350.267901
2.189997 -364.151816
2.199997 -377.968409
2.209997 -391.709402
2.219997 -405.366619
2.229997 -418.932051
2.239997 -432.397227
2.249997 -445.754036
2.259997 -458.993437
2.269997 -472.107340
2.279997 -485.087177
2.289997 -497.923731
2.299997 -510.608260
2.309997 -523.132197
2.319997 -535.485983
2.329997 -547.660877
2.339997 -559.647076
2.349997 -571.435935
2.359997 -583.017929
2.369997 -594.383631
2.379997 -605.523453
2.389997 -616.427820
2.399997 -627.086915
2.409997 -637.491348
2.419997 -647.630677
2.429996 -657.495616
2.439996 -667.076158
2.449996 -676.362236
2.459996 -685.343648
2.469996 -694.010215
2.479996 -702.352005
2.489996 -710.358724
2.499996 -718.019954
2.509996 -725.325739
2.519996 -732.264919
2.529996 -738.827730
2.539996 -745.003571
2.549996 -750.782010
2.559996 -756.152037
2.569996 -761.103688
2.579996 -765.625955
2.589996 -769.708142
2.599996 -773.340030
2.609996 -776.510358
2.619996 -779.208299
2.629996 -781.423913
2.639996 -783.145778
2.649996 -784.363422
2.659996 -785.065830
2.669996 -785.242161
2.679996 -784.881897
2.689996 -783.974065
2.699996 -782.507755
2.709996 -780.471915
2.719996 -777.856416
2.729996 -774.650003
2.739996 -770.842141
2.749996 -766.421814
2.759996 -761.378229
2.769996 -755.700836
2.779996 -749.378785
2.789996 -742.401391
2.799996 -734.757872
2.809996 -726.437969
2.819996 -717.430639
2.829996 -707.725529
2.839996 -697.312083
2.849996 -686.180002
2.859996 -674.318535
2.869996 -661.717286
2.879996 -648.366291
2.889996 -634.255044
2.899996 -619.373191
2.909996 -603.710797
2.919996 -587.257690
2.929996 -570.003835
2.939996 -551.939367
2.949996 -533.054346
2.959996 -513.339009
2.969996 -492.783630
2.979996 -471.378572
2.989996 -449.114329
2.999996 -425.981444
