-1.990000 2066.894536
-1.980000 2039.890575
-1.970000 2012.754747
-1.960000 1985.500053
-1.950000 1958.138860
-1.940000 1930.683575
-1.930000 1903.146762
-1.920000 1875.540228
-1.910000 1847.875472
-1.900000 1820.164841
-1.890000 1792.419108
-1.880000 1764.649777
-1.870000 1736.867812
-1.860000 1709.084218
-1.850000 1681.309454
-1.840000 1653.554489
-1.830000 1625.828924
-1.820000 1598.143102
-1.810000 1570.507410
-1.800000 1542.930856
-1.790000 1515.423196
-1.780000 1487.993518
-1.770000 1460.651663
-1.760000 1433.405607
-1.750000 1406.264680
-1.740000 1379.237180
-1.730000 1352.331083
-1.720000 1325.555133
-1.710000 1298.917035
-1.700000 1272.424415
-1.690000 1246.084948
-1.680000 1219.905382
-1.670000 1193.893848
-1.660000 1168.056582
-1.650000 1142.400478
-1.640000 1116.932110
-1.630000 1091.657860
-1.620000 1066.583676
-1.610000 1041.716162
-1.600000 1017.060395
-1.590000 992.622232
-1.580000 968.407221
-1.570000 944.420355
-1.560000 920.666560
-1.550000 897.151063
-1.540000 873.878418
-1.530000 850.852871
-1.520000 828.078853
-1.510000 805.560365
-1.500000 783.301351
-1.490000 761.305575
-1.480000 739.576744
-1.470001 718.118020
-1.460001 696.932759
-1.450001 676.024018
-1.440001 655.394316
-1.430001 635.046732
-1.420001 614.983688
-1.410001 595.207558
-1.400001 575.720311
-1.390001 556.524112
-1.380001 537.621081
-1.370001 519.012459
-1.360001 500.700046
-1.350001 482.685154
-1.340001 464.969090
-1.330001 447.552798
-1.320001 430.437280
-1.310001 413.623208
-1.300001 397.111225
-1.290001 380.902006
-1.280001 364.995610
-1.270001 349.392483
-1.260001 334.092406
-1.250001 319.095372
-1.240001 304.401239
-1.230001 290.009615
-1.220001 275.920122
-1.210001 262.131965
-1.200001 248.644369
-1.190001 235.456689
-1.180001 222.567790
-1.170001 209.976559
-1.160001 197.681822
-1.150001 185.682236
-1.140001 173.976344
-1.130001 162.562579
-1.120001 151.439296
-1.110001 140.604635
-1.100001 130.056878
-1.090001 119.793881
-1.080001 109.813676
-1.070001 100.114063
-1.060001 90.692803
-1.050001 81.547488
-1.040001 72.675808
-1.030001 64.075155
-1.020001 55.742870
-1.010001 47.676341
-1.000001 39.872853
-0.990001 32.329411
-0.980001 25.043296
-0.970001 18.011422
-0.960001 11.230755
-0.950001 4.698205
-0.940001 -1.589364
-0.930001 -7.635260
-0.920001 -13.442711
-0.910001 -19.015086
-0.900001 -24.355731
-0.890001 -29.468126
-0.880001 -34.355749
-0.870001 -39.022097
-0.860001 -43.470781
-0.850001 -47.705389
-0.840001 -51.729569
-0.830001 -55.546986
-0.820001 -59.161358
-0.810001 -62.576436
-0.800001 -65.795942
-0.790001 -68.823703
-0.780001 -71.663491
-0.770001 -74.319144
-0.760001 -76.794490
-0.750001 -79.093407
-0.740001 -81.219730
-0.730001 -83.177350
-0.720001 -84.970128
-0.710001 -86.601954
-0.700001 -88.076708
-0.690001 -89.398265
-0.680001 -90.570505
-0.670001 -91.597304
-0.660001 -92.482518
-0.650001 -93.230003
-0.640001 -93.843591
-0.630001 -94.327112
-0.620001 -94.684374
-0.610001 -94.919150
-0.600001 -95.035219
-0.590001 -95.036325
-0.580001 -94.926169
-0.570001 -94.708442
-0.560001 -94.386805
-0.550001 -93.964894
-0.540001 -93.446277
-0.530001 -92.834513
-0.520001 -92.133136
-0.510001 -91.345602
-0.500001 -90.475348
-0.490001 -89.525772
-0.480001 -88.500209
-0.470001 -87.401955
-0.460001 -86.234263
-0.450001 -85.000321
-0.440001 -83.703277
-0.430001 -82.346221
-0.420002 -80.932180
-0.410002 -79.464126
-0.400002 -77.944975
-0.390002 -76.377589
-0.380002 -74.764750
-0.370002 -73.109182
-0.360002 -71.413561
-0.350002 -69.680467
-0.340002 -67.912434
-0.330002 -66.111923
-0.320002 -64.281313
-0.310002 -62.422924
-0.300002 -60.538995
-0.290002 -58.631692
-0.280002 -56.703108
-0.270002 -54.755265
-0.260002 -52.790088
-0.250002 -50.809448
-0.240002 -48.815114
-0.230002 -46.808790
-0.220002 -44.792094
-0.210002 -42.766562
-0.200002 -40.733645
-0.190002 -38.694712
-0.180002 -36.651047
-0.170002 -34.603852
-0.160002 -32.554235
-0.150002 -30.503229
-0.140002 -28.451771
-0.130002 -26.400712
-0.120002 -24.350824
-0.110002 -22.302778
-0.100002 -20.257163
-0.090002 -18.214479
-0.080002 -16.175135
-0.070002 -14.139454
-0.060002 -12.107666
-0.050002 -10.079912
-0.040002 -8.056245
-0.030002 -6.036625
-0.020002 -4.020926
-0.010002 -2.008929
-0.000002 -0.000326
0.009998 2.005279
0.019998 4.008374
0.029998 6.009533
0.039998 8.009422
0.049998 10.008795
0.059998 12.008492
0.069998 14.009445
0.079998 16.012671
0.089998 18.019273
0.099998 20.030442
0.109998 22.047456
0.119998 24.071675
0.129998 26.104545
0.139998 28.147603
0.149998 30.202455
0.159998 32.270801
0.169998 34.354418
0.179998 36.455163
0.189998 38.574976
0.199998 40.715871
0.209998 42.879949
0.219998 45.069373
0.229998 47.286397
0.239998 49.533343
0.249998 51.812602
0.259998 54.126642
0.269998 56.478004
0.279998 58.869294
0.289998 61.303194
0.299998 63.782445
0.309998 66.309851
0.319998 68.888295
0.329998 71.520711
0.339998 74.210090
0.349998 76.959496
0.359998 79.772040
0.369998 82.650903
0.379998 85.599296
0.389998 88.620514
0.399998 91.717878
0.409998 94.894771
0.419998 98.154631
0.429998 101.500917
0.439998 104.937155
0.449998 108.466909
0.459998 112.093785
0.469998 115.821403
0.479998 119.653451
0.489998 123.593640
0.499998 127.645718
0.509998 131.813467
0.519998 136.100663
0.529998 140.511143
0.539998 145.048747
0.549998 149.717381
0.559998 154.520910
0.569998 159.463230
0.579998 164.548301
0.589998 169.780032
0.599998 175.162407
0.609998 180.699352
0.619998 186.394831
0.629998 192.252795
0.639998 198.277250
0.649998 204.472109
0.659998 210.841392
0.669998 217.389019
0.679998 224.118922
0.689998 231.035056
0.699998 238.141327
0.709998 245.441682
0.719998 252.939931
0.729998 260.640003
0.739998 268.545721
0.749998 276.660861
0.759998 284.989254
0.769998 293.534636
0.779998 302.300751
0.789998 311.291221
0.799998 320.509712
0.809998 329.959853
0.819998 339.645180
0.829998 349.569205
0.839998 359.735369
0.849998 370.147104
0.859998 380.807719
0.869998 391.720578
0.879998 402.888779
0.889998 414.315680
0.899998 426.004224
0.909998 437.957472
0.919998 450.178461
0.929998 462.669964
0.939998 475.434870
0.949998 488.475989
0.959998 501.795753
0.969998 515.396907
0.979998 529.281908
0.989998 543.453025
0.999998 557.912735
1.009998 572.663118
1.019998 587.706254
1.029998 603.044229
1.039998 618.678924
1.049998 634.612004
1.059998 650.845348
1.069998 667.380509
1.079998 684.218716
1.089998 701.361724
1.099998 718.810309
1.109998 736.565883
1.119998 754.629409
1.129998 773.001508
1.139998 791.683218
1.149998 810.675122
1.159998 829.977444
1.169998 849.590607
1.179998 869.514897
1.189998 889.750349
1.199998 910.296858
1.209998 931.154056
1.219998 952.321889
1.229998 973.799580
1.239998 995.586548
1.249997 1017.681942
1.259997 1040.084755
1.269997 1062.793941
1.279997 1085.807945
1.289997 1109.125632
1.299997 1132.745239
1.309997 1156.664835
1.319997 1180.882796
1.329997 1205.396736
1.339997 1230.204335
1.349997 1255.303338
1.359997 1280.690841
1.369997 1306.364238
1.379997 1332.320390
1.389997 1358.556215
1.399997 1385.068451
1.409997 1411.853293
1.419997 1438.907113
1.429997 1466.226215
1.439997 1493.806238
1.449997 1521.642869
1.459997 1549.731849
1.469997 1578.068365
1.479997 1606.647774
1.489997 1635.464755
1.499997 1664.513911
1.509997 1693.790259
1.519997 1723.287644
1.529997 1753.000810
1.539997 1782.923570
1.549997 1813.049170
1.559997 1843.371633
1.569997 1873.884167
1.579997 1904.580025
1.589997 1935.452009
1.599997 1966.493086
1.609997 1997.695528
1.619997 2029.051891
1.629997 2060.554281
1.639997 2092.194354
1.649997 2123.964047
1.659997 2155.855091
1.669997 2187.858277
1.679997 2219.965407
1.689997 2252.166373
1.699997 2284.452804
1.709997 2316.814421
1.719997 2349.242433
1.729997 2381.725666
1.739997 2414.255394
1.749997 2446.819790
1.759997 2479.409230
1.769997 2512.012918
1.779997 2544.619613
1.789997 2577.217870
1.799997 2609.796994
1.809997 2642.344890
1.819997 2674.849503
1.829997 2707.299754
1.839997 2739.682708
1.849997 2771.986171
1.859997 2804.197514
1.869997 2836.303908
1.879997 2868.292325
1.889997 2900.149770
1.899997 2931.862589
1.909997 2963.416933
1.919997 2994.799912
1.929997 3025.996600
1.939997 3056.993259
1.949997 3087.775729
1.959997 3118.329207
1.969997 3148.638705
1.979997 3178.689951
1.989997 3208.466917
1.999997 3237.954743
2.009997 3267.138639
2.019997 3296.002405
2.029997 3324.530019
2.039997 3352.705467
2.049997 3380.512559
2.059997 3407.935157
2.069997 3434.956946
2.079997 3461.561446
2.089997 3487.730950
2.099997 3513.449084
2.109997 3538.698258
2.119997 3563.461984
2.129997 3587.721743
2.139997 3611.460946
2.149997 3634.661200
2.159997 3657.305200
2.169997 3679.373876
2.179997 3700.849645
2.189997 3721.714777
2.199997 3741.950207
2.209997 3761.537155
2.219997 3780.457107
2.229997 3798.691811
2.239997 3816.221346
2.249997 3833.027988
2.259997 3849.091219
2.269997 3864.391955
2.279997 3878.911741
2.289997 3892.630522
2.299997 3905.528531
2.309997 3917.586635
2.319997 3928.784880
2.329997 3939.103233
2.339997 3948.521938
2.349997 3957.021156
2.359997 3964.579595
2.369997 3971.179344
2.379997 3976.798299
2.389997 3981.417371
2.399997 3985.015388
2.409997 3987.572469
2.419997 3989.068342
2.429996 3989.482047
2.439996 3988.793555
2.449996 3986.981850
2.459996 3984.026830
2.469996 3979.907743
2.479996 3974.604123
2.489996 3968.095484
2.499996 3960.360156
2.509996 3951.379114
2.519996 3941.130401
2.529996 3929.594106
2.539996 3916.749179
2.549996 3902.575702
2.559996 3887.051860
2.569996 3870.158580
2.579996 3851.874651
2.589996 3832.179450
2.599996 3811.052661
2.609996 3788.474002
2.619996 3764.423485
2.629996 3738.879718
2.639996 3711.823328
2.649996 3683.234032
2.659996 3653.092309
2.669996 3621.376456
2.679996 3588.068468
2.689996 3553.147941
2.699996 3516.593984
2.709996 3478.388770
2.719996 3438.511831
2.729996 3396.944458
2.739996 3353.666473
2.749996 3308.658652
2.759996 3261.902640
2.769996 3213.379449
2.779996 3163.070245
2.789996 3110.956016
2.799996 3057.019589
2.809996 3001.241591
2.819996 2943.604171
2.829996 2884.089327
2.839996 2822.679245
2.849996 2759.357151
2.859996 2694.104733
2.869996 2626.905308
2.879996 2557.741576
2.889996 2486.596982
2.899996 2413.455158
2.909996 2338.299484
2.919996 2261.114261
2.929996 2181.883345
2.939996 2100.590878
2.949996 2017.222044
2.959996 1931.761119
2.969996 1844.193929
2.979996 1754.505480
2.989996 1662.681729
2.999996 1568.708290
