-1.990000 2505.275636
-1.980000 2477.011680
-1.970000 2448.547387
-1.960000 2419.896116
-1.950000 2391.071500
-1.940000 2362.086544
-1.930000 2332.954984
-1.920000 2303.689011
-1.910000 2274.301544
-1.900000 2244.804863
-1.890000 2215.212451
-1.880000 2185.535297
-1.870000 2155.785590
-1.860000 2125.975334
-1.850000 2096.115880
-1.840000 2066.219330
-1.830000 2036.296188
-1.820000 2006.358183
-1.810000 1976.415552
-1.800000 1946.479173
-1.790000 1916.560089
-1.780000 1886.667127
-1.770000 1856.812022
-1.760000 1827.003932
-1.750000 1797.252296
-1.740000 1767.567323
-1.730000 1737.958067
-1.720000 1708.433269
-1.710000 1679.002320
-1.700000 1649.673693
-1.690000 1620.456396
-1.680000 1591.358273
-1.670000 1562.387825
-1.660000 1533.552633
-1.650000 1504.860812
-1.640000 1476.320287
-1.630000 1447.937819
-1.620000 1419.720828
-1.610000 1391.676423
-1.600000 1363.811278
-1.590000 1336.132366
-1.580000 1308.645617
-1.570000 1281.357871
-1.560000 1254.274803
-1.550000 1227.402392
-1.540000 1200.746429
-1.530000 1174.312399
-1.520000 1148.105480
-1.510000 1122.131156
-1.500000 1096.394119
-1.490000 1070.899244
-1.480000 1045.650864
-1.470001 1020.654103
-1.460001 995.912451
-1.450001 971.430435
-1.440001 947.211802
-1.430001 923.260367
-1.420001 899.579770
-1.410001 876.173000
-1.400001 853.043600
-1.390001 830.194583
-1.380001 807.628676
-1.370001 785.348919
-1.360001 763.357472
-1.350001 741.656932
-1.340001 720.249436
-1.330001 699.137201
-1.320001 678.322049
-1.310001 657.805769
-1.300001 637.589933
-1.290001 617.675850
-1.280001 598.065205
-1.270001 578.758890
-1.260001 559.757946
-1.250001 541.063327
-1.240001 522.675558
-1.230001 504.595428
-1.220001 486.823415
-1.210001 469.359576
-1.200001 452.204519
-1.190001 435.357867
-1.180001 418.819740
-1.170001 402.589960
-1.160001 386.668225
-1.150001 371.053941
-1.140001 355.746674
-1.130001 340.745595
-1.120001 326.049981
-1.110001 311.658937
-1.100001 297.571461
-1.090001 283.786329
-1.080001 270.302377
-1.070001 257.118172
-1.060001 244.232290
-1.050001 231.643259
-1.040001 219.349349
-1.030001 207.348791
-1.020001 195.639881
-1.010001 184.220562
-1.000001 173.088875
-0.990001 162.242772
-0.980001 151.680047
-0.970001 141.398365
-0.960001 131.395489
-0.950001 121.669005
-0.940001 112.216304
-0.930001 103.034979
-0.920001 94.122358
-0.910001 85.475799
-0.900001 77.092408
-0.890001 68.969540
-0.880001 61.104255
-0.870001 53.493627
-0.860001 46.134727
-0.850001 39.024455
-0.840001 32.159761
-0.830001 25.537568
-0.820001 19.154711
-0.810001 13.007918
-0.800001 7.094013
-0.790001 1.409696
-0.780001 -4.048326
-0.770001 -9.283436
-0.760001 -14.298964
-0.750001 -19.098287
-0.740001 -23.684888
-0.730001 -28.062168
-0.720001 -32.233588
-0.710001 -36.202627
-0.700001 -39.972775
-0.690001 -43.547519
-0.680001 -46.930421
-0.670001 -50.124952
-0.660001 -53.134649
-0.650001 -55.963031
-0.640001 -58.613646
-0.630001 -61.090005
-0.620001 -63.395631
-0.610001 -65.534060
-0.600001 -67.508776
-0.590001 -69.323286
-0.580001 -70.981071
-0.570001 -72.485618
-0.560001 -73.840360
-0.550001 -75.048751
-0.540001 -76.114191
-0.530001 -77.040092
-0.520001 -77.829798
-0.510001 -78.486677
-0.500001 -79.014021
-0.490001 -79.415130
-0.480001 -79.693234
-0.470001 -79.851581
-0.460001 -79.893324
-0.450001 -79.821623
-0.440001 -79.639571
-0.430001 -79.350245
-0.420002 -78.956655
-0.410002 -78.461778
-0.400002 -77.868554
-0.390002 -77.179859
-0.380002 -76.398530
-0.370002 -75.527352
-0.360002 -74.569050
-0.350002 -73.526311
-0.340002 -72.401753
-0.330002 -71.197943
-0.320002 -69.917388
-0.310002 -68.562548
-0.300002 -67.135801
-0.290002 -65.639484
-0.280002 -64.075862
-0.270002 -62.447136
-0.260002 -60.755446
-0.250002 -59.002859
-0.240002 -57.191381
-0.230002 -55.322949
-0.220002 -53.399428
-0.210002 -51.422622
-0.200002 -49.394253
-0.190002 -47.315976
-0.180002 -45.189375
-0.170002 -43.015959
-0.160002 -40.797165
-0.150002 -38.534353
-0.140002 -36.228810
-0.130002 -33.881740
-0.120002 -31.494284
-0.110002 -29.067492
-0.100002 -26.602346
-0.090002 -24.099745
-0.080002 -21.560508
-0.070002 -18.985385
-0.060002 -16.375038
-0.050002 -13.730053
-0.040002 -11.050935
-0.030002 -8.338109
-0.020002 -5.591924
-0.010002 -2.812645
-0.000002 -0.000459
0.009998 2.844526
0.019998 5.722287
0.029998 8.632873
0.039998 11.576421
0.049998 14.553141
0.059998 17.563327
0.069998 20.607350
0.079998 23.685662
0.089998 26.798789
0.099998 29.947343
0.109998 33.132005
0.119998 36.353539
0.129998 39.612789
0.139998 42.910665
0.149998 46.248167
0.159998 49.626357
0.169998 53.046374
0.179998 56.509439
0.189998 60.016840
0.199998 63.569935
0.209998 67.170164
0.219998 70.819023
0.229998 74.518088
0.239998 78.269009
0.249998 82.073483
0.259998 85.933298
0.269998 89.850287
0.279998 93.826367
0.289998 97.863512
0.299998 101.963747
0.309998 106.129179
0.319998 110.361954
0.329998 114.664298
0.339998 119.038465
0.349998 123.486804
0.359998 128.011689
0.369998 132.615557
0.379998 137.300888
0.389998 142.070243
0.399998 146.926188
0.409998 151.871373
0.419998 156.908467
0.429998 162.040197
0.439998 167.269343
0.449998 172.598704
0.459998 178.031127
0.469998 183.569501
0.479998 189.216746
0.489998 194.975818
0.499998 200.849692
0.509998 206.841411
0.519998 212.954000
0.529998 219.190527
0.539998 225.554105
0.549998 232.047822
0.559998 238.674850
0.569998 245.438332
0.579998 252.341426
0.589998 259.387354
0.599998 266.579302
0.609998 273.920463
0.619998 281.414076
0.629998 289.063348
0.639998 296.871507
0.649998 304.841802
0.659998 312.977445
0.669998 321.281683
0.679998 329.757697
0.689998 338.408723
0.699998 347.237944
0.709998 356.248611
0.719998 365.443804
0.729998 374.826783
0.739998 384.400631
0.749998 394.168488
0.759998 404.133388
0.769998 414.298422
0.779998 424.666737
0.789998 435.241240
0.799998 446.024927
0.809998 457.020675
0.819998 468.231497
0.829998 479.660189
0.839998 491.309637
0.849998 503.182503
0.859998 515.281579
0.869998 527.609472
0.879998 540.168918
0.889998 552.962368
0.899998 565.992448
0.909998 579.261488
0.919998 592.771896
0.929998 606.526063
0.939998 620.526072
0.949998 634.774274
0.959998 649.272805
0.969998 664.023523
0.979998 679.028459
0.989998 694.289462
0.999998 709.808402
1.009998 725.586961
1.019998 741.626683
1.029998 757.929123
1.039998 774.495797
1.049998 791.327918
1.059998 808.426864
1.069998 825.793648
1.079998 843.429450
1.089998 861.335020
1.099998 879.511383
1.109998 897.959181
1.119998 916.679056
1.129998 935.671427
1.139998 954.936815
1.149998 974.475181
1.159998 994.287033
1.169998 1014.372199
1.179998 1034.730606
1.189998 1055.362168
1.199998 1076.266215
1.209998 1097.442514
1.219998 1118.890245
1.229998 1140.608907
1.239998 1162.597405
1.249997 1184.854734
1.259997 1207.379747
1.269997 1230.171271
1.279997 1253.227404
1.289997 1276.546914
1.299997 1300.127951
1.309997 1323.968633
1.319997 1348.066688
1.329997 1372.420162
1.339997 1397.026471
1.349997 1421.883230
1.359997 1446.987653
1.369997 1472.336915
1.379997 1497.928026
1.389997 1523.757712
1.399997 1549.822531
1.409997 1576.119235
1.419997 1602.643926
1.429997 1629.392774
1.439997 1656.361901
1.449997 1683.546888
1.459997 1710.943509
1.469997 1738.547116
1.479997 1766.352885
1.489997 1794.355935
1.499997 1822.551691
1.509997 1850.934060
1.519997 1879.497860
1.529997 1908.237608
1.539997 1937.147879
1.549997 1966.221599
1.559997 1995.453463
1.569997 2024.836878
1.579997 2054.365188
1.589997 2084.031306
1.599997 2113.828929
1.609997 2143.750714
1.619997 2173.789127
1.629997 2203.936931
1.639997 2234.186212
1.649997 2264.528863
1.659997 2294.957318
1.669997 2325.463330
1.679997 2356.037490
1.689997 2386.672140
1.699997 2417.357728
1.709997 2448.086451
1.719997 2478.847407
1.729997 2509.632403
1.739997 2540.431122
1.749997 2571.233541
1.759997 2602.030403
1.769997 2632.811298
1.779997 2663.565626
1.789997 2694.283072
1.799997 2724.952180
1.809997 2755.562731
1.819997 2786.103364
1.829997 2816.562531
1.839997 2846.928966
1.849997 2877.190747
1.859997 2907.336233
1.869997 2937.353126
1.879997 2967.229415
1.889997 2996.951968
1.899997 3026.508409
1.909997 3055.886632
1.919997 3085.072967
1.929997 3114.054029
1.939997 3142.816714
1.949997 3171.347736
1.959997 3199.633179
1.969997 3227.658955
1.979997 3255.411254
1.989997 3282.875648
1.999997 3310.037982
2.009997 3336.884189
2.019997 3363.397935
2.029997 3389.565275
2.039997 3415.371393
2.049997 3440.800872
2.059997 3465.838141
2.069997 3490.467477
2.079997 3514.673861
2.089997 3538.441260
2.099997 3561.753073
2.109997 3584.593404
2.119997 3606.946625
2.129997 3628.795708
2.139997 3650.123910
2.149997 3670.915585
2.159997 3691.152080
2.169997 3710.818290
2.179997 3729.895727
2.189997 3748.368200
2.199997 3766.217790
2.209997 3783.426864
2.219997 3799.978455
2.229997 3815.854308
2.239997 3831.036837
2.249997 3845.508726
2.259997 3859.251025
2.269997 3872.245835
2.279997 3884.474783
2.289997 3895.920142
2.299997 3906.562982
2.309997 3916.385748
2.319997 3925.368623
2.329997 3933.493174
2.339997 3940.741584
2.349997 3947.093846
2.359997 3952.532340
2.369997 3957.037290
2.379997 3960.589902
2.389997 3963.170987
2.399997 3964.761640
2.409997 3965.343224
2.419997 3964.895425
2.429996 3963.399850
2.439996 3960.837090
2.449996 3957.187399
2.459996 3952.432256
2.469996 3946.551561
2.479996 3939.525832
2.489996 3931.336767
2.499996 3921.963952
2.509996 3911.388755
2.519996 3899.590512
2.529996 3886.552000
2.539996 3872.251465
2.549996 3856.671930
2.559996 3839.791741
2.569996 3821.592841
2.579996 3802.055825
2.589996 3781.161332
2.599996 3758.890299
2.609996 3735.223451
2.619996 3710.141326
2.629996 3683.625738
2.639996 3655.656622
2.649996 3626.215896
2.659996 3595.284586
2.669996 3562.843133
2.679996 3528.874296
2.689996 3493.358246
2.699996 3456.276388
2.709996 3417.610638
2.719996 3377.342988
2.729996 3335.455120
2.739996 3291.928646
2.749996 3246.745883
2.759996 3199.888517
2.769996 3151.339117
2.779996 3101.080360
2.789996 3049.094026
2.799996 2995.363762
2.809996 2939.871354
2.819996 2882.600722
2.829996 2823.534946
2.839996 2762.656994
2.849996 2699.950337
2.859996 2635.399179
2.869996 2568.986794
2.879996 2500.697744
2.889996 2430.516238
2.899996 2358.426227
2.909996 2284.413306
2.919996 2208.461420
2.929996 2130.556953
2.939996 2050.683751
2.949996 1968.828402
2.959996 1884.976492
2.969996 1799.114232
2.979996 1711.227585
2.989996 1621.303445
2.999996 1529.328900
