-1.990000 2504.522338
-1.980000 2486.239368
-1.970000 2467.628040
-1.960000 2448.696938
-1.950000 2429.456859
-1.940000 2409.916305
-1.930000 2390.084639
-1.920000 2369.971637
-1.910000 2349.587040
-1.900000 2328.939162
-1.890000 2308.037648
-1.880000 2286.891633
-1.870000 2265.510205
-1.860000 2243.902865
-1.850000 2222.078129
-1.840000 2200.044923
-1.830000 2177.812114
-1.820000 2155.389462
-1.810000 2132.784303
-1.800000 2110.006276
-1.790000 2087.064015
-1.780000 2063.966090
-1.770000 2040.721007
-1.760000 2017.337206
-1.750000 1993.822939
-1.740000 1970.186753
-1.730000 1946.436520
-1.720000 1922.581130
-1.710000 1898.628436
-1.700000 1874.585975
-1.690000 1850.462421
-1.680000 1826.265405
-1.670000 1802.002965
-1.660000 1777.682337
-1.650000 1753.311647
-1.640000 1728.898459
-1.630000 1704.450255
-1.620000 1679.974438
-1.610000 1655.478328
-1.600000 1630.969162
-1.590000 1606.454094
-1.580000 1581.940681
-1.570000 1557.435420
-1.560000 1532.945452
-1.550000 1508.477467
-1.540000 1484.038310
-1.530000 1459.634861
-1.520000 1435.273543
-1.510000 1410.960814
-1.500000 1386.703039
-1.490000 1362.506736
-1.480000 1338.377724
-1.470001 1314.322703
-1.460001 1290.347183
-1.450001 1266.457436
-1.440001 1242.659028
-1.430001 1218.958041
-1.420001 1195.359855
-1.410001 1171.870357
-1.400001 1148.494498
-1.390001 1125.238214
-1.380001 1102.106383
-1.370001 1079.104148
-1.360001 1056.237031
-1.350001 1033.509622
-1.340001 1010.926889
-1.330001 988.493940
-1.320001 966.214836
-1.310001 944.094487
-1.300001 922.137705
-1.290001 900.348257
-1.280001 878.730990
-1.270001 857.289712
-1.260001 836.028836
-1.250001 814.952088
-1.240001 794.063564
-1.230001 773.366912
-1.220001 752.865910
-1.210001 732.564124
-1.200001 712.465133
-1.190001 692.572190
-1.180001 672.888789
-1.170001 653.417984
-1.160001 634.162847
-1.150001 615.126572
-1.140001 596.311698
-1.130001 577.721554
-1.120001 559.358483
-1.110001 541.225065
-1.100001 523.324109
-1.090001 505.657780
-1.080001 488.228472
-1.070001 471.038482
-1.060001 454.089796
-1.050001 437.384518
-1.040001 420.924549
-1.030001 404.711801
-1.020001 388.747880
-1.010001 373.034559
-1.000001 357.573309
-0.990001 342.365713
-0.980001 327.413005
-0.970001 312.716479
-0.960001 298.277387
-0.950001 284.096789
-0.940001 270.175603
-0.930001 256.514858
-0.920001 243.115340
-0.910001 229.977700
-0.900001 217.102647
-0.890001 204.490704
-0.880001 192.142399
-0.870001 180.058035
-0.860001 168.237876
-0.850001 156.682238
-0.840001 145.391123
-0.830001 134.364676
-0.820001 123.602778
-0.810001 113.105363
-0.800001 102.872104
-0.790001 92.902816
-0.780001 83.197100
-0.770001 73.754522
-0.760001 64.574440
-0.750001 55.656392
-0.740001 46.999666
-0.730001 38.603395
-0.720001 30.466882
-0.710001 22.589112
-0.700001 14.969158
-0.690001 7.605939
-0.680001 0.498326
-0.670001 -6.354845
-0.660001 -12.954884
-0.650001 -19.303130
-0.640001 -25.400934
-0.630001 -31.249791
-0.620001 -36.851276
-0.610001 -42.206957
-0.600001 -47.318503
-0.590001 -52.187611
-0.580001 -56.816124
-0.570001 -61.205880
-0.560001 -65.358740
-0.550001 -69.276743
-0.540001 -72.961885
-0.530001 -76.416219
-0.520001 -79.641949
-0.510001 -82.641193
-0.500001 -85.416245
-0.490001 -87.969391
-0.480001 -90.302967
-0.470001 -92.419391
-0.460001 -94.321098
-0.450001 -96.010593
-0.440001 -97.490420
-0.430001 -98.763151
-0.420002 -99.831427
-0.410002 -100.697938
-0.400002 -101.365373
-0.390002 -101.836518
-0.380002 -102.114150
-0.370002 -102.201121
-0.360002 -102.100297
-0.350002 -101.814602
-0.340002 -101.346975
-0.330002 -100.700399
-0.320002 -99.877881
-0.310002 -98.882478
-0.300002 -97.717270
-0.290002 -96.385346
-0.280002 -94.889861
-0.270002 -93.233962
-0.260002 -91.420848
-0.250002 -89.453726
-0.240002 -87.335838
-0.230002 -85.070435
-0.220002 -82.660815
-0.210002 -80.110268
-0.200002 -77.422122
-0.190002 -74.599714
-0.180002 -71.646400
-0.170002 -68.565555
-0.160002 -65.360567
-0.150002 -62.034832
-0.140002 -58.591769
-0.130002 -55.034796
-0.120002 -51.367359
-0.110002 -47.592893
-0.100002 -43.714854
-0.090002 -39.736700
-0.080002 -35.661892
-0.070002 -31.493904
-0.060002 -27.236205
-0.050002 -22.892273
-0.040002 -18.465585
-0.030002 -13.959614
-0.020002 -9.377839
-0.010002 -4.723735
-0.000002 -0.000773
0.009998 4.787581
0.019998 9.637863
0.029998 14.546617
0.039998 19.510393
0.049998 24.525749
0.059998 29.589255
0.069998 34.697487
0.079998 39.847038
0.089998 45.034503
0.099998 50.256503
0.109998 55.509662
0.119998 60.790623
0.129998 66.096049
0.139998 71.422619
0.149998 76.767019
0.159998 82.125976
0.169998 87.496207
0.179998 92.874470
0.189998 98.257535
0.199998 103.642218
0.209998 109.025325
0.219998 114.403706
0.229998 119.774242
0.239998 125.133794
0.249998 130.479322
0.259998 135.807749
0.269998 141.116069
0.279998 146.401285
0.289998 151.660443
0.299998 156.890607
0.309998 162.088868
0.319998 167.252389
0.329998 172.378290
0.339998 177.463800
0.349998 182.506144
0.359998 187.502604
0.369998 192.450477
0.379998 197.347095
0.389998 202.189826
0.399998 206.976123
0.409998 211.703407
0.419998 216.369187
0.429998 220.971011
0.439998 225.506416
0.449998 229.973033
0.459998 234.368533
0.469998 238.690604
0.479998 242.936974
0.489998 247.105444
0.499998 251.193830
0.509998 255.200033
0.519998 259.121931
0.529998 262.957486
0.539998 266.704723
0.549998 270.361680
0.559998 273.926476
0.569998 277.397210
0.579998 280.772161
0.589998 284.049488
0.599998 287.227501
0.609998 290.304554
0.619998 293.279021
0.629998 296.149319
0.639998 298.913972
0.649998 301.571462
0.659998 304.120429
0.669998 306.559454
0.679998 308.887262
0.689998 311.102571
0.699998 313.204150
0.709998 315.190837
0.719998 317.061524
0.729998 318.815151
0.739998 320.450754
0.749998 321.967274
0.759998 323.363871
0.769998 324.639694
0.779998 325.793943
0.789998 326.825809
0.799998 327.734661
0.809998 328.519813
0.819998 329.180675
0.829998 329.716732
0.839998 330.127476
0.849998 330.412451
0.859998 330.571300
0.869998 330.603694
0.879998 330.509287
0.889998 330.287925
0.899998 329.939461
0.909998 329.463680
0.919998 328.860537
0.929998 328.130064
0.939998 327.272226
0.949998 326.287107
0.959998 325.174896
0.969998 323.935733
0.979998 322.569858
0.989998 321.077588
0.999998 319.459239
1.009998 317.715178
1.019998 315.845846
1.029998 313.851762
1.039998 311.733467
1.049998 309.491553
1.059998 307.126553
1.069998 304.639316
1.079998 302.030390
1.089998 299.300722
1.099998 296.451091
1.109998 293.482267
1.119998 290.395257
1.129998 287.191009
1.139998 283.870623
1.149998 280.435026
1.159998 276.885383
1.169998 273.222905
1.179998 269.448652
1.189998 265.563978
1.199998 261.570114
1.209998 257.468361
1.219998 253.260090
1.229998 248.946860
1.239998 244.529894
1.249997 240.010834
1.259997 235.391043
1.269997 230.672387
1.279997 225.856161
1.289997 220.944195
1.299997 215.938182
1.309997 210.839764
1.319997 205.650707
1.329997 200.372874
1.339997 195.008015
1.349997 189.558122
1.359997 184.024985
1.369997 178.410517
1.379997 172.716752
1.389997 166.945788
1.399997 161.099545
1.409997 155.180064
1.419997 149.189446
1.429997 143.129942
1.439997 137.003502
1.449997 130.812433
1.459997 124.559075
1.469997 118.245397
1.479997 111.873849
1.489997 105.446606
1.499997 98.966016
1.509997 92.434484
1.519997 85.854285
1.529997 79.227868
1.539997 72.557675
1.549997 65.845954
1.559997 59.095339
1.569997 52.308089
1.579997 45.486905
1.589997 38.634296
1.599997 31.752632
1.609997 24.844363
1.619997 17.912380
1.629997 10.958917
1.639997 3.986712
1.649997 -3.001609
1.659997 -10.003648
1.669997 -17.016695
1.679997 -24.037785
1.689997 -31.064854
1.699997 -38.094917
1.709997 -45.125350
1.719997 -52.153456
1.729997 -59.176958
1.739997 -66.192484
1.749997 -73.197928
1.759997 -80.190452
1.769997 -87.167340
1.779997 -94.125811
1.789997 -101.063323
1.799997 -107.977275
1.809997 -114.865003
1.819997 -121.723253
1.829997 -128.550020
1.839997 -135.342527
1.849997 -142.097534
1.859997 -148.813158
1.869997 -155.486285
1.879997 -162.114164
1.889997 -168.694339
1.899997 -175.224305
1.909997 -181.700987
1.919997 -188.122183
1.929997 -194.485185
1.939997 -200.787295
1.949997 -207.025659
1.959997 -213.198174
1.969997 -219.302181
1.979997 -225.334755
1.989997 -231.293832
1.999997 -237.176686
2.009997 -242.980711
2.019997 -248.703579
2.029997 -254.342720
2.039997 -259.895705
2.049997 -265.360290
2.059997 -270.733653
2.069997 -276.013644
2.079997 -281.198187
2.089997 -286.284424
2.099997 -291.270377
2.109997 -296.153403
2.119997 -300.931727
2.129997 -305.602758
2.139997 -310.164197
2.149997 -314.614185
2.159997 -318.950424
2.169997 -323.170699
2.179997 -327.273028
2.189997 -331.255206
2.199997 -335.114913
2.209997 -338.850950
2.219997 -342.460712
2.229997 -345.942468
2.239997 -349.294131
2.249997 -352.513888
2.259997 -355.600010
2.269997 -358.550608
2.279997 -361.363789
2.289997 -364.038110
2.299997 -366.571613
2.309997 -368.962608
2.319997 -371.209669
2.329997 -373.311049
2.339997 -375.265439
2.349997 -377.070909
2.359997 -378.726532
2.369997 -380.230424
2.379997 -381.581262
2.389997 -382.778057
2.399997 -383.819064
2.409997 -384.703250
2.419997 -385.429456
2.429996 -385.996326
2.439996 -386.402869
2.449996 -386.647978
2.459996 -386.730438
2.469996 -386.649697
2.479996 -386.404400
2.489996 -385.993704
2.499996 -385.416956
2.509996 -384.673178
2.519996 -383.761521
2.529996 -382.681536
2.539996 -381.432396
2.549996 -380.013535
2.559996 -378.424497
2.569996 -376.664410
2.579996 -374.733117
2.589996 -372.630242
2.599996 -370.355071
2.609996 -367.907524
2.619996 -365.287493
2.629996 -362.494369
2.639996 -359.528210
2.649996 -356.388934
2.659996 -353.076450
2.669996 -349.590554
2.679996 -345.931378
2.689996 -342.098991
2.699996 -338.093829
2.709996 -333.915587
2.719996 -329.564902
2.729996 -325.041842
2.739996 -320.346689
2.749996 -315.480061
2.759996 -310.442335
2.769996 -305.233856
2.779996 -299.855338
2.789996 -294.307362
2.799996 -288.590438
2.809996 -282.705381
2.819996 -276.652969
2.829996 -270.433878
2.839996 -264.049032
2.849996 -257.499467
2.859996 -250.785948
2.869996 -243.909579
2.879996 -236.871312
2.889996 -229.672407
2.899996 -222.314007
2.909996 -214.797250
2.919996 -207.123311
2.929996 -199.293733
2.939996 -191.309681
2.949996 -183.172587
2.959996 -174.883995
2.969996 -166.445357
2.979996 -157.858202
2.989996 -149.124263
2.999996 -140.244976
