-1.990000 246.015935
-1.980000 233.525755
-1.970000 221.056952
-1.960000 208.614301
-1.950000 196.203330
-1.940000 183.828752
-1.930000 171.495358
-1.920000 159.208480
-1.910000 146.972622
-1.900000 134.792253
-1.890000 122.672158
-1.880000 110.616976
-1.870000 98.630969
-1.860000 86.718306
-1.850000 74.883359
-1.840000 63.130293
-1.830000 51.463303
-1.820000 39.886020
-1.810000 28.402368
-1.800000 17.016299
-1.790000 5.731438
-1.780000 -5.448652
-1.770000 -16.520437
-1.760000 -27.480687
-1.750000 -38.325843
-1.740000 -49.052703
-1.730000 -59.658160
-1.720000 -70.139195
-1.710000 -80.492942
-1.700000 -90.716385
-1.690000 -100.806776
-1.680000 -110.761460
-1.670000 -120.577812
-1.660000 -130.253356
-1.650000 -139.785705
-1.640000 -149.172382
-1.630000 -158.411361
-1.620000 -167.500280
-1.610000 -176.437292
-1.600000 -185.220212
-1.590000 -193.847306
-1.580000 -202.316747
-1.570000 -210.626734
-1.560000 -218.775733
-1.550000 -226.762176
-1.540000 -234.584640
-1.530000 -242.241760
-1.520000 -249.732189
-1.510000 -257.054761
-1.500000 -264.208358
-1.490000 -271.191918
-1.480000 -278.004581
-1.470001 -284.645327
-1.460001 -291.113517
-1.450001 -297.408354
-1.440001 -303.529300
-1.430001 -309.475684
-1.420001 -315.247065
-1.410001 -320.843108
-1.400001 -326.263407
-1.390001 -331.507810
-1.380001 -336.576121
-1.370001 -341.468216
-1.360001 -346.184109
-1.350001 -350.723822
-1.340001 -355.087511
-1.330001 -359.275344
-1.320001 -363.287616
-1.310001 -367.124635
-1.300001 -370.786774
-1.290001 -374.274624
-1.280001 -377.588545
-1.270001 -380.729347
-1.260001 -383.697521
-1.250001 -386.493887
-1.240001 -389.119210
-1.230001 -391.574372
-1.220001 -393.860206
-1.210001 -395.977771
-1.200001 -397.928073
-1.190001 -399.712261
-1.180001 -401.331368
-1.170001 -402.786682
-1.160001 -404.079377
-1.150001 -405.210902
-1.140001 -406.182452
-1.130001 -406.995553
-1.120001 -407.651612
-1.110001 -408.152197
-1.100001 -408.498812
-1.090001 -408.693091
-1.080001 -408.736658
-1.070001 -408.631263
-1.060001 -408.378590
-1.050001 -407.980422
-1.040001 -407.438633
-1.030001 -406.755003
-1.020001 -405.931513
-1.010001 -404.969995
-1.000001 -403.872551
-0.990001 -402.641061
-0.980001 -401.277694
-0.970001 -399.784423
-0.960001 -398.163378
-0.950001 -396.416722
-0.940001 -394.546568
-0.930001 -392.555159
-0.920001 -390.444715
-0.910001 -388.217431
-0.900001 -385.875600
-0.890001 -383.421539
-0.880001 -380.857538
-0.870001 -378.185907
-0.860001 -375.409048
-0.850001 -372.529287
-0.840001 -369.549058
-0.830001 -366.470722
-0.820001 -363.296721
-0.810001 -360.029512
-0.800001 -356.671474
-0.790001 -353.225129
-0.780001 -349.692903
-0.770001 -346.077314
-0.760001 -342.380782
-0.750001 -338.605860
-0.740001 -334.755004
-0.730001 -330.830713
-0.720001 -326.835511
-0.710001 -322.771884
-0.700001 -318.642357
-0.690001 -314.449436
-0.680001 -310.195607
-0.670001 -305.883371
-0.660001 -301.515247
-0.650001 -297.093709
-0.640001 -292.621246
-0.630001 -288.100358
-0.620001 -283.533482
-0.610001 -278.923136
-0.600001 -274.271722
-0.590001 -269.581703
-0.580001 -264.855526
-0.570001 -260.095576
-0.560001 -255.304276
-0.550001 -250.484031
-0.540001 -245.637184
-0.530001 -240.766122
-0.520001 -235.873152
-0.510001 -230.960612
-0.500001 -226.030801
-0.490001 -221.085998
-0.480001 -216.128448
-0.470001 -211.160413
-0.460001 -206.184078
-0.450001 -201.201644
-0.440001 -196.215260
-0.430001 -191.227078
-0.420002 -186.239205
-0.410002 -181.253712
-0.400002 -176.272665
-0.390002 -171.298076
-0.380002 -166.331952
-0.370002 -161.376257
-0.360002 -156.432900
-0.350002 -151.503804
-0.340002 -146.590826
-0.330002 -141.695811
-0.320002 -136.820546
-0.310002 -131.966798
-0.300002 -127.136295
-0.290002 -122.330739
-0.280002 -117.551777
-0.270002 -112.801029
-0.260002 -108.080067
-0.250002 -103.390449
-0.240002 -98.733665
-0.230002 -94.111184
-0.220002 -89.524430
-0.210002 -84.974785
-0.200002 -80.463586
-0.190002 -75.992145
-0.180002 -71.561709
-0.170002 -67.173500
-0.160002 -62.828690
-0.150002 -58.528411
-0.140002 -54.273744
-0.130002 -50.065741
-0.120002 -45.905392
-0.110002 -41.793658
-0.100002 -37.731443
-0.090002 -33.719612
-0.080002 -29.758987
-0.070002 -25.850342
-0.060002 -21.994401
-0.050002 -18.191851
-0.040002 -14.443323
-0.030002 -10.749412
-0.020002 -7.110657
-0.010002 -3.527560
-0.000002 -0.000568
0.009998 3.469912
0.019998 6.883525
0.029998 10.239959
0.039998 13.538949
0.049998 16.780279
0.059998 19.963778
0.069998 23.089322
0.079998 26.156833
0.089998 29.166281
0.099998 32.117682
0.109998 35.011096
0.119998 37.846633
0.129998 40.624447
0.139998 43.344735
0.149998 46.007750
0.159998 48.613772
0.169998 51.163144
0.179998 53.656240
0.189998 56.093492
0.199998 58.475370
0.209998 60.802387
0.219998 63.075097
0.229998 65.294099
0.239998 67.460044
0.249998 69.573620
0.259998 71.635545
0.269998 73.646592
0.279998 75.607592
0.289998 77.519371
0.299998 79.382832
0.309998 81.198918
0.319998 82.968601
0.329998 84.692876
0.339998 86.372811
0.349998 88.009475
0.359998 89.604019
0.369998 91.157585
0.379998 92.671375
0.389998 94.146630
0.399998 95.584605
0.409998 96.986611
0.419998 98.353981
0.429998 99.688086
0.439998 100.990327
0.449998 102.262129
0.459998 103.504961
0.469998 104.720318
0.479998 105.909712
0.489998 107.074703
0.499998 108.216861
0.509998 109.337795
0.519998 110.439124
0.529998 111.522519
0.539998 112.589649
0.549998 113.642220
0.559998 114.681957
0.569998 115.710606
0.579998 116.729937
0.589998 117.741728
0.599998 118.747795
0.609998 119.749971
0.619998 120.750073
0.629998 121.749983
0.639998 122.751559
0.649998 123.756667
0.659998 124.767255
0.669998 125.785208
0.679998 126.812449
0.689998 127.850911
0.699998 128.902549
0.709998 129.969302
0.719998 131.053119
0.729998 132.155975
0.739998 133.279848
0.749998 134.426691
0.759998 135.598479
0.769998 136.797211
0.779998 138.024845
0.789998 139.283369
0.799998 140.574748
0.809998 141.900966
0.819998 143.263984
0.829998 144.665765
0.839998 146.108280
0.849998 147.593458
0.859998 149.123267
0.869998 150.699617
0.879998 152.324456
0.889998 153.999685
0.899998 155.727192
0.909998 157.508886
0.919998 159.346614
0.929998 161.242243
0.939998 163.197598
0.949998 165.214523
0.959998 167.294767
0.969998 169.440160
0.979998 171.652432
0.989998 173.933330
0.999998 176.284538
1.009998 178.707766
1.019998 181.204659
1.029998 183.776834
1.039998 186.425945
1.049998 189.153470
1.059998 191.961044
1.069998 194.850095
1.079998 197.822178
1.089998 200.878640
1.099998 204.020980
1.109998 207.250486
1.119998 210.568543
1.129998 213.976416
1.139998 217.475370
1.149998 221.066589
1.159998 224.751284
1.169998 228.530496
1.179998 232.405433
1.189998 236.377019
1.199998 240.446314
1.209998 244.614189
1.219998 248.881595
1.229998 253.249406
1.239998 257.718299
1.249997 262.289133
1.259997 266.962511
1.269997 271.739155
1.279997 276.619590
1.289997 281.604312
1.299997 286.693820
1.309997 291.888526
1.319997 297.188814
1.329997 302.594978
1.339997 308.107165
1.349997 313.725636
1.359997 319.450473
1.369997 325.281725
1.379997 331.219347
1.389997 337.263349
1.399997 343.413466
1.409997 349.669517
1.419997 356.031314
1.429997 362.498450
1.439997 369.070421
1.449997 375.746894
1.459997 382.527225
1.469997 389.410788
1.479997 396.396918
1.489997 403.484846
1.499997 410.673732
1.509997 417.962570
1.519997 425.350554
1.529997 432.836376
1.539997 440.419204
1.549997 448.097516
1.559997 455.870176
1.569997 463.735844
1.579997 471.693046
1.589997 479.740105
1.599997 487.875633
1.609997 496.097856
1.619997 504.405046
1.629997 512.795331
1.639997 521.266731
1.649997 529.817334
1.659997 538.445091
1.669997 547.147746
1.679997 555.923025
1.689997 564.768691
1.699997 573.682306
1.709997 582.661409
1.719997 591.703335
1.729997 600.805579
1.739997 609.965311
1.749997 619.179617
1.759997 628.445503
1.769997 637.760370
1.779997 647.120934
1.789997 656.524009
1.799997 665.966327
1.809997 675.444654
1.819997 684.955495
1.829997 694.495448
1.839997 704.060851
1.849997 713.648136
1.859997 723.253418
1.869997 732.873020
1.879997 742.503065
1.889997 752.139420
1.899997 761.778101
1.909997 771.414928
1.919997 781.045636
1.929997 790.666053
1.939997 800.271524
1.949997 809.857716
1.959997 819.420152
1.969997 828.954223
1.979997 838.454957
1.989997 847.917807
1.999997 857.337425
2.009997 866.709835
2.019997 876.029073
2.029997 885.290180
2.039997 894.488163
2.049997 903.618002
2.059997 912.673739
2.069997 921.650582
2.079997 930.542696
2.089997 939.344604
2.099997 948.050541
2.109997 956.655097
2.119997 965.152156
2.129997 973.535957
2.139997 981.800871
2.149997 989.940788
2.159997 997.949531
2.169997 1005.821063
2.179997 1013.548880
2.189997 1021.127415
2.199997 1028.549935
2.209997 1035.810046
2.219997 1042.901685
2.229997 1049.817559
2.239997 1056.551968
2.249997 1063.097799
2.259997 1069.448838
2.269997 1075.597777
2.279997 1081.538381
2.289997 1087.263337
2.299997 1092.766296
2.309997 1098.040029
2.319997 1103.077360
2.329997 1107.871600
2.339997 1112.415654
2.349997 1116.702120
2.359997 1120.724340
2.369997 1124.474400
2.379997 1127.945724
2.389997 1131.130751
2.399997 1134.022144
2.409997 1136.612530
2.419997 1138.894662
2.429996 1140.860857
2.439996 1142.504203
2.449996 1143.816638
2.459996 1144.790797
2.469996 1145.419204
2.479996 1145.694355
2.489996 1145.608574
2.499996 1145.154534
2.509996 1144.324226
2.519996 1143.109998
2.529996 1141.504465
2.539996 1139.499939
2.549996 1137.088718
2.559996 1134.262691
2.569996 1131.014887
2.579996 1127.337179
2.589996 1123.222038
2.599996 1118.661417
2.609996 1113.647664
2.619996 1108.173367
2.629996 1102.230623
2.639996 1095.812013
2.649996 1088.909420
2.659996 1081.515443
2.669996 1073.622452
2.679996 1065.222502
2.689996 1056.308113
2.699996 1046.872020
2.709996 1036.905928
2.719996 1026.402722
2.729996 1015.354689
2.739996 1003.754536
2.749996 991.594608
2.759996 978.867296
2.769996 965.565393
2.779996 951.681362
2.789996 937.208055
2.799996 922.138016
2.809996 906.463847
2.819996 890.178519
2.829996 873.274728
2.839996 855.745526
2.849996 837.583855
2.859996 818.782300
2.869996 799.334341
2.879996 779.232827
2.889996 758.470945
2.899996 737.041943
2.909996 714.939132
2.919996 692.155993
2.929996 668.685750
2.939996 644.521930
2.949996 619.658132
2.959996 594.088029
2.969996 567.805455
2.979996 540.803990
2.989996 513.077795
2.999996 484.620576
