-1.990000 2513.744557
-1.980000 2494.724101
-1.970000 2475.445296
-1.960000 2455.917473
-1.950000 2436.150767
-1.940000 2416.155445
-1.930000 2395.941002
-1.920000 2375.517060
-1.910000 2354.893599
-1.900000 2334.079355
-1.890000 2313.084572
-1.880000 2291.917775
-1.870000 2270.589012
-1.860000 2249.106597
-1.850000 2227.479904
-1.840000 2205.717736
-1.830000 2183.828551
-1.820000 2161.821403
-1.810000 2139.705009
-1.800000 2117.487024
-1.790000 2095.176651
-1.780000 2072.781323
-1.770000 2050.310024
-1.760000 2027.769957
-1.750000 2005.169167
-1.740000 1982.515943
-1.730000 1959.817261
-1.720000 1937.081063
-1.710000 1914.314573
-1.700000 1891.525140
-1.690000 1868.719994
-1.680000 1845.906009
-1.670000 1823.090545
-1.660000 1800.279995
-1.650000 1777.481243
-1.640000 1754.701050
-1.630000 1731.945698
-1.620000 1709.221469
-1.610000 1686.534769
-1.600000 1663.891641
-1.590000 1641.298131
-1.580000 1618.760166
-1.570000 1596.283186
-1.560000 1573.873243
-1.550000 1551.535660
-1.540000 1529.275640
-1.530000 1507.098998
-1.520000 1485.010212
-1.510000 1463.014857
-1.500000 1441.117658
-1.490000 1419.323467
-1.480000 1397.637013
-1.470001 1376.062547
-1.460001 1354.604926
-1.450001 1333.268284
-1.440001 1312.056639
-1.430001 1290.974617
-1.420001 1270.025637
-1.410001 1249.213850
-1.400001 1228.542929
-1.390001 1208.016430
-1.380001 1187.638156
-1.370001 1167.411195
-1.360001 1147.338882
-1.350001 1127.424556
-1.340001 1107.671207
-1.330001 1088.081476
-1.320001 1068.658721
-1.310001 1049.405481
-1.300001 1030.324184
-1.290001 1011.417504
-1.280001 992.687655
-1.270001 974.137268
-1.260001 955.768286
-1.250001 937.582778
-1.240001 919.582883
-1.230001 901.770345
-1.220001 884.147038
-1.210001 866.714445
-1.200001 849.474294
-1.190001 832.428094
-1.180001 815.577089
-1.170001 798.922479
-1.160001 782.465594
-1.150001 766.207444
-1.140001 750.149053
-1.130001 734.291241
-1.120001 718.634793
-1.110001 703.180511
-1.100001 687.928995
-1.090001 672.880703
-1.080001 658.036059
-1.070001 643.395508
-1.060001 628.959194
-1.050001 614.727340
-1.040001 600.700029
-1.030001 586.877368
-1.020001 573.259173
-1.010001 559.845341
-1.000001 546.635633
-0.990001 533.629790
-0.980001 520.827372
-0.970001 508.227967
-0.960001 495.831041
-0.950001 483.636036
-0.940001 471.642177
-0.930001 459.848866
-0.920001 448.255192
-0.910001 436.860374
-0.900001 425.663372
-0.890001 414.663227
-0.880001 403.858967
-0.870001 393.249368
-0.860001 382.833290
-0.850001 372.609486
-0.840001 362.576703
-0.830001 352.733537
-0.820001 343.078670
-0.810001 333.610552
-0.800001 324.327715
-0.790001 315.228643
-0.780001 306.311685
-0.770001 297.575273
-0.760001 289.017623
-0.750001 280.637036
-0.740001 272.431771
-0.730001 264.400004
-0.720001 256.539831
-0.710001 248.849396
-0.700001 241.326802
-0.690001 233.970039
-0.680001 226.777105
-0.670001 219.746045
-0.660001 212.874716
-0.650001 206.161065
-0.640001 199.603010
-0.630001 193.198403
-0.620001 186.945038
-0.610001 180.840796
-0.600001 174.883390
-0.590001 169.070658
-0.580001 163.400344
-0.570001 157.870146
-0.560001 152.477828
-0.550001 147.221073
-0.540001 142.097583
-0.530001 137.105049
-0.520001 132.241105
-0.510001 127.503467
-0.500001 122.889723
-0.490001 118.397588
-0.480001 114.024663
-0.470001 109.768587
-0.460001 105.627020
-0.450001 101.597570
-0.440001 97.677894
-0.430001 93.865616
-0.420002 90.158377
-0.410002 86.553820
-0.400002 83.049596
-0.390002 79.643360
-0.380002 76.332769
-0.370002 73.115495
-0.360002 69.989219
-0.350002 66.951640
-0.340002 64.000452
-0.330002 61.133373
-0.320002 58.348141
-0.310002 55.642499
-0.300002 53.014207
-0.290002 50.461052
-0.280002 47.980836
-0.270002 45.571372
-0.260002 43.230509
-0.250002 40.956106
-0.240002 38.746045
-0.230002 36.598242
-0.220002 34.510625
-0.210002 32.481164
-0.200002 30.507833
-0.190002 28.588658
-0.180002 26.721671
-0.170002 24.904954
-0.160002 23.136600
-0.150002 21.414746
-0.140002 19.737555
-0.130002 18.103224
-0.120002 16.509983
-0.110002 14.956098
-0.100002 13.439863
-0.090002 11.959616
-0.080002 10.513724
-0.070002 9.100595
-0.060002 7.718673
-0.050002 6.366440
-0.040002 5.042416
-0.030002 3.745160
-0.020002 2.473272
-0.010002 1.225391
-0.000002 0.000197
0.009998 -1.203588
0.019998 -2.387202
0.029998 -3.551840
0.039998 -4.698654
0.049998 -5.828755
0.059998 -6.943209
0.069998 -8.043039
0.079998 -9.129224
0.089998 -10.202699
0.099998 -11.264355
0.109998 -12.315037
0.119998 -13.355546
0.129998 -14.386638
0.139998 -15.409024
0.149998 -16.423368
0.159998 -17.430288
0.169998 -18.430358
0.179998 -19.424106
0.189998 -20.412013
0.199998 -21.394515
0.209998 -22.372000
0.219998 -23.344812
0.229998 -24.313248
0.239998 -25.277561
0.249998 -26.237957
0.259998 -27.194591
0.269998 -28.147582
0.279998 -29.096997
0.289998 -30.042859
0.299998 -30.985146
0.309998 -31.923793
0.319998 -32.858684
0.329998 -33.789664
0.339998 -34.716534
0.349998 -35.639050
0.359998 -36.556921
0.369998 -37.469816
0.379998 -38.377359
0.389998 -39.279134
0.399998 -40.174682
0.409998 -41.063507
0.419998 -41.945054
0.429998 -42.818751
0.439998 -43.683966
0.449998 -44.540039
0.459998 -45.386266
0.469998 -46.221901
0.479998 -47.046177
0.489998 -47.858259
0.499998 -48.657309
0.509998 -49.442425
0.519998 -50.212674
0.529998 -50.967112
0.539998 -51.704722
0.549998 -52.424488
0.559998 -53.125337
0.569998 -53.806177
0.579998 -54.465887
0.589998 -55.103298
0.599998 -55.717228
0.609998 -56.306462
0.619998 -56.869751
0.629998 -57.405819
0.639998 -57.913365
0.649998 -58.391078
0.659998 -58.837591
0.669998 -59.251536
0.679998 -59.631523
0.689998 -59.976120
0.699998 -60.283883
0.709998 -60.553373
0.719998 -60.783093
0.729998 -60.971556
0.739998 -61.117233
0.749998 -61.218596
0.759998 -61.274100
0.769998 -61.282195
0.779998 -61.241290
0.789998 -61.149807
0.799998 -61.006160
0.809998 -60.808715
0.819998 -60.555889
0.829998 -60.246031
0.839998 -59.877529
0.849998 -59.448746
0.859998 -58.958039
0.869998 -58.403782
0.879998 -57.784315
0.889998 -57.097985
0.899998 -56.343180
0.909998 -55.518224
0.919998 -54.621476
0.929998 -53.651363
0.939998 -52.606184
0.949998 -51.484331
0.959998 -50.284217
0.969998 -49.004211
0.979998 -47.642732
0.989998 -46.198174
0.999998 -44.668979
1.009998 -43.053590
1.019998 -41.350481
1.029998 -39.558088
1.039998 -37.674931
1.049998 -35.699476
1.059998 -33.630308
1.069998 -31.465947
1.079998 -29.204972
1.089998 -26.845994
1.099998 -24.387613
1.109998 -21.828495
1.119998 -19.167334
1.129998 -16.402768
1.139998 -13.533607
1.149998 -10.558578
1.159998 -7.476527
1.169998 -4.286250
1.179998 -0.986604
1.189998 2.423487
1.199998 5.945071
1.209998 9.579191
1.219998 13.326784
1.229998 17.188800
1.239998 21.166171
1.249997 25.259700
1.259997 29.470206
1.269997 33.798486
1.279997 38.245176
1.289997 42.810979
1.299997 47.496492
1.309997 52.302317
1.319997 57.228947
1.329997 62.276821
1.339997 67.446383
1.349997 72.737933
1.359997 78.151714
1.369997 83.688120
1.379997 89.347158
1.389997 95.128983
1.399997 101.033813
1.409997 107.061380
1.419997 113.211790
1.429997 119.484829
1.439997 125.880385
1.449997 132.398083
1.459997 139.037602
1.469997 145.798566
1.479997 152.680655
1.489997 159.683007
1.499997 166.805266
1.509997 174.046701
1.519997 181.406538
1.529997 188.883930
1.539997 196.477957
1.549997 204.187683
1.559997 212.011975
1.569997 219.949927
1.579997 228.000008
1.589997 236.161218
1.599997 244.431990
1.609997 252.810983
1.619997 261.296577
1.629997 269.887328
1.639997 278.581455
1.649997 287.377197
1.659997 296.272592
1.669997 305.265775
1.679997 314.354796
1.689997 323.537623
1.699997 332.811831
1.709997 342.175158
1.719997 351.625552
1.729997 361.160213
1.739997 370.776676
1.749997 380.472389
1.759997 390.244770
1.769997 400.090671
1.779997 410.007692
1.789997 419.992329
1.799997 430.041705
1.809997 440.152914
1.819997 450.322423
1.829997 460.546849
1.839997 470.823014
1.849997 481.147354
1.859997 491.516038
1.869997 501.925733
1.879997 512.372080
1.889997 522.851911
1.899997 533.360747
1.909997 543.894714
1.919997 554.449676
1.929997 565.021232
1.939997 575.605295
1.949997 586.197341
1.959997 596.792816
1.969997 607.387078
1.979997 617.975731
1.989997 628.553503
1.999997 639.115989
2.009997 649.658095
2.019997 660.174696
2.029997 670.660583
2.039997 681.110770
2.049997 691.519743
2.059997 701.882180
2.069997 712.192881
2.079997 722.445865
2.089997 732.635710
2.099997 742.756431
2.109997 752.802750
2.119997 762.768150
2.129997 772.647079
2.139997 782.433123
2.149997 792.120562
2.159997 801.702825
2.169997 811.173772
2.179997 820.527185
2.189997 829.756162
2.199997 838.854433
2.209997 847.815542
2.219997 856.632569
2.229997 865.298718
2.239997 873.807313
2.249997 882.151412
2.259997 890.324193
2.269997 898.318292
2.279997 906.126749
2.289997 913.742533
2.299997 921.158089
2.309997 928.366256
2.319997 935.359806
2.329997 942.131179
2.339997 948.672582
2.349997 954.977217
2.359997 961.036737
2.369997 966.844045
2.379997 972.390953
2.389997 977.669907
2.399997 982.672879
2.409997 987.392371
2.419997 991.820011
2.429996 995.948357
2.439996 999.768715
2.449996 1003.273703
2.459996 1006.454402
2.469996 1009.303411
2.479996 1011.812428
2.489996 1013.972898
2.499996 1015.777197
2.509996 1017.215978
2.519996 1018.281835
2.529996 1018.966023
2.539996 1019.260274
2.549996 1019.156152
2.559996 1018.645332
2.569996 1017.718933
2.579996 1016.368989
2.589996 1014.586782
2.599996 1012.363718
2.609996 1009.691568
2.619996 1006.561583
2.629996 1002.965319
2.639996 998.894023
2.649996 994.339357
2.659996 989.292681
2.669996 983.745691
2.679996 977.689306
2.689996 971.115448
2.699996 964.015172
2.709996 956.380187
2.719996 948.202093
2.729996 939.472003
2.739996 930.181650
2.749996 920.322673
2.759996 909.886262
2.769996 898.864642
2.779996 887.248439
2.789996 875.029835
2.799996 862.200330
2.809996 848.752028
2.819996 834.676094
2.829996 819.964466
2.839996 804.608738
2.849996 788.601273
2.859996 771.933463
2.869996 754.597333
2.879996 736.585073
2.889996 717.888410
2.899996 698.499636
2.909996 678.410792
2.919996 657.614210
2.929996 636.101802
2.939996 613.866540
2.949996 590.900278
2.959996 567.195572
2.969996 542.745166
2.979996 517.541684
2.989996 491.577565
2.999996 464.845814
