-1.990000 1609.616751
-1.980000 1594.815131
-1.970000 1579.846564
-1.960000 1564.718106
-1.950000 1549.436056
-1.940000 1534.008675
-1.930000 1518.442114
-1.920000 1502.743811
-1.910000 1486.920445
-1.900000 1470.978619
-1.890000 1454.925084
-1.880000 1438.766985
-1.870000 1422.510224
-1.860000 1406.161557
-1.850000 1389.727426
-1.840000 1373.214195
-1.830000 1356.627914
-1.820000 1339.974784
-1.810000 1323.261163
-1.800000 1306.492621
-1.790000 1289.675112
-1.780000 1272.814752
-1.770000 1255.917336
-1.760000 1238.988096
-1.750000 1222.032658
-1.740000 1205.057047
-1.730000 1188.066242
-1.720000 1171.065618
-1.710000 1154.060469
-1.700000 1137.056000
-1.690000 1120.057093
-1.680000 1103.069028
-1.670000 1086.096515
-1.660000 1069.144424
-1.650000 1052.217538
-1.640000 1035.320311
-1.630000 1018.457539
-1.620000 1001.633631
-1.610000 984.853089
-1.600000 968.119786
-1.590000 951.438482
-1.580000 934.813002
-1.570000 918.247573
-1.560000 901.746092
-1.550000 885.312498
-1.540000 868.950396
-1.530000 852.663680
-1.520000 836.455912
-1.510000 820.330816
-1.500000 804.291790
-1.490000 788.342027
-1.480000 772.485124
-1.470001 756.723990
-1.460001 741.062058
-1.450001 725.502196
-1.440001 710.047554
-1.430001 694.700839
-1.420001 679.465041
-1.410001 664.342829
-1.400001 649.336794
-1.390001 634.449688
-1.380001 619.683826
-1.370001 605.041806
-1.360001 590.525790
-1.350001 576.138281
-1.340001 561.881350
-1.330001 547.757230
-1.320001 533.767785
-1.310001 519.915218
-1.300001 506.201187
-1.290001 492.627752
-1.280001 479.196486
-1.270001 465.909246
-1.260001 452.767583
-1.250001 439.773096
-1.240001 426.927200
-1.230001 414.231242
-1.220001 401.686733
-1.210001 389.294887
-1.200001 377.056968
-1.190001 364.974059
-1.180001 353.047297
-1.170001 341.277695
-1.160001 329.666207
-1.150001 318.213670
-1.140001 306.921027
-1.130001 295.789050
-1.120001 284.818507
-1.110001 274.009946
-1.100001 263.364020
-1.090001 252.881328
-1.080001 242.562304
-1.070001 232.407490
-1.060001 222.417163
-1.050001 212.591810
-1.040001 202.931551
-1.030001 193.436721
-1.020001 184.107499
-1.010001 174.944016
-1.000001 165.946408
-0.990001 157.114659
-0.980001 148.448765
-0.970001 139.948772
-0.960001 131.614537
-0.950001 123.445920
-0.940001 115.442793
-0.930001 107.604887
-0.920001 99.931993
-0.910001 92.423862
-0.900001 85.080111
-0.890001 77.900371
-0.880001 70.884283
-0.870001 64.031430
-0.860001 57.341269
-0.850001 50.813411
-0.840001 44.447271
-0.830001 38.242260
-0.820001 32.197850
-0.810001 26.313416
-0.800001 20.588261
-0.790001 15.021773
-0.780001 9.613271
-0.770001 4.361961
-0.760001 -0.732842
-0.750001 -5.671912
-0.740001 -10.456065
-0.730001 -15.086053
-0.720001 -19.562752
-0.710001 -23.886973
-0.700001 -28.059587
-0.690001 -32.081499
-0.680001 -35.953554
-0.670001 -39.676687
-0.660001 -43.251828
-0.650001 -46.679901
-0.640001 -49.961861
-0.630001 -53.098672
-0.620001 -56.091275
-0.610001 -58.940670
-0.600001 -61.647833
-0.590001 -64.213764
-0.580001 -66.639434
-0.570001 -68.925905
-0.560001 -71.074127
-0.550001 -73.085136
-0.540001 -74.959972
-0.530001 -76.699626
-0.520001 -78.305124
-0.510001 -79.777464
-0.500001 -81.117717
-0.490001 -82.326856
-0.480001 -83.405918
-0.470001 -84.355917
-0.460001 -85.177864
-0.450001 -85.872764
-0.440001 -86.441625
-0.430001 -86.885431
-0.420002 -87.205189
-0.410002 -87.401872
-0.400002 -87.476465
-0.390002 -87.429931
-0.380002 -87.263227
-0.370002 -86.977302
-0.360002 -86.573112
-0.350002 -86.051564
-0.340002 -85.413593
-0.330002 -84.660096
-0.320002 -83.791959
-0.310002 -82.810077
-0.300002 -81.715310
-0.290002 -80.508505
-0.280002 -79.190514
-0.270002 -77.762144
-0.260002 -76.224216
-0.250002 -74.577515
-0.240002 -72.822807
-0.230002 -70.960865
-0.220002 -68.992425
-0.210002 -66.918206
-0.200002 -64.738910
-0.190002 -62.455231
-0.180002 -60.067840
-0.170002 -57.577376
-0.160002 -54.984470
-0.150002 -52.289736
-0.140002 -49.493763
-0.130002 -46.597119
-0.120002 -43.600353
-0.110002 -40.503996
-0.100002 -37.308552
-0.090002 -34.014507
-0.080002 -30.622326
-0.070002 -27.132455
-0.060002 -23.545313
-0.050002 -19.861302
-0.040002 -16.080801
-0.030002 -12.204163
-0.020002 -8.231726
-0.010002 -4.163803
-0.000002 -0.000684
0.009998 4.257363
0.019998 8.610090
0.029998 13.057273
0.039998 17.598710
0.049998 22.234217
0.059998 26.963639
0.069998 31.786835
0.079998 36.703695
0.089998 41.714117
0.099998 46.818034
0.109998 52.015395
0.119998 57.306164
0.129998 62.690335
0.139998 68.167927
0.149998 73.738959
0.159998 79.403485
0.169998 85.161577
0.179998 91.013329
0.189998 96.958853
0.199998 102.998270
0.209998 109.131729
0.219998 115.359399
0.229998 121.681453
0.239998 128.098123
0.249998 134.609602
0.259998 141.216105
0.269998 147.917926
0.279998 154.715303
0.289998 161.608539
0.299998 168.597936
0.309998 175.683775
0.319998 182.866402
0.329998 190.146161
0.339998 197.523410
0.349998 204.998496
0.359998 212.571779
0.369998 220.243716
0.379998 228.014621
0.389998 235.884951
0.399998 243.855130
0.409998 251.925541
0.419998 260.096671
0.429998 268.368918
0.439998 276.742759
0.449998 285.218630
0.459998 293.796995
0.469998 302.478323
0.479998 311.263061
0.489998 320.151712
0.499998 329.144757
0.509998 338.242667
0.519998 347.445858
0.529998 356.754859
0.539998 366.170153
0.549998 375.692189
0.559998 385.321412
0.569998 395.058361
0.579998 404.903477
0.589998 414.857192
0.599998 424.919931
0.609998 435.092252
0.619998 445.374463
0.629998 455.767144
0.639998 466.270583
0.649998 476.885233
0.659998 487.611504
0.669998 498.449792
0.679998 509.400482
0.689998 520.463945
0.699998 531.640498
0.709998 542.930443
0.719998 554.334142
0.729998 565.851903
0.739998 577.484013
0.749998 589.230660
0.759998 601.092176
0.769998 613.068747
0.779998 625.160535
0.789998 637.367722
0.799998 649.690510
0.809998 662.128989
0.819998 674.683221
0.829998 687.353330
0.839998 700.139369
0.849998 713.041269
0.859998 726.059116
0.869998 739.192824
0.879998 752.442231
0.889998 765.807373
0.899998 779.288021
0.909998 792.883953
0.919998 806.595010
0.929998 820.420948
0.939998 834.361533
0.949998 848.416247
0.959998 862.584777
0.969998 876.866871
0.979998 891.261834
0.989998 905.769432
0.999998 920.388983
1.009998 935.119861
1.019998 949.961497
1.029998 964.913172
1.039998 979.974222
1.049998 995.143834
1.059998 1010.421248
1.069998 1025.805441
1.079998 1041.295661
1.089998 1056.890672
1.099998 1072.589833
1.109998 1088.391801
1.119998 1104.295394
1.129998 1120.299592
1.139998 1136.403102
1.149998 1152.604571
1.159998 1168.902588
1.169998 1185.295682
1.179998 1201.782546
1.189998 1218.361591
1.199998 1235.031162
1.209998 1251.789544
1.219998 1268.635187
1.229998 1285.566019
1.239998 1302.580359
1.249997 1319.676237
1.259997 1336.851610
1.269997 1354.104604
1.279997 1371.432813
1.289997 1388.834460
1.299997 1406.306765
1.309997 1423.847580
1.319997 1441.454688
1.329997 1459.125330
1.339997 1476.857146
1.349997 1494.647709
1.359997 1512.493802
1.369997 1530.393088
1.379997 1548.342440
1.389997 1566.339136
1.399997 1584.380380
1.409997 1602.462578
1.419997 1620.583024
1.429997 1638.738454
1.439997 1656.925284
1.449997 1675.140338
1.459997 1693.380361
1.469997 1711.641537
1.479997 1729.920456
1.489997 1748.213144
1.499997 1766.516033
1.509997 1784.825477
1.519997 1803.137264
1.529997 1821.447343
1.539997 1839.752074
1.549997 1858.046759
1.559997 1876.327597
1.569997 1894.589971
1.579997 1912.829432
1.589997 1931.041689
1.599997 1949.222376
1.609997 1967.366307
1.619997 1985.469441
1.629997 2003.526187
1.639997 2021.532341
1.649997 2039.482394
1.659997 2057.371491
1.669997 2075.194694
1.679997 2092.946739
1.689997 2110.622042
1.699997 2128.215663
1.709997 2145.721613
1.719997 2163.134793
1.729997 2180.449296
1.739997 2197.659859
1.749997 2214.760176
1.759997 2231.744586
1.769997 2248.607345
1.779997 2265.342154
1.789997 2281.943350
1.799997 2298.404239
1.809997 2314.718766
1.819997 2330.880797
1.829997 2346.883882
1.839997 2362.721263
1.849997 2378.386576
1.859997 2393.873148
1.869997 2409.174464
1.879997 2424.283469
1.889997 2439.193734
1.899997 2453.897595
1.909997 2468.388710
1.919997 2482.659738
1.929997 2496.703958
1.939997 2510.513662
1.949997 2524.081763
1.959997 2537.400875
1.969997 2550.463772
1.979997 2563.262712
1.989997 2575.790337
1.999997 2588.038778
2.009997 2600.000847
2.019997 2611.668392
2.029997 2623.034103
2.039997 2634.089430
2.049997 2644.827077
2.059997 2655.238817
2.069997 2665.316372
2.079997 2675.052266
2.089997 2684.438108
2.099997 2693.465460
2.109997 2702.126465
2.119997 2710.412583
2.129997 2718.315644
2.139997 2725.827017
2.149997 2732.938435
2.159997 2739.641587
2.169997 2745.927504
2.179997 2751.788192
2.189997 2757.214604
2.199997 2762.198260
2.209997 2766.730440
2.219997 2770.802584
2.229997 2774.405709
2.239997 2777.531186
2.249997 2780.170161
2.259997 2782.313753
2.269997 2783.953052
2.279997 2785.079309
2.289997 2785.683562
2.299997 2785.756829
2.309997 2785.289925
2.319997 2784.274012
2.329997 2782.700586
2.339997 2780.559878
2.349997 2777.843352
2.359997 2774.541408
2.369997 2770.645820
2.379997 2766.146805
2.389997 2761.035939
2.399997 2755.303115
2.409997 2748.940065
2.419997 2741.938003
2.429996 2734.287016
2.439996 2725.978649
2.449996 2717.003808
2.459996 2707.352789
2.469996 2697.017453
2.479996 2685.988428
2.489996 2674.256672
2.499996 2661.812869
2.509996 2648.648314
2.519996 2634.754315
2.529996 2620.121346
2.539996 2604.741045
2.549996 2588.604507
2.559996 2571.702590
2.569996 2554.026467
2.579996 2535.568131
2.589996 2516.317515
2.599996 2496.267197
2.609996 2475.407984
2.619996 2453.731005
2.629996 2431.228175
2.639996 2407.890721
2.649996 2383.710405
2.659996 2358.678800
2.669996 2332.787318
2.679996 2306.027670
2.689996 2278.392268
2.699996 2249.871870
2.709996 2220.459437
2.719996 2190.146512
2.729996 2158.925141
2.739996 2126.787447
2.749996 2093.726007
2.759996 2059.732533
2.769996 2024.799766
2.779996 1988.920152
2.789996 1952.086060
2.799996 1914.290625
2.809996 1875.525908
2.819996 1835.785227
2.829996 1795.061492
2.839996 1753.347431
2.849996 1710.636334
2.859996 1666.921719
2.869996 1622.196654
2.879996 1576.454738
2.889996 1529.689669
2.899996 1481.894778
2.909996 1433.064250
2.919996 1383.192013
2.929996 1332.271820
2.939996 1280.298390
2.949996 1227.265553
2.959996 1173.168162
2.969996 1118.000635
2.979996 1061.757725
2.989996 1004.434476
2.999996 946.025768
