-1.990000 3415.988448
-1.980000 3385.415462
-1.970000 3354.498718
-1.960000 3323.254696
-1.950000 3291.696793
-1.940000 3259.841865
-1.930000 3227.704123
-1.920000 3195.298755
-1.910000 3162.639415
-1.900000 3129.741196
-1.890000 3096.618804
-1.880000 3063.285623
-1.870000 3029.756492
-1.860000 2996.044221
-1.850000 2962.162845
-1.840000 2928.125999
-1.830000 2893.946671
-1.820000 2859.638386
-1.810000 2825.213545
-1.800000 2790.685322
-1.790000 2756.065760
-1.780000 2721.368154
-1.770000 2686.603950
-1.760000 2651.785368
-1.750000 2616.924446
-1.740000 2582.032319
-1.730000 2547.121383
-1.720000 2512.202163
-1.710000 2477.286447
-1.700000 2442.384390
-1.690000 2407.507166
-1.680000 2372.665283
-1.670000 2337.869302
-1.660000 2303.129355
-1.650000 2268.454901
-1.640000 2233.856669
-1.630000 2199.343742
-1.620000 2164.925499
-1.610000 2130.611134
-1.600000 2096.409892
-1.590000 2062.330833
-1.580000 2028.382342
-1.570000 1994.573343
-1.560000 1960.911356
-1.550000 1927.405419
-1.540000 1894.062431
-1.530000 1860.891299
-1.520000 1827.898549
-1.510000 1795.092225
-1.500000 1762.479455
-1.490000 1730.066694
-1.480000 1697.861063
-1.470001 1665.869742
-1.460001 1634.098390
-1.450001 1602.553455
-1.440001 1571.241322
-1.430001 1540.167710
-1.420001 1509.338037
-1.410001 1478.758505
-1.400001 1448.433812
-1.390001 1418.369440
-1.380001 1388.570453
-1.370001 1359.041499
-1.360001 1329.787408
-1.350001 1300.812360
-1.340001 1272.121077
-1.330001 1243.717275
-1.320001 1215.605093
-1.310001 1187.788383
-1.300001 1160.270709
-1.290001 1133.055470
-1.280001 1106.146016
-1.270001 1079.545414
-1.260001 1053.256688
-1.250001 1027.282582
-1.240001 1001.625798
-1.230001 976.288762
-1.220001 951.273860
-1.210001 926.583208
-1.200001 902.218881
-1.190001 878.182578
-1.180001 854.476186
-1.170001 831.101104
-1.160001 808.059037
-1.150001 785.350981
-1.140001 762.978237
-1.130001 740.941632
-1.120001 719.242186
-1.110001 697.880557
-1.100001 676.857218
-1.090001 656.172616
-1.080001 635.827280
-1.070001 615.821181
-1.060001 596.154480
-1.050001 576.827003
-1.040001 557.838663
-1.030001 539.189091
-1.020001 520.877748
-1.010001 502.904393
-1.000001 485.267945
-0.990001 467.967878
-0.980001 451.003148
-0.970001 434.373006
-0.960001 418.075987
-0.950001 402.111131
-0.940001 386.477068
-0.930001 371.172332
-0.920001 356.195359
-0.910001 341.544634
-0.900001 327.218403
-0.890001 313.214916
-0.880001 299.532142
-0.870001 286.168252
-0.860001 273.121091
-0.850001 260.388610
-0.840001 247.968496
-0.830001 235.858492
-0.820001 224.056180
-0.810001 212.559153
-0.800001 201.364846
-0.790001 190.470669
-0.780001 179.874043
-0.770001 169.572115
-0.760001 159.562178
-0.750001 149.841368
-0.740001 140.406804
-0.730001 131.255469
-0.720001 122.384414
-0.710001 113.790560
-0.700001 105.470758
-0.690001 97.421893
-0.680001 89.640766
-0.670001 82.124097
-0.660001 74.868627
-0.650001 67.871056
-0.640001 61.127975
-0.630001 54.636020
-0.620001 48.391809
-0.610001 42.391862
-0.600001 36.632691
-0.590001 31.110853
-0.580001 25.822763
-0.570001 20.764918
-0.560001 15.933749
-0.550001 11.325700
-0.540001 6.937188
-0.530001 2.764588
-0.520001 -1.195689
-0.510001 -4.947247
-0.500001 -8.493717
-0.490001 -11.838719
-0.480001 -14.985874
-0.470001 -17.938802
-0.460001 -20.701127
-0.450001 -23.276468
-0.440001 -25.668413
-0.430001 -27.880584
-0.420002 -29.916556
-0.410002 -31.779917
-0.400002 -33.474215
-0.390002 -35.003013
-0.380002 -36.369828
-0.370002 -37.578172
-0.360002 -38.631538
-0.350002 -39.533385
-0.340002 -40.287162
-0.330002 -40.896274
-0.320002 -41.364109
-0.310002 -41.694035
-0.300002 -41.889370
-0.290002 -41.953412
-0.280002 -41.889411
-0.270002 -41.700597
-0.260002 -41.390156
-0.250002 -40.961244
-0.240002 -40.416954
-0.230002 -39.760367
-0.220002 -38.994495
-0.210002 -38.122329
-0.200002 -37.146797
-0.190002 -36.070794
-0.180002 -34.897153
-0.170002 -33.628672
-0.160002 -32.268090
-0.150002 -30.818100
-0.140002 -29.281337
-0.130002 -27.660392
-0.120002 -25.957789
-0.110002 -24.176008
-0.100002 -22.317467
-0.090002 -20.384526
-0.080002 -18.379490
-0.070002 -16.304605
-0.060002 -14.162054
-0.050002 -11.953961
-0.040002 -9.682392
-0.030002 -7.349345
-0.020002 -4.956760
-0.010002 -2.506511
-0.000002 -0.000411
0.009998 2.559794
0.019998 5.172422
0.029998 7.835858
0.039998 10.548551
0.049998 13.309018
0.059998 16.115839
0.069998 18.967669
0.079998 21.863223
0.089998 24.801285
0.099998 27.780708
0.109998 30.800420
0.119998 33.859403
0.129998 36.956715
0.139998 40.091491
0.149998 43.262921
0.159998 46.470267
0.169998 49.712866
0.179998 52.990119
0.189998 56.301484
0.199998 59.646514
0.209998 63.024808
0.219998 66.436041
0.229998 69.879952
0.239998 73.356349
0.249998 76.865114
0.259998 80.406185
0.269998 83.979568
0.279998 87.585342
0.289998 91.223658
0.299998 94.894703
0.309998 98.598762
0.319998 102.336159
0.329998 106.107302
0.339998 109.912647
0.349998 113.752707
0.359998 117.628084
0.369998 121.539400
0.379998 125.487379
0.389998 129.472783
0.399998 133.496409
0.409998 137.559168
0.419998 141.661984
0.429998 145.805833
0.439998 149.991770
0.449998 154.220906
0.459998 158.494378
0.469998 162.813401
0.479998 167.179211
0.489998 171.593124
0.499998 176.056490
0.509998 180.570713
0.519998 185.137216
0.529998 189.757510
0.539998 194.433109
0.549998 199.165585
0.559998 203.956582
0.569998 208.807718
0.579998 213.720699
0.589998 218.697252
0.599998 223.739171
0.609998 228.848182
0.619998 234.026182
0.629998 239.274993
0.639998 244.596537
0.649998 249.992694
0.659998 255.465421
0.669998 261.016702
0.679998 266.648507
0.689998 272.362825
0.699998 278.161762
0.709998 284.047287
0.719998 290.021501
0.729998 296.086523
0.739998 302.244362
0.749998 308.497200
0.759998 314.847085
0.769998 321.296199
0.779998 327.846623
0.789998 334.500505
0.799998 341.259975
0.809998 348.127162
0.819998 355.104216
0.829998 362.193217
0.839998 369.396327
0.849998 376.715683
0.859998 384.153317
0.869998 391.711388
0.879998 399.391953
0.889998 407.197120
0.899998 415.128841
0.909998 423.189189
0.919998 431.380219
0.929998 439.703865
0.939998 448.162133
0.949998 456.756905
0.959998 465.490133
0.969998 474.363638
0.979998 483.379307
0.989998 492.538996
0.999998 501.844369
1.009998 511.297151
1.019998 520.899134
1.029998 530.651907
1.039998 540.557071
1.049998 550.616175
1.059998 560.830774
1.069998 571.202268
1.079998 581.731999
1.089998 592.421526
1.099998 603.271919
1.109998 614.284514
1.119998 625.460475
1.129998 636.800851
1.139998 648.306734
1.149998 659.979094
1.159998 671.818834
1.169998 683.826840
1.179998 696.003757
1.189998 708.350268
1.199998 720.867149
1.209998 733.554870
1.219998 746.413708
1.229998 759.444256
1.239998 772.646678
1.249997 786.021227
1.259997 799.568008
1.269997 813.286979
1.279997 827.178065
1.289997 841.241212
1.299997 855.476039
1.309997 869.882302
1.319997 884.459481
1.329997 899.206957
1.339997 914.124126
1.349997 929.210398
1.359997 944.464604
1.369997 959.885942
1.379997 975.473325
1.389997 991.225432
1.399997 1007.141194
1.409997 1023.218824
1.419997 1039.457205
1.429997 1055.854500
1.439997 1072.408752
1.449997 1089.118372
1.459997 1105.981162
1.469997 1122.995047
1.479997 1140.157705
1.489997 1157.467055
1.499997 1174.920282
1.509997 1192.514686
1.519997 1210.247804
1.529997 1228.116432
1.539997 1246.117848
1.549997 1264.248708
1.559997 1282.505657
1.569997 1300.885571
1.579997 1319.384581
1.589997 1337.998926
1.599997 1356.725317
1.609997 1375.559108
1.619997 1394.496488
1.629997 1413.533507
1.639997 1432.665099
1.649997 1451.887397
1.659997 1471.195415
1.669997 1490.584150
1.679997 1510.049060
1.689997 1529.584730
1.699997 1549.186088
1.709997 1568.847550
1.719997 1588.563630
1.729997 1608.329059
1.739997 1628.137211
1.749997 1647.982523
1.759997 1667.859161
1.769997 1687.760422
1.779997 1707.679697
1.789997 1727.611187
1.799997 1747.547389
1.809997 1767.481847
1.819997 1787.407477
1.829997 1807.317287
1.839997 1827.203662
1.849997 1847.058840
1.859997 1866.875738
1.869997 1886.646650
1.879997 1906.363720
1.889997 1926.018021
1.899997 1945.602911
1.909997 1965.108132
1.919997 1984.526629
1.929997 2003.849126
1.939997 2023.067348
1.949997 2042.171735
1.959997 2061.153722
1.969997 2080.003917
1.979997 2098.712790
1.989997 2117.270892
1.999997 2135.668858
2.009997 2153.896833
2.019997 2171.944743
2.029997 2189.802246
2.039997 2207.459636
2.049997 2224.906630
2.059997 2242.132376
2.069997 2259.126326
2.079997 2275.877799
2.089997 2292.376404
2.099997 2308.610347
2.109997 2324.568980
2.119997 2340.240891
2.129997 2355.615171
2.139997 2370.679536
2.149997 2385.422831
2.159997 2399.833359
2.169997 2413.899102
2.179997 2427.608130
2.189997 2440.948197
2.199997 2453.907736
2.209997 2466.473485
2.219997 2478.633654
2.229997 2490.374975
2.239997 2501.686204
2.249997 2512.553292
2.259997 2522.963634
2.269997 2532.905268
2.279997 2542.363508
2.289997 2551.326385
2.299997 2559.780704
2.309997 2567.712457
2.319997 2575.108470
2.329997 2581.955828
2.339997 2588.240283
2.349997 2593.948232
2.359997 2599.066333
2.369997 2603.580647
2.379997 2607.476999
2.389997 2610.741823
2.399997 2613.360486
2.409997 2615.320272
2.419997 2616.605608
2.429996 2617.202837
2.439996 2617.098228
2.449996 2616.276416
2.459996 2614.723732
2.469996 2612.425821
2.479996 2609.368289
2.489996 2605.536106
2.499996 2600.915699
2.509996 2595.491685
2.519996 2589.250122
2.529996 2582.175605
2.539996 2574.254414
2.549996 2565.471673
2.559996 2555.812503
2.569996 2545.262562
2.579996 2533.807219
2.589996 2521.431328
2.599996 2508.120529
2.609996 2493.860202
2.619996 2478.635732
2.629996 2462.432754
2.639996 2445.235725
2.649996 2427.031032
2.659996 2407.803886
2.669996 2387.539317
2.679996 2366.223290
2.689996 2343.841556
2.699996 2320.378635
2.709996 2295.821012
2.719996 2270.153953
2.729996 2243.363195
2.739996 2215.435107
2.749996 2186.354755
2.759996 2156.108068
2.769996 2124.681397
2.779996 2092.060608
2.789996 2058.231831
2.799996 2023.181440
2.809996 1986.895236
2.819996 1949.359783
2.829996 1910.561870
2.839996 1870.487621
2.849996 1829.124158
2.859996 1786.457706
2.869996 1742.475592
2.879996 1697.164822
2.889996 1650.511916
2.899996 1602.505013
2.909996 1553.131240
2.919996 1502.377576
2.929996 1450.232050
2.939996 1396.682584
2.949996 1341.717134
2.959996 1285.323719
2.969996 1227.490534
2.979996 1168.205878
2.989996 1107.458990
2.999996 1045.237953
