-1.990000 -183.759879
-1.980000 -186.171644
-1.970000 -188.512836
-1.960000 -190.782803
-1.950000 -192.980888
-1.940000 -195.106028
-1.930000 -197.157888
-1.920000 -199.135784
-1.910000 -201.038962
-1.900000 -202.867175
-1.890000 -204.619648
-1.880000 -206.296170
-1.870000 -207.896229
-1.860000 -209.419532
-1.850000 -210.865775
-1.840000 -212.234580
-1.830000 -213.526055
-1.820000 -214.739733
-1.810000 -215.875516
-1.800000 -216.933496
-1.790000 -217.913513
-1.780000 -218.815508
-1.770000 -219.639763
-1.760000 -220.386181
-1.750000 -221.054830
-1.740000 -221.646113
-1.730000 -222.160059
-1.720000 -222.596971
-1.710000 -222.957256
-1.700000 -223.241057
-1.690000 -223.448826
-1.680000 -223.581022
-1.670000 -223.637961
-1.660000 -223.620267
-1.650000 -223.528298
-1.640000 -223.362779
-1.630000 -223.124168
-1.620000 -222.813016
-1.610000 -222.430184
-1.600000 -221.976230
-1.590000 -221.451895
-1.580000 -220.857985
-1.570000 -220.195151
-1.560000 -219.464261
-1.550000 -218.666240
-1.540000 -217.801830
-1.530000 -216.872078
-1.520000 -215.877749
-1.510000 -214.819915
-1.500000 -213.699549
-1.490000 -212.517528
-1.480000 -211.275000
-1.470001 -209.973014
-1.460001 -208.612672
-1.450001 -207.195071
-1.440001 -205.721177
-1.430001 -204.192281
-1.420001 -202.609575
-1.410001 -200.974177
-1.400001 -199.287319
-1.390001 -197.550278
-1.380001 -195.764141
-1.370001 -193.930372
-1.360001 -192.050046
-1.350001 -190.124582
-1.340001 -188.155267
-1.330001 -186.143401
-1.320001 -184.090340
-1.310001 -181.997456
-1.300001 -179.865997
-1.290001 -177.697460
-1.280001 -175.493131
-1.270001 -173.254452
-1.260001 -170.982860
-1.250001 -168.679652
-1.240001 -166.346296
-1.230001 -163.984293
-1.220001 -161.594904
-1.210001 -159.179727
-1.200001 -156.740077
-1.190001 -154.277402
-1.180001 -151.793265
-1.170001 -149.288964
-1.160001 -146.765993
-1.150001 -144.225891
-1.140001 -141.669930
-1.130001 -139.099687
-1.120001 -136.516571
-1.110001 -133.921976
-1.100001 -131.317400
-1.090001 -128.704258
-1.080001 -126.083959
-1.070001 -123.457960
-1.060001 -120.827618
-1.050001 -118.194444
-1.040001 -115.559715
-1.030001 -112.924886
-1.020001 -110.291389
-1.010001 -107.660540
-1.000001 -105.033711
-0.990001 -102.412252
-0.980001 -99.797511
-0.970001 -97.190825
-0.960001 -94.593492
-0.950001 -92.006847
-0.940001 -89.432147
-0.930001 -86.870661
-0.920001 -84.323689
-0.910001 -81.792442
-0.900001 -79.278114
-0.890001 -76.781966
-0.880001 -74.305146
-0.870001 -71.848851
-0.860001 -69.414204
-0.850001 -67.002341
-0.840001 -64.614387
-0.830001 -62.251425
-0.820001 -59.914505
-0.810001 -57.604665
-0.800001 -55.322954
-0.790001 -53.070352
-0.780001 -50.847819
-0.770001 -48.656328
-0.760001 -46.496800
-0.750001 -44.370105
-0.740001 -42.277137
-0.730001 -40.218739
-0.720001 -38.195735
-0.710001 -36.208895
-0.700001 -34.258994
-0.690001 -32.346792
-0.680001 -30.472957
-0.670001 -28.638180
-0.660001 -26.843106
-0.650001 -25.088362
-0.640001 -23.374518
-0.630001 -21.702150
-0.620001 -20.071774
-0.610001 -18.483885
-0.600001 -16.938939
-0.590001 -15.437379
-0.580001 -13.979592
-0.570001 -12.565952
-0.560001 -11.196788
-0.550001 -9.872397
-0.540001 -8.593050
-0.530001 -7.358979
-0.520001 -6.170380
-0.510001 -5.027419
-0.500001 -3.930225
-0.490001 -2.878891
-0.480001 -1.873485
-0.470001 -0.914025
-0.460001 -0.000510
-0.450001 0.867108
-0.440001 1.688911
-0.430001 2.465009
-0.420002 3.195554
-0.410002 3.880733
-0.400002 4.520764
-0.390002 5.115906
-0.380002 5.666452
-0.370002 6.172731
-0.360002 6.635104
-0.350002 7.053976
-0.340002 7.429778
-0.330002 7.762983
-0.320002 8.054098
-0.310002 8.303667
-0.300002 8.512267
-0.290002 8.680513
-0.280002 8.809052
-0.270002 8.898570
-0.260002 8.949785
-0.250002 8.963453
-0.240002 8.940362
-0.230002 8.881337
-0.220002 8.787236
-0.210002 8.658951
-0.200002 8.497410
-0.190002 8.303573
-0.180002 8.078434
-0.170002 7.823019
-0.160002 7.538392
-0.150002 7.225644
-0.140002 6.885902
-0.130002 6.520324
-0.120002 6.130099
-0.110002 5.716450
-0.100002 5.280630
-0.090002 4.823920
-0.080002 4.347637
-0.070002 3.853123
-0.060002 3.341752
-0.050002 2.814928
-0.040002 2.274082
-0.030002 1.720673
-0.020002 1.156191
-0.010002 0.582151
-0.000002 0.000095
0.009998 -0.588408
0.019998 -1.181763
0.029998 -1.778351
0.039998 -2.376525
0.049998 -2.974616
0.059998 -3.570931
0.069998 -4.163754
0.079998 -4.751345
0.089998 -5.331942
0.099998 -5.903764
0.109998 -6.465007
0.119998 -7.013846
0.129998 -7.548439
0.139998 -8.066924
0.149998 -8.567419
0.159998 -9.048027
0.169998 -9.506833
0.179998 -9.941904
0.189998 -10.351296
0.199998 -10.733046
0.209998 -11.085179
0.219998 -11.405704
0.229998 -11.692622
0.239998 -11.943918
0.249998 -12.157569
0.259998 -12.331538
0.269998 -12.463783
0.279998 -12.552250
0.289998 -12.594878
0.299998 -12.589599
0.309998 -12.534337
0.319998 -12.427015
0.329998 -12.265546
0.339998 -12.047843
0.349998 -11.771813
0.359998 -11.435364
0.369998 -11.036400
0.379998 -10.572825
0.389998 -10.042546
0.399998 -9.443469
0.409998 -8.773502
0.419998 -8.030557
0.429998 -7.212551
0.439998 -6.317404
0.449998 -5.343041
0.459998 -4.287397
0.469998 -3.148411
0.479998 -1.924040
0.489998 -0.612235
0.499998 0.789033
0.509998 2.281785
0.519998 3.868021
0.529998 5.549740
0.539998 7.328924
0.549998 9.207524
0.559998 11.187503
0.569998 13.270790
0.579998 15.459286
0.589998 17.754891
0.599998 20.159491
0.609998 22.674927
0.619998 25.303029
0.629998 28.045610
0.639998 30.904459
0.649998 33.881333
0.659998 36.977968
0.669998 40.196056
0.679998 43.537297
0.689998 47.003345
0.699998 50.595800
0.709998 54.316289
0.719998 58.166327
0.729998 62.147479
0.739998 66.261214
0.749998 70.509009
0.759998 74.892284
0.769998 79.412435
0.779998 84.070797
0.789998 88.868702
0.799998 93.807397
0.809998 98.888145
0.819998 104.112113
0.829998 109.480482
0.839998 114.994343
0.849998 120.654782
0.859998 126.462803
0.869998 132.419353
0.879998 138.525414
0.889998 144.781840
0.899998 151.189435
0.909998 157.749052
0.919998 164.461371
0.929998 171.327096
0.939998 178.346878
0.949998 185.521269
0.959998 192.850764
0.969998 200.335931
0.979998 207.977133
0.989998 215.774700
0.999998 223.728957
1.009998 231.840199
1.019998 240.108585
1.029998 248.534214
1.039998 257.117177
1.049998 265.857507
1.059998 274.755094
1.069998 283.809953
1.079998 293.021771
1.089998 302.390357
1.099998 311.915456
1.109998 321.596616
1.119998 331.433451
1.129998 341.425539
1.139998 351.572173
1.149998 361.872768
1.159998 372.326674
1.169998 382.933030
1.179998 393.691106
1.189998 404.599929
1.199998 415.658459
1.209998 426.865838
1.219998 438.220711
1.229998 449.722080
1.239998 461.368614
1.249997 473.158855
1.259997 485.091613
1.269997 497.165166
1.279997 509.378120
1.289997 521.728776
1.299997 534.215417
1.309997 546.836308
1.319997 559.589581
1.329997 572.473172
1.339997 585.485178
1.349997 598.623559
1.359997 611.886019
1.369997 625.270424
1.379997 638.774322
1.389997 652.395422
1.399997 666.131174
1.409997 679.979011
1.419997 693.936346
1.429997 708.000394
1.439997 722.168469
1.449997 736.437566
1.459997 750.804721
1.469997 765.267071
1.479997 779.821311
1.489997 794.464299
1.499997 809.192871
1.509997 824.003483
1.519997 838.892813
1.529997 853.857337
1.539997 868.893392
1.549997 883.997415
1.559997 899.165523
1.569997 914.393995
1.579997 929.678787
1.589997 945.016019
1.599997 960.401550
1.609997 975.831158
1.619997 991.300789
1.629997 1006.806123
1.639997 1022.342644
1.649997 1037.905878
1.659997 1053.491394
1.669997 1069.094441
1.679997 1084.710433
1.689997 1100.334708
1.699997 1115.962043
1.709997 1131.587742
1.719997 1147.206674
1.729997 1162.814112
1.739997 1178.404413
1.749997 1193.972700
1.759997 1209.513543
1.769997 1225.021559
1.779997 1240.491171
1.789997 1255.917090
1.799997 1271.293716
1.809997 1286.615258
1.819997 1301.875856
1.829997 1317.070055
1.839997 1332.191620
1.849997 1347.234956
1.859997 1362.193578
1.869997 1377.061990
1.879997 1391.833691
1.889997 1406.502584
1.899997 1421.062160
1.909997 1435.506655
1.919997 1449.828858
1.929997 1464.023108
1.939997 1478.082305
1.949997 1492.000319
1.959997 1505.770048
1.969997 1519.385243
1.979997 1532.838693
1.989997 1546.124029
1.999997 1559.234045
2.009997 1572.162282
2.019997 1584.900940
2.029997 1597.444007
2.039997 1609.783742
2.049997 1621.913018
2.059997 1633.824875
2.069997 1645.511982
2.079997 1656.967388
2.089997 1668.183246
2.099997 1679.152834
2.109997 1689.868222
2.119997 1700.321869
2.129997 1710.507026
2.139997 1720.415344
2.149997 1730.040195
2.159997 1739.373473
2.169997 1748.407050
2.179997 1757.134182
2.189997 1765.546676
2.199997 1773.636917
2.209997 1781.397260
2.219997 1788.819836
2.229997 1795.896944
2.239997 1802.620669
2.249997 1808.983267
2.259997 1814.976778
2.269997 1820.593606
2.279997 1825.825199
2.289997 1830.664481
2.299997 1835.102878
2.309997 1839.132909
2.319997 1842.746531
2.329997 1845.935338
2.339997 1848.691991
2.349997 1851.008250
2.359997 1852.875883
2.369997 1854.287348
2.379997 1855.234580
2.389997 1855.709519
2.399997 1855.704112
2.409997 1855.210644
2.419997 1854.221069
2.429996 1852.727359
2.439996 1850.721340
2.449996 1848.195642
2.459996 1845.142114
2.469996 1841.552785
2.479996 1837.419857
2.489996 1832.735400
2.499996 1827.491658
2.509996 1821.680893
2.519996 1815.295252
2.529996 1808.326769
2.539996 1800.768214
2.549996 1792.611273
2.559996 1783.848908
2.569996 1774.473158
2.579996 1764.476771
2.589996 1753.851617
2.599996 1742.590530
2.609996 1730.686244
2.619996 1718.131281
2.629996 1704.918100
2.639996 1691.039573
2.649996 1676.488154
2.659996 1661.257049
2.669996 1645.338718
2.679996 1628.726470
2.689996 1611.413005
2.699996 1593.391631
2.709996 1574.655088
2.719996 1555.196813
2.729996 1535.009998
2.739996 1514.088007
2.749996 1492.424088
2.759996 1470.011759
2.769996 1446.844969
2.779996 1422.916754
2.789996 1398.221137
2.799996 1372.751862
2.809996 1346.502609
2.819996 1319.467555
2.829996 1291.640871
2.839996 1263.016662
2.849996 1233.588853
2.859996 1203.352188
2.869996 1172.300934
2.879996 1140.429612
2.889996 1107.732971
2.899996 1074.205738
2.909996 1039.842751
2.919996 1004.639074
2.929996 968.589661
2.939996 931.689900
2.949996 893.934983
2.959996 855.320246
2.969996 815.841587
2.979996 775.494404
2.989996 734.274653
2.999996 692.178178
