-1.990000 251.529196
-1.980000 241.848324
-1.970000 232.220194
-1.960000 222.649405
-1.950000 213.139438
-1.940000 203.694579
-1.930000 194.318244
-1.920000 185.014692
-1.910000 175.786905
-1.900000 166.638883
-1.890000 157.573620
-1.880000 148.594657
-1.870000 139.704897
-1.860000 130.907610
-1.850000 122.205919
-1.840000 113.602426
-1.830000 105.099982
-1.820000 96.701415
-1.810000 88.409142
-1.800000 80.225718
-1.790000 72.153436
-1.780000 64.194657
-1.770000 56.351754
-1.760000 48.626513
-1.750000 41.021346
-1.740000 33.537486
-1.730000 26.177290
-1.720000 18.942461
-1.710000 11.834304
-1.700000 4.854476
-1.690000 -1.995481
-1.680000 -8.714354
-1.670000 -15.300955
-1.660000 -21.753885
-1.650000 -28.072319
-1.640000 -34.254983
-1.630000 -40.301405
-1.620000 -46.210488
-1.610000 -51.981512
-1.600000 -57.613904
-1.590000 -63.107307
-1.580000 -68.460891
-1.570000 -73.674514
-1.560000 -78.747761
-1.550000 -83.680663
-1.540000 -88.472763
-1.530000 -93.124006
-1.520000 -97.634662
-1.510000 -102.004626
-1.500000 -106.234072
-1.490000 -110.323312
-1.480000 -114.272583
-1.470001 -118.082342
-1.460001 -121.753173
-1.450001 -125.285224
-1.440001 -128.679460
-1.430001 -131.936308
-1.420001 -135.056546
-1.410001 -138.041073
-1.400001 -140.890590
-1.390001 -143.606105
-1.380001 -146.188563
-1.370001 -148.638985
-1.360001 -150.958465
-1.350001 -153.148137
-1.340001 -155.209177
-1.330001 -157.142994
-1.320001 -158.950778
-1.310001 -160.633938
-1.300001 -162.193767
-1.290001 -163.631800
-1.280001 -164.949663
-1.270001 -166.148673
-1.260001 -167.230575
-1.250001 -168.197022
-1.240001 -169.049580
-1.230001 -169.790043
-1.220001 -170.420256
-1.210001 -170.941815
-1.200001 -171.356722
-1.190001 -171.666745
-1.180001 -171.873811
-1.170001 -171.979806
-1.160001 -171.986705
-1.150001 -171.896565
-1.140001 -171.711359
-1.130001 -171.433125
-1.120001 -171.063900
-1.110001 -170.605701
-1.100001 -170.060732
-1.090001 -169.431130
-1.080001 -168.719001
-1.070001 -167.926530
-1.060001 -167.055839
-1.050001 -166.109093
-1.040001 -165.088597
-1.030001 -163.996459
-1.020001 -162.834977
-1.010001 -161.606303
-1.000001 -160.312801
-0.990001 -158.956530
-0.980001 -157.539812
-0.970001 -156.064943
-0.960001 -154.534104
-0.950001 -152.949555
-0.940001 -151.313551
-0.930001 -149.628293
-0.920001 -147.896042
-0.910001 -146.119026
-0.900001 -144.299465
-0.890001 -142.439522
-0.880001 -140.541459
-0.870001 -138.607463
-0.860001 -136.639665
-0.850001 -134.640226
-0.840001 -132.611327
-0.830001 -130.555074
-0.820001 -128.473556
-0.810001 -126.368930
-0.800001 -124.243190
-0.790001 -122.098417
-0.780001 -119.936625
-0.770001 -117.759805
-0.760001 -115.569964
-0.750001 -113.369040
-0.740001 -111.158900
-0.730001 -108.941508
-0.720001 -106.718684
-0.710001 -104.492248
-0.700001 -102.264027
-0.690001 -100.035744
-0.680001 -97.809159
-0.670001 -95.585944
-0.660001 -93.367767
-0.650001 -91.156227
-0.640001 -88.952934
-0.630001 -86.759398
-0.620001 -84.577140
-0.610001 -82.407590
-0.600001 -80.252191
-0.590001 -78.112307
-0.580001 -75.989242
-0.570001 -73.884312
-0.560001 -71.798730
-0.550001 -69.733689
-0.540001 -67.690355
-0.530001 -65.669784
-0.520001 -63.673054
-0.510001 -61.701143
-0.500001 -59.754998
-0.490001 -57.835522
-0.480001 -55.943552
-0.470001 -54.079875
-0.460001 -52.245238
-0.450001 -50.440320
-0.440001 -48.665752
-0.430001 -46.922109
-0.420002 -45.209915
-0.410002 -43.529636
-0.400002 -41.881679
-0.390002 -40.266397
-0.380002 -38.684094
-0.370002 -37.135001
-0.360002 -35.619300
-0.350002 -34.137121
-0.340002 -32.688532
-0.330002 -31.273536
-0.320002 -29.892084
-0.310002 -28.544071
-0.300002 -27.229320
-0.290002 -25.947614
-0.280002 -24.698660
-0.270002 -23.482114
-0.260002 -22.297570
-0.250002 -21.144566
-0.240002 -20.022571
-0.230002 -18.931009
-0.220002 -17.869231
-0.210002 -16.836539
-0.200002 -15.832165
-0.190002 -14.855292
-0.180002 -13.905039
-0.170002 -12.980464
-0.160002 -12.080570
-0.150002 -11.204297
-0.140002 -10.350533
-0.130002 -9.518102
-0.120002 -8.705773
-0.110002 -7.912257
-0.100002 -7.136208
-0.090002 -6.376221
-0.080002 -5.630838
-0.070002 -4.898543
-0.060002 -4.177766
-0.050002 -3.466880
-0.040002 -2.764203
-0.030002 -2.068003
-0.020002 -1.376490
-0.010002 -0.687824
-0.000002 -0.000112
0.009998 0.688592
0.019998 1.380283
0.029998 2.077008
0.039998 2.780861
0.049998 3.493988
0.059998 4.218581
0.069998 4.956880
0.079998 5.711172
0.089998 6.483788
0.099998 7.277106
0.109998 8.093545
0.119998 8.935570
0.129998 9.805687
0.139998 10.706443
0.149998 11.640424
0.159998 12.610258
0.169998 13.618606
0.179998 14.668172
0.189998 15.761693
0.199998 16.901938
0.209998 18.091717
0.219998 19.333867
0.229998 20.631259
0.239998 21.986790
0.249998 23.403394
0.259998 24.884022
0.269998 26.431662
0.279998 28.049326
0.289998 29.740042
0.299998 31.506872
0.309998 33.352887
0.319998 35.281189
0.329998 37.294897
0.339998 39.397140
0.349998 41.591075
0.359998 43.879858
0.369998 46.266676
0.379998 48.754711
0.389998 51.347174
0.399998 54.047262
0.409998 56.858192
0.419998 59.783195
0.429998 62.825496
0.439998 65.988316
0.449998 69.274897
0.459998 72.688458
0.469998 76.232236
0.479998 79.909449
0.489998 83.723326
0.499998 87.677082
0.509998 91.773929
0.519998 96.017022
0.529998 100.409582
0.539998 104.954774
0.549998 109.655737
0.559998 114.515638
0.569998 119.537564
0.579998 124.724653
0.589998 130.079960
0.599998 135.606543
0.609998 141.307451
0.619998 147.185657
0.629998 153.244172
0.639998 159.485927
0.649998 165.913847
0.659998 172.530759
0.669998 179.339584
0.679998 186.343113
0.689998 193.544061
0.699998 200.945215
0.709998 208.549265
0.719998 216.358815
0.729998 224.376463
0.739998 232.604781
0.749998 241.046270
0.759998 249.703382
0.769998 258.578494
0.779998 267.673948
0.789998 276.992054
0.799998 286.535019
0.809998 296.305034
0.819998 306.304165
0.829998 316.534454
0.839998 326.997949
0.849998 337.696474
0.859998 348.631940
0.869998 359.806101
0.879998 371.220659
0.889998 382.877174
0.899998 394.777293
0.909998 406.922472
0.919998 419.314084
0.929998 431.953450
0.939998 444.841805
0.949998 457.980303
0.959998 471.370013
0.969998 485.011917
0.979998 498.906959
0.989998 513.055688
0.999998 527.459172
1.009998 542.117879
1.019998 557.032281
1.029998 572.202857
1.039998 587.629887
1.049998 603.313654
1.059998 619.254343
1.069998 635.451822
1.079998 651.906178
1.089998 668.617069
1.099998 685.584263
1.109998 702.807419
1.119998 720.285980
1.129998 738.019387
1.139998 756.006859
1.149998 774.247612
1.159998 792.740527
1.169998 811.484811
1.179998 830.479000
1.189998 849.721956
1.199998 869.212200
1.209998 888.948129
1.219998 908.928247
1.229998 929.150478
1.239998 949.613196
1.249997 970.314188
1.259997 991.251346
1.269997 1012.422437
1.279997 1033.824982
1.289997 1055.456253
1.299997 1077.313747
1.309997 1099.394710
1.319997 1121.696139
1.329997 1144.214901
1.339997 1166.947723
1.349997 1189.891440
1.359997 1213.042511
1.369997 1236.397261
1.379997 1259.951877
1.389997 1283.702647
1.399997 1307.645363
1.409997 1331.775917
1.419997 1356.090062
1.429997 1380.583291
1.439997 1405.251078
1.449997 1430.088513
1.459997 1455.091029
1.469997 1480.253191
1.479997 1505.570270
1.489997 1531.036666
1.499997 1556.647123
1.509997 1582.395998
1.519997 1608.277507
1.529997 1634.285718
1.539997 1660.414925
1.549997 1686.658789
1.559997 1713.010826
1.569997 1739.464777
1.579997 1766.013991
1.589997 1792.651920
1.599997 1819.371506
1.609997 1846.165668
1.619997 1873.027304
1.629997 1899.949169
1.639997 1926.923751
1.649997 1953.943518
1.659997 1981.000675
1.669997 2008.087405
1.679997 2035.195747
1.689997 2062.317117
1.699997 2089.443878
1.709997 2116.566922
1.719997 2143.678088
1.729997 2170.768595
1.739997 2197.829279
1.749997 2224.851563
1.759997 2251.826008
1.769997 2278.743523
1.779997 2305.594874
1.789997 2332.369743
1.799997 2359.059345
1.809997 2385.653332
1.819997 2412.141938
1.829997 2438.515264
1.839997 2464.762574
1.849997 2490.873945
1.859997 2516.839089
1.869997 2542.646656
1.879997 2568.286806
1.889997 2593.748175
1.899997 2619.019743
1.909997 2644.091291
1.919997 2668.950401
1.929997 2693.586156
1.939997 2717.987286
1.949997 2742.142177
1.959997 2766.039327
1.969997 2789.666892
1.979997 2813.012696
1.989997 2836.065126
1.999997 2858.811789
2.009997 2881.240251
2.019997 2903.338673
2.029997 2925.094198
2.039997 2946.494687
2.049997 2967.527242
2.059997 2988.179090
2.069997 3008.437581
2.079997 3028.290180
2.089997 3047.723195
2.099997 3066.723915
2.109997 3085.278905
2.119997 3103.375072
2.129997 3120.999440
2.139997 3138.137922
2.149997 3154.777798
2.159997 3170.904427
2.169997 3186.505142
2.179997 3201.566179
2.189997 3216.072713
2.199997 3230.012059
2.209997 3243.370257
2.219997 3256.132709
2.229997 3268.285551
2.239997 3279.815244
2.249997 3290.706849
2.259997 3300.946727
2.269997 3310.520801
2.279997 3319.414206
2.289997 3327.613160
2.299997 3335.103099
2.309997 3341.869792
2.319997 3347.898974
2.329997 3353.175992
2.339997 3357.686177
2.349997 3361.415542
2.359997 3364.349374
2.369997 3366.472613
2.379997 3367.771557
2.389997 3368.231795
2.399997 3367.837915
2.409997 3366.576499
2.419997 3364.431498
2.429996 3361.389806
2.439996 3357.436054
2.449996 3352.556169
2.459996 3346.735456
2.469996 3339.959550
2.479996 3332.213804
2.489996 3323.483603
2.499996 3313.755834
2.509996 3303.014173
2.519996 3291.245566
2.529996 3278.435526
2.539996 3264.569344
2.549996 3249.632925
2.559996 3233.612757
2.569996 3216.494023
2.579996 3198.263045
2.589996 3178.905929
2.599996 3158.408335
2.609996 3136.756515
2.619996 3113.936787
2.629996 3089.936019
2.639996 3064.739239
2.649996 3038.333959
2.659996 3010.706804
2.669996 2981.843813
2.679996 2951.732041
2.689996 2920.358403
2.699996 2887.709287
2.709996 2853.772460
2.719996 2818.534742
2.729996 2781.983487
2.739996 2744.106163
2.749996 2704.890170
2.759996 2664.323226
2.769996 2622.392643
2.779996 2579.087127
2.789996 2534.394433
2.799996 2488.302327
2.809996 2440.799725
2.819996 2391.875323
2.829996 2341.516750
2.839996 2289.713660
2.849996 2236.455067
2.859996 2181.729740
2.869996 2125.527192
2.879996 2067.836837
2.889996 2008.648277
2.899996 1947.951546
2.909996 1885.736504
2.919996 1821.993663
2.929996 1756.713070
2.939996 1689.885924
2.949996 1621.502594
2.959996 1551.554452
2.969996 1480.032184
2.979996 1406.928077
2.989996 1332.233425
2.999996 1255.939837
