-1.990000 -2446.147062
-1.980000 -2425.449920
-1.970000 -2404.480849
-1.960000 -2383.251777
-1.950000 -2361.772302
-1.940000 -2340.053515
-1.930000 -2318.105288
-1.920000 -2295.938083
-1.910000 -2273.561817
-1.900000 -2250.987002
-1.890000 -2228.223370
-1.880000 -2205.280787
-1.870000 -2182.169488
-1.860000 -2158.898213
-1.850000 -2135.477470
-1.840000 -2111.916499
-1.830000 -2088.224676
-1.820000 -2064.411508
-1.810000 -2040.485926
-1.800000 -2016.457231
-1.790000 -1992.334025
-1.780000 -1968.125395
-1.770000 -1943.840444
-1.760000 -1919.487569
-1.750000 -1895.075293
-1.740000 -1870.612033
-1.730000 -1846.106453
-1.720000 -1821.566262
-1.710000 -1797.000020
-1.700000 -1772.415451
-1.690000 -1747.820525
-1.680000 -1723.222977
-1.670000 -1698.630790
-1.660000 -1674.050980
-1.650000 -1649.491297
-1.640000 -1624.958885
-1.630000 -1600.461016
-1.620000 -1576.004841
-1.610000 -1551.597150
-1.600000 -1527.244733
-1.590000 -1502.954383
-1.580000 -1478.732773
-1.570000 -1454.586087
-1.560000 -1430.521001
-1.550000 -1406.543702
-1.540000 -1382.660133
-1.530000 -1358.876114
-1.520000 -1335.197835
-1.510000 -1311.630872
-1.500000 -1288.180923
-1.490000 -1264.853444
-1.480000 -1241.653522
-1.470001 -1218.586855
-1.460001 -1195.658408
-1.450001 -1172.873024
-1.440001 -1150.235788
-1.430001 -1127.751299
-1.420001 -1105.424277
-1.410001 -1083.259197
-1.400001 -1061.260535
-1.390001 -1039.432284
-1.380001 -1017.778915
-1.370001 -996.304179
-1.360001 -975.012306
-1.350001 -953.906926
-1.340001 -932.991549
-1.330001 -912.269805
-1.320001 -891.745205
-1.310001 -871.421019
-1.300001 -851.300404
-1.290001 -831.386511
-1.280001 -811.682262
-1.270001 -792.190341
-1.260001 -772.913553
-1.250001 -753.854586
-1.240001 -735.016010
-1.230001 -716.399938
-1.220001 -698.008828
-1.210001 -679.844683
-1.200001 -661.909621
-1.190001 -644.205648
-1.180001 -626.734433
-1.170001 -609.497761
-1.160001 -592.497198
-1.150001 -575.734309
-1.140001 -559.210333
-1.130001 -542.926622
-1.120001 -526.884424
-1.110001 -511.084661
-1.100001 -495.528371
-1.090001 -480.216381
-1.080001 -465.149416
-1.070001 -450.328209
-1.060001 -435.753310
-1.050001 -421.425145
-1.040001 -407.344070
-1.030001 -393.510318
-1.020001 -379.924079
-1.010001 -366.585500
-1.000001 -353.494427
-0.990001 -340.650823
-0.980001 -328.054558
-0.970001 -315.705156
-0.960001 -303.602411
-0.950001 -291.745725
-0.940001 -280.134640
-0.930001 -268.768487
-0.920001 -257.646492
-0.910001 -246.767896
-0.900001 -236.131832
-0.890001 -225.737283
-0.880001 -215.583250
-0.870001 -205.668606
-0.860001 -195.992105
-0.850001 -186.552541
-0.840001 -177.348520
-0.830001 -168.378644
-0.820001 -159.641424
-0.810001 -151.135299
-0.800001 -142.858664
-0.790001 -134.809805
-0.780001 -126.986962
-0.770001 -119.388336
-0.760001 -112.012022
-0.750001 -104.856137
-0.740001 -97.918615
-0.730001 -91.197395
-0.720001 -84.690440
-0.710001 -78.395496
-0.700001 -72.310357
-0.690001 -66.432783
-0.680001 -60.760406
-0.670001 -55.290867
-0.660001 -50.021749
-0.650001 -44.950570
-0.640001 -40.074822
-0.630001 -35.391944
-0.620001 -30.899334
-0.610001 -26.594358
-0.600001 -22.474332
-0.590001 -18.536539
-0.580001 -14.778230
-0.570001 -11.196607
-0.560001 -7.788846
-0.550001 -4.552117
-0.540001 -1.483518
-0.530001 1.419872
-0.520001 4.160964
-0.510001 6.742742
-0.500001 9.168200
-0.490001 11.440342
-0.480001 13.562201
-0.470001 15.536834
-0.460001 17.367320
-0.450001 19.056744
-0.440001 20.608214
-0.430001 22.024849
-0.420002 23.309789
-0.410002 24.466177
-0.400002 25.497168
-0.390002 26.405932
-0.380002 27.195637
-0.370002 27.869468
-0.360002 28.430604
-0.350002 28.882233
-0.340002 29.227550
-0.330002 29.469743
-0.320002 29.611999
-0.310002 29.657513
-0.300002 29.609466
-0.290002 29.471042
-0.280002 29.245418
-0.270002 28.935759
-0.260002 28.545228
-0.250002 28.076977
-0.240002 27.534146
-0.230002 26.919864
-0.220002 26.237250
-0.210002 25.489403
-0.200002 24.679411
-0.190002 23.810345
-0.180002 22.885258
-0.170002 21.907182
-0.160002 20.879133
-0.150002 19.804107
-0.140002 18.685070
-0.130002 17.524972
-0.120002 16.326739
-0.110002 15.093267
-0.100002 13.827430
-0.090002 12.532074
-0.080002 11.210015
-0.070002 9.864041
-0.060002 8.496910
-0.050002 7.111349
-0.040002 5.710052
-0.030002 4.295681
-0.020002 2.870865
-0.010002 1.438196
-0.000002 0.000234
0.009998 -1.440501
0.019998 -2.881524
0.029998 -4.320389
0.039998 -5.754686
0.049998 -7.182048
0.059998 -8.600148
0.069998 -10.006695
0.079998 -11.399446
0.089998 -12.776197
0.099998 -14.134786
0.109998 -15.473098
0.119998 -16.789058
0.129998 -18.080640
0.139998 -19.345860
0.149998 -20.582780
0.159998 -21.789511
0.169998 -22.964209
0.179998 -24.105079
0.189998 -25.210368
0.199998 -26.278382
0.209998 -27.307466
0.219998 -28.296018
0.229998 -29.242490
0.239998 -30.145377
0.249998 -31.003225
0.259998 -31.814634
0.269998 -32.578255
0.279998 -33.292786
0.289998 -33.956983
0.299998 -34.569644
0.309998 -35.129634
0.319998 -35.635852
0.329998 -36.087265
0.339998 -36.482882
0.349998 -36.821772
0.359998 -37.103047
0.369998 -37.325882
0.379998 -37.489505
0.389998 -37.593183
0.399998 -37.636254
0.409998 -37.618098
0.419998 -37.538149
0.429998 -37.395896
0.439998 -37.190883
0.449998 -36.922708
0.459998 -36.591002
0.469998 -36.195480
0.479998 -35.735892
0.489998 -35.212041
0.499998 -34.623775
0.509998 -33.971004
0.519998 -33.253702
0.529998 -32.471870
0.539998 -31.625563
0.549998 -30.714913
0.559998 -29.740070
0.569998 -28.701247
0.579998 -27.598721
0.589998 -26.432792
0.599998 -25.203826
0.609998 -23.912239
0.619998 -22.558491
0.629998 -21.143078
0.639998 -19.666575
0.649998 -18.129574
0.659998 -16.532727
0.669998 -14.876707
0.679998 -13.162295
0.689998 -11.390250
0.699998 -9.561394
0.709998 -7.676634
0.719998 -5.736843
0.729998 -3.743013
0.739998 -1.696139
0.749998 0.402756
0.759998 2.552565
0.769998 4.752162
0.779998 7.000414
0.789998 9.296096
0.799998 11.637978
0.809998 14.024781
0.819998 16.455212
0.829998 18.927910
0.839998 21.441457
0.849998 23.994478
0.859998 26.585544
0.869998 29.213137
0.879998 31.875728
0.889998 34.571830
0.899998 37.299796
0.909998 40.058115
0.919998 42.845096
0.929998 45.659053
0.939998 48.498384
0.949998 51.361319
0.959998 54.246170
0.969998 57.151165
0.979998 60.074487
0.989998 63.014395
0.999998 65.969041
1.009998 68.936583
1.019998 71.915159
1.029998 74.902943
1.039998 77.897962
1.049998 80.898372
1.059998 83.902249
1.069998 86.907616
1.079998 89.912576
1.089998 92.915156
1.099998 95.913344
1.109998 98.905227
1.119998 101.888819
1.129998 104.862070
1.139998 107.823021
1.149998 110.769696
1.159998 113.700029
1.169998 116.612095
1.179998 119.503796
1.189998 122.373234
1.199998 125.218256
1.209998 128.036995
1.219998 130.827358
1.229998 133.587373
1.239998 136.315043
1.249997 139.008378
1.259997 141.665454
1.269997 144.284270
1.279997 146.862773
1.289997 149.399158
1.299997 151.891484
1.309997 154.337739
1.319997 156.735978
1.329997 159.084424
1.339997 161.381138
1.349997 163.624317
1.359997 165.812118
1.369997 167.942629
1.379997 170.014139
1.389997 172.024777
1.399997 173.972908
1.409997 175.856772
1.419997 177.674692
1.429997 179.424929
1.439997 181.105864
1.449997 182.715783
1.459997 184.253306
1.469997 185.716752
1.479997 187.104593
1.489997 188.415272
1.499997 189.647480
1.509997 190.799731
1.519997 191.870637
1.529997 192.858907
1.539997 193.763074
1.549997 194.581927
1.559997 195.314416
1.569997 195.959013
1.579997 196.515058
1.589997 196.981018
1.599997 197.355984
1.609997 197.638940
1.619997 197.828978
1.629997 197.925025
1.639997 197.926509
1.649997 197.832303
1.659997 197.641662
1.669997 197.354044
1.679997 196.968716
1.689997 196.485090
1.699997 195.902356
1.709997 195.220367
1.719997 194.438333
1.729997 193.556217
1.739997 192.573431
1.749997 191.489660
1.759997 190.304857
1.769997 189.018791
1.779997 187.631322
1.789997 186.142343
1.799997 184.552102
1.809997 182.860407
1.819997 181.067392
1.829997 179.173672
1.839997 177.178948
1.849997 175.084135
1.859997 172.888979
1.869997 170.594554
1.879997 168.200913
1.889997 165.708823
1.899997 163.119085
1.909997 160.432422
1.919997 157.649280
1.929997 154.770894
1.939997 151.797965
1.949997 148.731719
1.959997 145.573024
1.969997 142.323132
1.979997 138.983252
1.989997 135.554578
1.999997 132.038683
2.009997 128.436649
2.019997 124.750011
2.029997 120.980876
2.039997 117.130441
2.049997 113.200224
2.059997 109.192333
2.069997 105.108620
2.079997 100.951037
2.089997 96.721382
2.099997 92.421688
2.109997 88.054481
2.119997 83.621663
2.129997 79.125588
2.139997 74.568684
2.149997 69.953387
2.159997 65.282062
2.169997 60.557558
2.179997 55.782225
2.189997 50.959250
2.199997 46.090796
2.209997 41.180229
2.219997 36.230255
2.229997 31.244048
2.239997 26.224496
2.249997 21.175103
2.259997 16.098770
2.269997 10.998797
2.279997 5.878610
2.289997 0.741886
2.299997 -4.408147
2.309997 -9.567766
2.319997 -14.733367
2.329997 -19.901415
2.339997 -25.067906
2.349997 -30.229100
2.359997 -35.380759
2.369997 -40.519374
2.379997 -45.640998
2.389997 -50.740867
2.399997 -55.815351
2.409997 -60.859901
2.419997 -65.870406
2.429996 -70.842540
2.439996 -75.771741
2.449996 -80.653863
2.459996 -85.483770
2.469996 -90.257366
2.479996 -94.969845
2.489996 -99.616528
2.499996 -104.192530
2.509996 -108.693184
2.519996 -113.113356
2.529996 -117.448438
2.539996 -121.693588
2.549996 -125.843249
2.559996 -129.892515
2.569996 -133.836663
2.579996 -137.669881
2.589996 -141.387503
2.599996 -144.983884
2.609996 -148.453972
2.619996 -151.792336
2.629996 -154.993584
2.639996 -158.052164
2.649996 -160.962769
2.659996 -163.719773
2.669996 -166.317745
2.679996 -168.750922
2.689996 -171.013910
2.699996 -173.100743
2.709996 -175.005999
2.719996 -176.724155
2.729996 -178.248911
2.739996 -179.575100
2.749996 -180.696543
2.759996 -181.607473
2.769996 -182.302239
2.779996 -182.774819
2.789996 -183.019430
2.799996 -183.030198
2.809996 -182.801146
2.819996 -182.326231
2.829996 -181.599746
2.839996 -180.615807
2.849996 -179.368122
2.859996 -177.851031
2.869996 -176.058433
2.879996 -173.984402
2.889996 -171.622910
2.899996 -168.968026
2.909996 -166.013896
2.919996 -162.754328
2.929996 -159.183377
2.939996 -155.295273
2.949996 -151.083872
2.959996 -146.543452
2.969996 -141.667778
2.979996 -136.451169
2.989996 -130.887760
2.999996 -124.971608
