-1.990000 -2903.524306
-1.980000 -2877.618710
-1.970000 -2851.464005
-1.960000 -2825.072798
-1.950000 -2798.458430
-1.940000 -2771.634537
-1.930000 -2744.613234
-1.920000 -2717.408294
-1.910000 -2690.031269
-1.900000 -2662.494222
-1.890000 -2634.810204
-1.880000 -2606.990944
-1.870000 -2579.048932
-1.860000 -2550.994853
-1.850000 -2522.840617
-1.840000 -2494.597258
-1.830000 -2466.276340
-1.820000 -2437.889020
-1.810000 -2409.445804
-1.800000 -2380.957256
-1.790000 -2352.433762
-1.780000 -2323.885766
-1.770000 -2295.323773
-1.760000 -2266.756914
-1.750000 -2238.195334
-1.740000 -2209.648518
-1.730000 -2181.125769
-1.720000 -2152.636933
-1.710000 -2124.189984
-1.700000 -2095.794162
-1.690000 -2067.458283
-1.680000 -2039.190738
-1.670000 -2010.999980
-1.660000 -1982.893791
-1.650000 -1954.880014
-1.640000 -1926.966552
-1.630000 -1899.160882
-1.620000 -1871.470788
-1.610000 -1843.902893
-1.600000 -1816.464616
-1.590000 -1789.161975
-1.580000 -1762.002756
-1.570000 -1734.992859
-1.560000 -1708.138245
-1.550000 -1681.445430
-1.540000 -1654.920260
-1.530000 -1628.568648
-1.520000 -1602.395840
-1.510000 -1576.407150
-1.500000 -1550.608201
-1.490000 -1525.003710
-1.480000 -1499.598465
-1.470001 -1474.397318
-1.460001 -1449.404954
-1.450001 -1424.625393
-1.440001 -1400.062734
-1.430001 -1375.721627
-1.420001 -1351.605103
-1.410001 -1327.717114
-1.400001 -1304.061202
-1.390001 -1280.640744
-1.380001 -1257.458713
-1.370001 -1234.518279
-1.360001 -1211.822329
-1.350001 -1189.373351
-1.340001 -1167.173914
-1.330001 -1145.226430
-1.320001 -1123.533035
-1.310001 -1102.095948
-1.300001 -1080.916997
-1.290001 -1059.997743
-1.280001 -1039.339949
-1.270001 -1018.944998
-1.260001 -998.814355
-1.250001 -978.948763
-1.240001 -959.349750
-1.230001 -940.018005
-1.220001 -920.954080
-1.210001 -902.158792
-1.200001 -883.632478
-1.190001 -865.375513
-1.180001 -847.388026
-1.170001 -829.670186
-1.160001 -812.221864
-1.150001 -795.042862
-1.140001 -778.132912
-1.130001 -761.491625
-1.120001 -745.118216
-1.110001 -729.012277
-1.100001 -713.172901
-1.090001 -697.599173
-1.080001 -682.290179
-1.070001 -667.244622
-1.060001 -652.461317
-1.050001 -637.938971
-1.040001 -623.676239
-1.030001 -609.671466
-1.020001 -595.922951
-1.010001 -582.429001
-1.000001 -569.187881
-0.990001 -556.197556
-0.980001 -543.456108
-0.970001 -530.961378
-0.960001 -518.711171
-0.950001 -506.703214
-0.940001 -494.935198
-0.930001 -483.404689
-0.920001 -472.109177
-0.910001 -461.046029
-0.900001 -450.212687
-0.890001 -439.606379
-0.880001 -429.224315
-0.870001 -419.063734
-0.860001 -409.121626
-0.850001 -399.395061
-0.840001 -389.881008
-0.830001 -380.576377
-0.820001 -371.478097
-0.810001 -362.582888
-0.800001 -353.887556
-0.790001 -345.388862
-0.780001 -337.083458
-0.770001 -328.967977
-0.760001 -321.039012
-0.750001 -313.293166
-0.740001 -305.726920
-0.730001 -298.336811
-0.720001 -291.119301
-0.710001 -284.070829
-0.700001 -277.187827
-0.690001 -270.466667
-0.680001 -263.903738
-0.670001 -257.495413
-0.660001 -251.238029
-0.650001 -245.127892
-0.640001 -239.161335
-0.630001 -233.334680
-0.620001 -227.644226
-0.610001 -222.086247
-0.600001 -216.657090
-0.590001 -211.353009
-0.580001 -206.170316
-0.570001 -201.105325
-0.560001 -196.154323
-0.550001 -191.313640
-0.540001 -186.579597
-0.530001 -181.948547
-0.520001 -177.416837
-0.510001 -172.980836
-0.500001 -168.636926
-0.490001 -164.381530
-0.480001 -160.211087
-0.470001 -156.122021
-0.460001 -152.110854
-0.450001 -148.174062
-0.440001 -144.308196
-0.430001 -140.509849
-0.420002 -136.775597
-0.410002 -133.102089
-0.400002 -129.486012
-0.390002 -125.924064
-0.380002 -122.413024
-0.370002 -118.949673
-0.360002 -115.530851
-0.350002 -112.153464
-0.340002 -108.814431
-0.330002 -105.510742
-0.320002 -102.239417
-0.310002 -98.997556
-0.300002 -95.782282
-0.290002 -92.590795
-0.280002 -89.420336
-0.270002 -86.268215
-0.260002 -83.131785
-0.250002 -80.008478
-0.240002 -76.895755
-0.230002 -73.791186
-0.220002 -70.692362
-0.210002 -67.596959
-0.200002 -64.502721
-0.190002 -61.407449
-0.180002 -58.309015
-0.170002 -55.205362
-0.160002 -52.094494
-0.150002 -48.974498
-0.140002 -45.843529
-0.130002 -42.699806
-0.120002 -39.541636
-0.110002 -36.367389
-0.100002 -33.175511
-0.090002 -29.964526
-0.080002 -26.733035
-0.070002 -23.479716
-0.060002 -20.203320
-0.050002 -16.902683
-0.040002 -13.576716
-0.030002 -10.224410
-0.020002 -6.844834
-0.010002 -3.437141
-0.000002 -0.000561
0.009998 3.465593
0.019998 6.961929
0.029998 10.488970
0.039998 14.047159
0.049998 17.636858
0.059998 21.258347
0.069998 24.911823
0.079998 28.597401
0.089998 32.315111
0.099998 36.064906
0.109998 39.846654
0.119998 43.660137
0.129998 47.505058
0.139998 51.381044
0.149998 55.287635
0.159998 59.224278
0.169998 63.190363
0.179998 67.185173
0.189998 71.207933
0.199998 75.257775
0.209998 79.333747
0.219998 83.434834
0.229998 87.559924
0.239998 91.707840
0.249998 95.877320
0.259998 100.067026
0.269998 104.275541
0.279998 108.501388
0.289998 112.742982
0.299998 116.998709
0.309998 121.266835
0.319998 125.545581
0.329998 129.833094
0.339998 134.127454
0.349998 138.426628
0.359998 142.728586
0.369998 147.031168
0.379998 151.332189
0.389998 155.629365
0.399998 159.920358
0.409998 164.202789
0.419998 168.474170
0.429998 172.732012
0.439998 176.973702
0.449998 181.196609
0.459998 185.398041
0.469998 189.575240
0.479998 193.725390
0.489998 197.845610
0.499998 201.933020
0.509998 205.984661
0.519998 209.997460
0.529998 213.968375
0.539998 217.894321
0.549998 221.772123
0.559998 225.598579
0.569998 229.370459
0.579998 233.084480
0.589998 236.737337
0.599998 240.325670
0.609998 243.846087
0.619998 247.295161
0.629998 250.669434
0.639998 253.965436
0.649998 257.179670
0.659998 260.308579
0.669998 263.348616
0.679998 266.296194
0.689998 269.147706
0.699998 271.899567
0.709998 274.548097
0.719998 277.089679
0.729998 279.520626
0.739998 281.837279
0.749998 284.035974
0.759998 286.112996
0.769998 288.064671
0.779998 289.887298
0.789998 291.577180
0.799998 293.130662
0.809998 294.544031
0.819998 295.813577
0.829998 296.935689
0.839998 297.906678
0.849998 298.722866
0.859998 299.380682
0.869998 299.876434
0.879998 300.206635
0.889998 300.367585
0.899998 300.355797
0.909998 300.167787
0.919998 299.799978
0.929998 299.248969
0.939998 298.511221
0.949998 297.583450
0.959998 296.462286
0.969998 295.144351
0.979998 293.626354
0.989998 291.905126
0.999998 289.977393
1.009998 287.840131
1.019998 285.490112
1.029998 282.924341
1.039998 280.139928
1.049998 277.133835
1.059998 273.903238
1.069998 270.445325
1.079998 266.757290
1.089998 262.836585
1.099998 258.680486
1.109998 254.286557
1.119998 249.652272
1.129998 244.775207
1.139998 239.653151
1.149998 234.283811
1.159998 228.665012
1.169998 222.794778
1.179998 216.671007
1.189998 210.291953
1.199998 203.655608
1.209998 196.760507
1.219998 189.604885
1.229998 182.187170
1.239998 174.506148
1.249997 166.560230
1.259997 158.348407
1.269997 149.869542
1.279997 141.122503
1.289997 132.106544
1.299997 122.820765
1.309997 113.264512
1.319997 103.437378
1.329997 93.338657
1.339997 82.968057
1.349997 72.325690
1.359997 61.411104
1.369997 50.224508
1.379997 38.765996
1.389997 27.035939
1.399997 15.034718
1.409997 2.762843
1.419997 -9.778802
1.429997 -22.589773
1.439997 -35.668827
1.449997 -49.015036
1.459997 -62.627033
1.469997 -76.503553
1.479997 -90.643005
1.489997 -105.043810
1.499997 -119.704124
1.509997 -134.622106
1.519997 -149.795681
1.529997 -165.222378
1.539997 -180.899945
1.549997 -196.826010
1.559997 -212.997650
1.569997 -229.412341
1.579997 -246.066549
1.589997 -262.957562
1.599997 -280.082084
1.609997 -297.436479
1.619997 -315.017135
1.629997 -332.820403
1.639997 -350.842050
1.649997 -369.078409
1.659997 -387.524985
1.669997 -406.177240
1.679997 -425.030718
1.689997 -444.080556
1.699997 -463.322088
1.709997 -482.750244
1.719997 -502.359483
1.729997 -522.144525
1.739997 -542.099498
1.749997 -562.219088
1.759997 -582.497512
1.769997 -602.928338
1.779997 -623.505387
1.789997 -644.222135
1.799997 -665.072127
1.809997 -686.048976
1.819997 -707.144941
1.829997 -728.353712
1.839997 -749.667393
1.849997 -771.078865
1.859997 -792.580955
1.869997 -814.165382
1.879997 -835.824171
1.889997 -857.549412
1.899997 -879.332679
1.909997 -901.166187
1.919997 -923.040372
1.929997 -944.947117
1.939997 -966.877276
1.949997 -988.821713
1.959997 -1010.771639
1.969997 -1032.717024
1.979997 -1054.648357
1.989997 -1076.556414
1.999997 -1098.430468
2.009997 -1120.262013
2.019997 -1142.039245
2.029997 -1163.752018
2.039997 -1185.390306
2.049997 -1206.943047
2.059997 -1228.399897
2.069997 -1249.749063
2.079997 -1270.980108
2.089997 -1292.081584
2.099997 -1313.042107
2.109997 -1333.849934
2.119997 -1354.492973
2.129997 -1374.960030
2.139997 -1395.238931
2.149997 -1415.316750
2.159997 -1435.182066
2.169997 -1454.822493
2.179997 -1474.225104
2.189997 -1493.376652
2.199997 -1512.264958
2.209997 -1530.877497
2.219997 -1549.200243
2.229997 -1567.220617
2.239997 -1584.924556
2.249997 -1602.299418
2.259997 -1619.330910
2.269997 -1636.005951
2.279997 -1652.310403
2.289997 -1668.230209
2.299997 -1683.751389
2.309997 -1698.860216
2.319997 -1713.542131
2.329997 -1727.782838
2.339997 -1741.567588
2.349997 -1754.882246
2.359997 -1767.711879
2.369997 -1780.042326
2.379997 -1791.858139
2.389997 -1803.144311
2.399997 -1813.886417
2.409997 -1824.069281
2.419997 -1833.677493
2.429996 -1842.696542
2.439996 -1851.110557
2.449996 -1858.903782
2.459996 -1866.061498
2.469996 -1872.568288
2.479996 -1878.408527
2.489996 -1883.566393
2.499996 -1888.026470
2.509996 -1891.772710
2.519996 -1894.790324
2.529996 -1897.063035
2.539996 -1898.574974
2.549996 -1899.310114
2.559996 -1899.253351
2.569996 -1898.388064
2.579996 -1896.699481
2.589996 -1894.170314
2.599996 -1890.785494
2.609996 -1886.528776
2.619996 -1881.385032
2.629996 -1875.337646
2.639996 -1868.370524
2.649996 -1860.468521
2.659996 -1851.614864
2.669996 -1841.794419
2.679996 -1830.991583
2.689996 -1819.189481
2.699996 -1806.372812
2.709996 -1792.526275
2.719996 -1777.633767
2.729996 -1761.680044
2.739996 -1744.648727
2.749996 -1726.524487
2.759996 -1707.292032
2.769996 -1686.935935
2.779996 -1665.440828
2.789996 -1642.791245
2.799996 -1618.971972
2.809996 -1593.967871
2.819996 -1567.763733
2.829996 -1540.344899
2.839996 -1511.696040
2.849996 -1481.802820
2.859996 -1450.649996
2.869996 -1418.223421
2.879996 -1384.508623
2.889996 -1349.491243
2.899996 -1313.156572
2.909996 -1275.490999
2.919996 -1236.480321
2.929996 -1196.110812
2.939996 -1154.368670
2.949996 -1111.240163
2.959996 -1066.712094
2.969996 -1020.771302
2.979996 -973.404523
2.989996 -924.599065
2.999996 -874.341725
