-1.990000 -1099.293533
-1.980000 -1096.030146
-1.970000 -1092.627330
-1.960000 -1089.087787
-1.950000 -1085.413770
-1.940000 -1081.608208
-1.930000 -1077.673353
-1.920000 -1073.611796
-1.910000 -1069.426126
-1.900000 -1065.119049
-1.890000 -1060.692690
-1.880000 -1056.150096
-1.870000 -1051.493267
-1.860000 -1046.725129
-1.850000 -1041.848140
-1.840000 -1036.864868
-1.830000 -1031.777759
-1.820000 -1026.589133
-1.810000 -1021.301657
-1.800000 -1015.918112
-1.790000 -1010.440560
-1.780000 -1004.871644
-1.770000 -999.213765
-1.760000 -993.469550
-1.750000 -987.641378
-1.740000 -981.731619
-1.730000 -975.742870
-1.720000 -969.677357
-1.710000 -963.537411
-1.700000 -957.325839
-1.690000 -951.044705
-1.680000 -944.696425
-1.670000 -938.283399
-1.660000 -931.807894
-1.650000 -925.272280
-1.640000 -918.678914
-1.630000 -912.029953
-1.620000 -905.327782
-1.610000 -898.574708
-1.600000 -891.772899
-1.590000 -884.924687
-1.580000 -878.032021
-1.570000 -871.097380
-1.560000 -864.122614
-1.550000 -857.110284
-1.540000 -850.062079
-1.530000 -842.980521
-1.520000 -835.867378
-1.510000 -828.724887
-1.500000 -821.555078
-1.490000 -814.359962
-1.480000 -807.141463
-1.470001 -799.901608
-1.460001 -792.642397
-1.450001 -785.365811
-1.440001 -778.073559
-1.430001 -770.767694
-1.420001 -763.449941
-1.410001 -756.122361
-1.400001 -748.786569
-1.390001 -741.444274
-1.380001 -734.097522
-1.370001 -726.747730
-1.360001 -719.396890
-1.350001 -712.046487
-1.340001 -704.698339
-1.330001 -697.353818
-1.320001 -690.014745
-1.310001 -682.682618
-1.300001 -675.358904
-1.290001 -668.045281
-1.280001 -660.743102
-1.270001 -653.453867
-1.260001 -646.178992
-1.250001 -638.919917
-1.240001 -631.677884
-1.230001 -624.454333
-1.220001 -617.250618
-1.210001 -610.068005
-1.200001 -602.907615
-1.190001 -595.770770
-1.180001 -588.658644
-1.170001 -581.572382
-1.160001 -574.513212
-1.150001 -567.482049
-1.140001 -560.480113
-1.130001 -553.508315
-1.120001 -546.567756
-1.110001 -539.659396
-1.100001 -532.784108
-1.090001 -525.942843
-1.080001 -519.136521
-1.070001 -512.365975
-1.060001 -505.631953
-1.050001 -498.935280
-1.040001 -492.276694
-1.030001 -485.656955
-1.020001 -479.076687
-1.010001 -472.536636
-1.000001 -466.037311
-0.990001 -459.579446
-0.980001 -453.163436
-0.970001 -446.789951
-0.960001 -440.459372
-0.950001 -434.172255
-0.940001 -427.929020
-0.930001 -421.730008
-0.920001 -415.575626
-0.910001 -409.466249
-0.900001 -403.402124
-0.890001 -397.383563
-0.880001 -391.410799
-0.870001 -385.484033
-0.860001 -379.603436
-0.850001 -373.769194
-0.840001 -367.981438
-0.830001 -362.240201
-0.820001 -356.545575
-0.810001 -350.897578
-0.800001 -345.296218
-0.790001 -339.741452
-0.780001 -334.233207
-0.770001 -328.771424
-0.760001 -323.355947
-0.750001 -317.986657
-0.740001 -312.663321
-0.730001 -307.385761
-0.720001 -302.153747
-0.710001 -296.967003
-0.700001 -291.825223
-0.690001 -286.728110
-0.680001 -281.675247
-0.670001 -276.666301
-0.660001 -271.700875
-0.650001 -266.778543
-0.640001 -261.898778
-0.630001 -257.061140
-0.620001 -252.265122
-0.610001 -247.510156
-0.600001 -242.795686
-0.590001 -238.121111
-0.580001 -233.485840
-0.570001 -228.889188
-0.560001 -224.330515
-0.550001 -219.809138
-0.540001 -215.324319
-0.530001 -210.875358
-0.520001 -206.461439
-0.510001 -202.081804
-0.500001 -197.735666
-0.490001 -193.422161
-0.480001 -189.140460
-0.470001 -184.889685
-0.460001 -180.668935
-0.450001 -176.477319
-0.440001 -172.313882
-0.430001 -168.177678
-0.420002 -164.067728
-0.410002 -159.983047
-0.400002 -155.922619
-0.390002 -151.885421
-0.380002 -147.870415
-0.370002 -143.876518
-0.360002 -139.902657
-0.350002 -135.947742
-0.340002 -132.010644
-0.330002 -128.090262
-0.320002 -124.185427
-0.310002 -120.294997
-0.300002 -116.417796
-0.290002 -112.552643
-0.280002 -108.698327
-0.270002 -104.853642
-0.260002 -101.017376
-0.250002 -97.188276
-0.240002 -93.365109
-0.230002 -89.546613
-0.220002 -85.731516
-0.210002 -81.918554
-0.200002 -78.106430
-0.190002 -74.293853
-0.180002 -70.479523
-0.170002 -66.662127
-0.160002 -62.840345
-0.150002 -59.012854
-0.140002 -55.178328
-0.130002 -51.335426
-0.120002 -47.482809
-0.110002 -43.619128
-0.100002 -39.743036
-0.090002 -35.853180
-0.080002 -31.948201
-0.070002 -28.026742
-0.060002 -24.087441
-0.050002 -20.128936
-0.040002 -16.149866
-0.030002 -12.148865
-0.020002 -8.124572
-0.010002 -4.075625
-0.000002 -0.000664
0.009998 4.101671
0.019998 8.232734
0.029998 12.393882
0.039998 16.586460
0.049998 20.811817
0.059998 25.071293
0.069998 29.366222
0.079998 33.697936
0.089998 38.067755
0.099998 42.477003
0.109998 46.926984
0.119998 51.418999
0.129998 55.954342
0.139998 60.534303
0.149998 65.160145
0.159998 69.833141
0.169998 74.554541
0.179998 79.325585
0.189998 84.147506
0.199998 89.021525
0.209998 93.948840
0.219998 98.930645
0.229998 103.968121
0.239998 109.062421
0.249998 114.214711
0.259998 119.426109
0.269998 124.697732
0.279998 130.030686
0.289998 135.426049
0.299998 140.884901
0.309998 146.408275
0.319998 151.997196
0.329998 157.652688
0.339998 163.375726
0.349998 169.167305
0.359998 175.028338
0.369998 180.959780
0.379998 186.962532
0.389998 193.037473
0.399998 199.185458
0.409998 205.407332
0.419998 211.703902
0.429998 218.075978
0.439998 224.524321
0.449998 231.049638
0.459998 237.652691
0.469998 244.334165
0.479998 251.094659
0.489998 257.934887
0.499998 264.855422
0.509998 271.856853
0.519998 278.939726
0.529998 286.104572
0.539998 293.351848
0.549998 300.682074
0.559998 308.095647
0.569998 315.593029
0.579998 323.174522
0.589998 330.840528
0.599998 338.591283
0.609998 346.427162
0.619998 354.348334
0.629998 362.355079
0.639998 370.447534
0.649998 378.625838
0.659998 386.890173
0.669998 395.240537
0.679998 403.677043
0.689998 412.199695
0.699998 420.808422
0.709998 429.503195
0.719998 438.283912
0.729998 447.150473
0.739998 456.102703
0.749998 465.140391
0.759998 474.263288
0.769998 483.471107
0.779998 492.763566
0.789998 502.140261
0.799998 511.600836
0.809998 521.144896
0.819998 530.772011
0.829998 540.481534
0.839998 550.273044
0.849998 560.145904
0.859998 570.099436
0.869998 580.133152
0.879998 590.246205
0.889998 600.437887
0.899998 610.707458
0.909998 621.054085
0.919998 631.476850
0.929998 641.974888
0.939998 652.547296
0.949998 663.193033
0.959998 673.911113
0.969998 684.700513
0.979998 695.560066
0.989998 706.488616
0.999998 717.484965
1.009998 728.548026
1.019998 739.676365
1.029998 750.868712
1.039998 762.123756
1.049998 773.440144
1.059998 784.816378
1.069998 796.250918
1.079998 807.742394
1.089998 819.289128
1.099998 830.889617
1.109998 842.542154
1.119998 854.244988
1.129998 865.996549
1.139998 877.795114
1.149998 889.638588
1.159998 901.525502
1.169998 913.453564
1.179998 925.421111
1.189998 937.426220
1.199998 949.466696
1.209998 961.540647
1.219998 973.645798
1.229998 985.780176
1.239998 997.941539
1.249997 1010.127720
1.259997 1022.336397
1.269997 1034.565440
1.279997 1046.812332
1.289997 1059.074747
1.299997 1071.350441
1.309997 1083.636659
1.319997 1095.931196
1.329997 1108.231339
1.339997 1120.534689
1.349997 1132.838694
1.359997 1145.140285
1.369997 1157.437431
1.379997 1169.726870
1.389997 1182.006140
1.399997 1194.272262
1.409997 1206.522704
1.419997 1218.754416
1.429997 1230.964553
1.439997 1243.150116
1.449997 1255.308312
1.459997 1267.435830
1.469997 1279.530052
1.479997 1291.587599
1.489997 1303.605666
1.499997 1315.580686
1.509997 1327.510034
1.519997 1339.390199
1.529997 1351.217885
1.539997 1362.990129
1.549997 1374.703328
1.559997 1386.354460
1.569997 1397.939861
1.579997 1409.456452
1.589997 1420.900756
1.599997 1432.269392
1.609997 1443.558707
1.619997 1454.765386
1.629997 1465.885846
1.639997 1476.916599
1.649997 1487.854130
1.659997 1498.694657
1.669997 1509.434863
1.679997 1520.070795
1.689997 1530.598966
1.699997 1541.015866
1.709997 1551.317356
1.719997 1561.500245
1.729997 1571.560235
1.739997 1581.493972
1.749997 1591.297719
1.759997 1600.967364
1.769997 1610.499254
1.779997 1619.889481
1.789997 1629.134239
1.799997 1638.229825
1.809997 1647.172162
1.819997 1655.957399
1.829997 1664.581433
1.839997 1673.040622
1.849997 1681.330953
1.859997 1689.448641
1.869997 1697.389301
1.879997 1705.149126
1.889997 1712.724412
1.899997 1720.110865
1.909997 1727.304650
1.919997 1734.301575
1.929997 1741.097903
1.939997 1747.689545
1.949997 1754.072183
1.959997 1760.242061
1.969997 1766.195193
1.979997 1771.927477
1.989997 1777.434698
1.999997 1782.712976
2.009997 1787.758550
2.019997 1792.566961
2.029997 1797.134342
2.039997 1801.456487
2.049997 1805.529736
2.059997 1809.349673
2.069997 1812.912538
2.079997 1816.214464
2.089997 1819.250951
2.099997 1822.018360
2.109997 1824.512635
2.119997 1826.729730
2.129997 1828.665816
2.139997 1830.316660
2.149997 1831.678663
2.159997 1832.747619
2.169997 1833.519746
2.179997 1833.991071
2.189997 1834.157641
2.199997 1834.015913
2.209997 1833.561569
2.219997 1832.790710
2.229997 1831.700232
2.239997 1830.285687
2.249997 1828.543426
2.259997 1826.469632
2.269997 1824.060697
2.279997 1821.313032
2.289997 1818.222704
2.299997 1814.786173
2.309997 1810.999743
2.319997 1806.859747
2.329997 1802.362724
2.339997 1797.505064
2.349997 1792.283186
2.359997 1786.693717
2.369997 1780.732967
2.379997 1774.397966
2.389997 1767.684754
2.399997 1760.590422
2.409997 1753.111258
2.419997 1745.244252
2.429996 1736.986256
2.439996 1728.333686
2.449996 1719.283321
2.459996 1709.832448
2.469996 1699.977764
2.479996 1689.716321
2.489996 1679.044908
2.499996 1667.960517
2.509996 1656.460474
2.519996 1644.541855
2.529996 1632.201781
2.539996 1619.437287
2.549996 1606.245876
2.559996 1592.624815
2.569996 1578.571427
2.579996 1564.083085
2.589996 1549.157348
2.599996 1533.791819
2.609996 1517.983777
2.619996 1501.731065
2.629996 1485.031443
2.639996 1467.882372
2.649996 1450.281734
2.659996 1432.227577
2.669996 1413.717660
2.679996 1394.750030
2.689996 1375.322469
2.699996 1355.433361
2.709996 1335.080826
2.719996 1314.262944
2.729996 1292.978167
2.739996 1271.224709
2.749996 1249.000955
2.759996 1226.305359
2.769996 1203.136709
2.779996 1179.493405
2.789996 1155.374191
2.799996 1130.777789
2.809996 1105.703155
2.819996 1080.148836
2.829996 1054.114165
2.839996 1027.597996
2.849996 1000.599487
2.859996 973.117729
2.869996 945.152096
2.879996 916.701830
2.889996 887.766447
2.899996 858.345404
2.909996 828.438072
2.919996 798.044358
2.929996 767.163797
2.939996 735.796275
2.949996 703.941605
2.959996 671.599869
2.969996 638.770955
2.979996 605.455058
2.989996 571.652369
2.999996 537.363198
