-1.990000 -3355.905874
-1.980000 -3321.260209
-1.970000 -3286.321553
-1.960000 -3251.106495
-1.950000 -3215.633455
-1.940000 -3179.918171
-1.930000 -3143.977989
-1.920000 -3107.828454
-1.910000 -3071.486273
-1.900000 -3034.967258
-1.890000 -2998.287008
-1.880000 -2961.461603
-1.870000 -2924.505752
-1.860000 -2887.434874
-1.850000 -2850.263470
-1.840000 -2813.006994
-1.830000 -2775.679274
-1.820000 -2738.294619
-1.810000 -2700.866876
-1.800000 -2663.410147
-1.790000 -2625.938068
-1.780000 -2588.463577
-1.770000 -2551.000095
-1.760000 -2513.560582
-1.750000 -2476.157047
-1.740000 -2438.802468
-1.730000 -2401.508633
-1.720000 -2364.288306
-1.710000 -2327.152329
-1.700000 -2290.113005
-1.690000 -2253.180468
-1.680000 -2216.366798
-1.670000 -2179.681664
-1.660000 -2143.137170
-1.650000 -2106.742272
-1.640000 -2070.508127
-1.630000 -2034.443586
-1.620000 -1998.559099
-1.610000 -1962.863418
-1.600000 -1927.366525
-1.590000 -1892.076344
-1.580000 -1857.002638
-1.570000 -1822.152865
-1.560000 -1787.535839
-1.550000 -1753.159412
-1.540000 -1719.031448
-1.530000 -1685.159706
-1.520000 -1651.550740
-1.510000 -1618.212706
-1.500000 -1585.151580
-1.490000 -1552.374578
-1.480000 -1519.887836
-1.470001 -1487.697631
-1.460001 -1455.809654
-1.450001 -1424.230223
-1.440001 -1392.964221
-1.430001 -1362.017646
-1.420001 -1331.394945
-1.410001 -1301.101317
-1.400001 -1271.141139
-1.390001 -1241.519420
-1.380001 -1212.239990
-1.370001 -1183.306832
-1.360001 -1154.723838
-1.350001 -1126.494570
-1.340001 -1098.622506
-1.330001 -1071.110679
-1.320001 -1043.962158
-1.310001 -1017.179929
-1.300001 -990.766302
-1.290001 -964.723808
-1.280001 -939.054543
-1.270001 -913.760471
-1.260001 -888.843537
-1.250001 -864.305208
-1.240001 -840.147051
-1.230001 -816.370333
-1.220001 -792.975850
-1.210001 -769.964734
-1.200001 -747.337707
-1.190001 -725.095032
-1.180001 -703.237253
-1.170001 -681.764625
-1.160001 -660.677011
-1.150001 -639.974273
-1.140001 -619.656056
-1.130001 -599.721952
-1.120001 -580.171337
-1.110001 -561.003264
-1.100001 -542.216909
-1.090001 -523.811074
-1.080001 -505.784629
-1.070001 -488.136029
-1.060001 -470.863852
-1.050001 -453.966160
-1.040001 -437.441331
-1.030001 -421.287417
-1.020001 -405.502235
-1.010001 -390.083547
-1.000001 -375.029041
-0.990001 -360.336125
-0.980001 -346.002416
-0.970001 -332.024955
-0.960001 -318.401019
-0.950001 -305.127596
-0.940001 -292.201663
-0.930001 -279.620039
-0.920001 -267.379387
-0.910001 -255.476417
-0.900001 -243.907496
-0.890001 -232.669183
-0.880001 -221.757775
-0.870001 -211.169456
-0.860001 -200.900417
-0.850001 -190.946726
-0.840001 -181.304327
-0.830001 -171.969116
-0.820001 -162.936972
-0.810001 -154.203598
-0.800001 -145.764706
-0.790001 -137.615886
-0.780001 -129.752727
-0.770001 -122.170692
-0.760001 -114.865190
-0.750001 -107.831633
-0.740001 -101.065331
-0.730001 -94.561552
-0.720001 -88.315552
-0.710001 -82.322468
-0.700001 -76.577480
-0.690001 -71.075667
-0.680001 -65.812096
-0.670001 -60.781839
-0.660001 -55.979871
-0.650001 -51.401168
-0.640001 -47.040714
-0.630001 -42.893422
-0.620001 -38.954225
-0.610001 -35.218006
-0.600001 -31.679679
-0.590001 -28.334110
-0.580001 -25.176185
-0.570001 -22.200752
-0.560001 -19.402709
-0.550001 -16.776889
-0.540001 -14.318191
-0.530001 -12.021481
-0.520001 -9.881656
-0.510001 -7.893604
-0.500001 -6.052241
-0.490001 -4.352501
-0.480001 -2.789335
-0.470001 -1.357703
-0.460001 -0.052612
-0.450001 1.130923
-0.440001 2.197846
-0.430001 3.153085
-0.420002 4.001520
-0.410002 4.747999
-0.400002 5.397327
-0.390002 5.954281
-0.380002 6.423588
-0.370002 6.809927
-0.360002 7.117931
-0.350002 7.352190
-0.340002 7.517236
-0.330002 7.617549
-0.320002 7.657555
-0.310002 7.641621
-0.300002 7.574059
-0.290002 7.459112
-0.280002 7.300967
-0.270002 7.103741
-0.260002 6.871488
-0.250002 6.608191
-0.240002 6.317762
-0.230002 6.004044
-0.220002 5.670805
-0.210002 5.321737
-0.200002 4.960457
-0.190002 4.590500
-0.180002 4.215327
-0.170002 3.838314
-0.160002 3.462753
-0.150002 3.091856
-0.140002 2.728747
-0.130002 2.376465
-0.120002 2.037960
-0.110002 1.716093
-0.100002 1.413638
-0.090002 1.133273
-0.080002 0.877588
-0.070002 0.649077
-0.060002 0.450141
-0.050002 0.283087
-0.040002 0.150125
-0.030002 0.053367
-0.020002 -0.005169
-0.010002 -0.023567
-0.000002 -0.000007
0.009998 0.067230
0.019998 0.179763
0.029998 0.339112
0.039998 0.546693
0.049998 0.803823
0.059998 1.111716
0.069998 1.471485
0.079998 1.884137
0.089998 2.350581
0.099998 2.871619
0.109998 3.447951
0.119998 4.080176
0.129998 4.768786
0.139998 5.514171
0.149998 6.316621
0.159998 7.176316
0.169998 8.093340
0.179998 9.067669
0.189998 10.099177
0.199998 11.187639
0.209998 12.332723
0.219998 13.533999
0.229998 14.790936
0.239998 16.102898
0.249998 17.469150
0.259998 18.888859
0.269998 20.361095
0.279998 21.884822
0.289998 23.458914
0.299998 25.082143
0.309998 26.753186
0.319998 28.470626
0.329998 30.232946
0.339998 32.038542
0.349998 33.885715
0.359998 35.772669
0.369998 37.697527
0.379998 39.658313
0.389998 41.652964
0.399998 43.679338
0.409998 45.735196
0.419998 47.818223
0.429998 49.926010
0.439998 52.056073
0.449998 54.205855
0.459998 56.372699
0.469998 58.553887
0.479998 60.746610
0.489998 62.948010
0.499998 65.155130
0.509998 67.364951
0.519998 69.574365
0.529998 71.780243
0.539998 73.979328
0.549998 76.168356
0.559998 78.343963
0.569998 80.502731
0.579998 82.641182
0.589998 84.755799
0.599998 86.842981
0.609998 88.899093
0.619998 90.920430
0.629998 92.903253
0.639998 94.843788
0.649998 96.738177
0.659998 98.582546
0.669998 100.373000
0.679998 102.105537
0.689998 103.776196
0.699998 105.380903
0.709998 106.915639
0.719998 108.376289
0.729998 109.758736
0.739998 111.058820
0.749998 112.272397
0.759998 113.395264
0.769998 114.423207
0.779998 115.351986
0.789998 116.177392
0.799998 116.895148
0.809998 117.501027
0.819998 117.990737
0.829998 118.360041
0.839998 118.604633
0.849998 118.720275
0.859998 118.702679
0.869998 118.547629
0.879998 118.250804
0.889998 117.808037
0.899998 117.215091
0.909998 116.467747
0.919998 115.561853
0.929998 114.493233
0.939998 113.257722
0.949998 111.851256
0.959998 110.269731
0.969998 108.509084
0.979998 106.565378
0.989998 104.434564
0.999998 102.112746
1.009998 99.596113
1.019998 96.880656
1.029998 93.962762
1.039998 90.838561
1.049998 87.504445
1.059998 83.956811
1.069998 80.192040
1.079998 76.206666
1.089998 71.997194
1.099998 67.560320
1.109998 62.892691
1.119998 57.991214
1.129998 52.852632
1.139998 47.473788
1.149998 41.851914
1.159998 35.984008
1.169998 29.867168
1.179998 23.498791
1.189998 16.876196
1.199998 9.996914
1.209998 2.858413
1.219998 -4.541621
1.229998 -12.205373
1.239998 -20.135153
1.249997 -28.332732
1.259997 -36.800145
1.269997 -45.539166
1.279997 -54.551518
1.289997 -63.838893
1.299997 -73.402451
1.309997 -83.243759
1.319997 -93.363847
1.329997 -103.764032
1.339997 -114.444969
1.349997 -125.407713
1.359997 -136.652622
1.369997 -148.180662
1.379997 -159.991975
1.389997 -172.086979
1.399997 -184.465531
1.409997 -197.127824
1.419997 -210.073600
1.429997 -223.302758
1.439997 -236.814348
1.449997 -250.608416
1.459997 -264.683432
1.469997 -279.039222
1.479997 -293.674059
1.489997 -308.586965
1.499997 -323.776557
1.509997 -339.241105
1.519997 -354.978956
1.529997 -370.988199
1.539997 -387.266628
1.549997 -403.812328
1.559997 -420.622475
1.569997 -437.694501
1.579997 -455.025966
1.589997 -472.613398
1.599997 -490.454184
1.609997 -508.544647
1.619997 -526.881537
1.629997 -545.460784
1.639997 -564.279077
1.649997 -583.331853
1.659997 -602.615461
1.669997 -622.124662
1.679997 -641.855612
1.689997 -661.802937
1.699997 -681.962291
1.709997 -702.327619
1.719997 -722.894372
1.729997 -743.656536
1.739997 -764.608569
1.749997 -785.744253
1.759997 -807.058017
1.769997 -828.542596
1.779997 -850.191849
1.789997 -871.999674
1.799997 -893.958342
1.809997 -916.061296
1.819997 -938.300597
1.829997 -960.669293
1.839997 -983.159405
1.849997 -1005.763230
1.859997 -1028.472104
1.869997 -1051.278280
1.879997 -1074.172820
1.889997 -1097.147752
1.899997 -1120.193281
1.909997 -1143.300809
1.919997 -1166.461076
1.929997 -1189.664282
1.939997 -1212.900780
1.949997 -1236.161405
1.959997 -1259.434983
1.969997 -1282.712073
1.979997 -1305.981909
1.989997 -1329.233426
1.999997 -1352.456820
2.009997 -1375.640450
2.019997 -1398.772948
2.029997 -1421.842753
2.039997 -1444.838739
2.049997 -1467.748935
2.059997 -1490.561619
2.069997 -1513.263915
2.079997 -1535.844167
2.089997 -1558.289993
2.099997 -1580.587986
2.109997 -1602.725833
2.119997 -1624.690097
2.129997 -1646.468210
2.139997 -1668.045871
2.149997 -1689.410267
2.159997 -1710.546772
2.169997 -1731.443139
2.179997 -1752.083203
2.189997 -1772.454474
2.199997 -1792.541685
2.209997 -1812.330612
2.219997 -1831.805891
2.229997 -1850.953570
2.239997 -1869.757600
2.249997 -1888.204477
2.259997 -1906.277292
2.269997 -1923.960914
2.279997 -1941.240246
2.289997 -1958.099114
2.299997 -1974.522320
2.309997 -1990.493062
2.319997 -2005.995688
2.329997 -2021.013520
2.339997 -2035.530643
2.349997 -2049.530138
2.359997 -2062.996187
2.369997 -2075.910612
2.379997 -2088.257540
2.389997 -2100.020286
2.399997 -2111.181056
2.409997 -2121.723129
2.419997 -2131.629507
2.429996 -2140.881966
2.439996 -2149.463655
2.449996 -2157.356824
2.459996 -2164.544118
2.469996 -2171.007478
2.479996 -2176.729540
2.489996 -2181.692551
2.499996 -2185.877663
2.509996 -2189.267889
2.519996 -2191.844992
2.529996 -2193.590551
2.539996 -2194.487079
2.549996 -2194.515509
2.559996 -2193.657989
2.569996 -2191.896608
2.579996 -2189.212749
2.589996 -2185.587785
2.599996 -2181.004469
2.609996 -2175.442986
2.619996 -2168.886035
2.629996 -2161.314796
2.639996 -2152.710470
2.649996 -2143.055440
2.659996 -2132.330676
2.669996 -2120.518093
2.679996 -2107.599375
2.689996 -2093.555368
2.699996 -2078.369093
2.709996 -2062.021648
2.719996 -2044.494410
2.729996 -2025.769218
2.739996 -2005.827947
2.749996 -1984.653071
2.759996 -1962.225607
2.769996 -1938.527599
2.779996 -1913.541498
2.789996 -1887.249778
2.799996 -1859.633639
2.809996 -1830.675738
2.819996 -1800.358308
2.829996 -1768.664438
2.839996 -1735.575491
2.849996 -1701.075179
2.859996 -1665.145423
2.869996 -1627.769933
2.879996 -1588.930779
2.889996 -1548.611495
2.899996 -1506.795216
2.909996 -1463.465446
2.919996 -1418.605488
2.929996 -1372.199023
2.939996 -1324.230079
2.949996 -1274.682050
2.959996 -1223.539838
2.969996 -1170.787021
2.979996 -1116.408363
2.989996 -1060.388453
2.999996 -1002.712352
