-1.990000 -1553.735299
-1.980000 -1543.520136
-1.970000 -1533.169776
-1.960000 -1522.689876
-1.950000 -1512.086478
-1.940000 -1501.364646
-1.930000 -1490.530051
-1.920000 -1479.588295
-1.910000 -1468.544680
-1.900000 -1457.404203
-1.890000 -1446.172246
-1.880000 -1434.854352
-1.870000 -1423.454831
-1.860000 -1411.979309
-1.850000 -1400.432173
-1.840000 -1388.818905
-1.830000 -1377.143501
-1.820000 -1365.411176
-1.810000 -1353.626360
-1.800000 -1341.793645
-1.790000 -1329.917542
-1.780000 -1318.002132
-1.770000 -1306.052131
-1.760000 -1294.071341
-1.750000 -1282.064207
-1.740000 -1270.034613
-1.730000 -1257.986607
-1.720000 -1245.924040
-1.710000 -1233.850922
-1.700000 -1221.770948
-1.690000 -1209.687734
-1.680000 -1197.604814
-1.670000 -1185.525649
-1.660000 -1173.453982
-1.650000 -1161.392995
-1.640000 -1149.345792
-1.630000 -1137.315884
-1.620000 -1125.306098
-1.610000 -1113.319671
-1.600000 -1101.359761
-1.590000 -1089.428963
-1.580000 -1077.530285
-1.570000 -1065.666166
-1.560000 -1053.839707
-1.550000 -1042.053196
-1.540000 -1030.309337
-1.530000 -1018.610452
-1.520000 -1006.958913
-1.510000 -995.357077
-1.500000 -983.806983
-1.490000 -972.311023
-1.480000 -960.871154
-1.470001 -949.489378
-1.460001 -938.167688
-1.450001 -926.907885
-1.440001 -915.711757
-1.430001 -904.581025
-1.420001 -893.517338
-1.410001 -882.522276
-1.400001 -871.597412
-1.390001 -860.744068
-1.380001 -849.963683
-1.370001 -839.257565
-1.360001 -828.626959
-1.350001 -818.073043
-1.340001 -807.596930
-1.330001 -797.199611
-1.320001 -786.882192
-1.310001 -776.645477
-1.300001 -766.490389
-1.290001 -756.417669
-1.280001 -746.428060
-1.270001 -736.522360
-1.260001 -726.701132
-1.250001 -716.964827
-1.240001 -707.314069
-1.230001 -697.749308
-1.220001 -688.270829
-1.210001 -678.879143
-1.200001 -669.574427
-1.190001 -660.356915
-1.180001 -651.226793
-1.170001 -642.184250
-1.160001 -633.229257
-1.150001 -624.361960
-1.140001 -615.582344
-1.130001 -606.890184
-1.120001 -598.285591
-1.110001 -589.768303
-1.100001 -581.338013
-1.090001 -572.994700
-1.080001 -564.737917
-1.070001 -556.567393
-1.060001 -548.482763
-1.050001 -540.483624
-1.040001 -532.569532
-1.030001 -524.739953
-1.020001 -516.994475
-1.010001 -509.332442
-1.000001 -501.753267
-0.990001 -494.256381
-0.980001 -486.841130
-0.970001 -479.506831
-0.960001 -472.252667
-0.950001 -465.078045
-0.940001 -457.982093
-0.930001 -450.964010
-0.920001 -444.023019
-0.910001 -437.158221
-0.900001 -430.368740
-0.890001 -423.653724
-0.880001 -417.012204
-0.870001 -410.443240
-0.860001 -403.945913
-0.850001 -397.519151
-0.840001 -391.162046
-0.830001 -384.873535
-0.820001 -378.652585
-0.810001 -372.498149
-0.800001 -366.409164
-0.790001 -360.384557
-0.780001 -354.423218
-0.770001 -348.524072
-0.760001 -342.686032
-0.750001 -336.907919
-0.740001 -331.188689
-0.730001 -325.527110
-0.720001 -319.922104
-0.710001 -314.372549
-0.700001 -308.877238
-0.690001 -303.435042
-0.680001 -298.044827
-0.670001 -292.705401
-0.660001 -287.415650
-0.650001 -282.174402
-0.640001 -276.980486
-0.630001 -271.832792
-0.620001 -266.730136
-0.610001 -261.671398
-0.600001 -256.655422
-0.590001 -251.681097
-0.580001 -246.747301
-0.570001 -241.852901
-0.560001 -236.996808
-0.550001 -232.177910
-0.540001 -227.395120
-0.530001 -222.647364
-0.520001 -217.933579
-0.510001 -213.252730
-0.500001 -208.603751
-0.490001 -203.985635
-0.480001 -199.397389
-0.470001 -194.837981
-0.460001 -190.306477
-0.450001 -185.801895
-0.440001 -181.323307
-0.430001 -176.869783
-0.420002 -172.440422
-0.410002 -168.034368
-0.400002 -163.650725
-0.390002 -159.288669
-0.380002 -154.947396
-0.370002 -150.626100
-0.360002 -146.324002
-0.350002 -142.040378
-0.340002 -137.774497
-0.330002 -133.525652
-0.320002 -129.293184
-0.310002 -125.076448
-0.300002 -120.874828
-0.290002 -116.687724
-0.280002 -112.514583
-0.270002 -108.354855
-0.260002 -104.208057
-0.250002 -100.073691
-0.240002 -95.951318
-0.230002 -91.840521
-0.220002 -87.740911
-0.210002 -83.652135
-0.200002 -79.573865
-0.190002 -75.505810
-0.180002 -71.447700
-0.170002 -67.399318
-0.160002 -63.360449
-0.150002 -59.330943
-0.140002 -55.310658
-0.130002 -51.299500
-0.120002 -47.297401
-0.110002 -43.304324
-0.100002 -39.320276
-0.090002 -35.345286
-0.080002 -31.379424
-0.070002 -27.422792
-0.060002 -23.475527
-0.050002 -19.537801
-0.040002 -15.609818
-0.030002 -11.691817
-0.020002 -7.784074
-0.010002 -3.886898
-0.000002 -0.000630
0.009998 3.874350
0.019998 7.737631
0.029998 11.588767
0.039998 15.427275
0.049998 19.252641
0.059998 23.064317
0.069998 26.861719
0.079998 30.644229
0.089998 34.411195
0.099998 38.161938
0.109998 41.895737
0.119998 45.611838
0.129998 49.309461
0.139998 52.987794
0.149998 56.645981
0.159998 60.283144
0.169998 63.898368
0.179998 67.490714
0.189998 71.059201
0.199998 74.602822
0.209998 78.120543
0.219998 81.611296
0.229998 85.073993
0.239998 88.507493
0.249998 91.910652
0.259998 95.282288
0.269998 98.621181
0.279998 101.926095
0.289998 105.195780
0.299998 108.428921
0.309998 111.624228
0.319998 114.780331
0.329998 117.895882
0.339998 120.969492
0.349998 123.999725
0.359998 126.985166
0.369998 129.924344
0.379998 132.815778
0.389998 135.657966
0.399998 138.449374
0.409998 141.188484
0.419998 143.873710
0.429998 146.503486
0.439998 149.076214
0.449998 151.590269
0.459998 154.044020
0.469998 156.435837
0.479998 158.764059
0.489998 161.026986
0.499998 163.222960
0.509998 165.350278
0.519998 167.407212
0.529998 169.392053
0.539998 171.303070
0.549998 173.138526
0.559998 174.896675
0.569998 176.575748
0.579998 178.174003
0.589998 179.689676
0.599998 181.120981
0.609998 182.466148
0.619998 183.723438
0.629998 184.891022
0.639998 185.967161
0.649998 186.950042
0.659998 187.837929
0.669998 188.629032
0.679998 189.321602
0.689998 189.913819
0.699998 190.403980
0.709998 190.790317
0.719998 191.071084
0.729998 191.244505
0.739998 191.308915
0.749998 191.262556
0.759998 191.103746
0.769998 190.830771
0.779998 190.441954
0.789998 189.935650
0.799998 189.310171
0.809998 188.563928
0.819998 187.695286
0.829998 186.702651
0.839998 185.584437
0.849998 184.339102
0.859998 182.965115
0.869998 181.460967
0.879998 179.825153
0.889998 178.056225
0.899998 176.152762
0.909998 174.113337
0.919998 171.936585
0.929998 169.621173
0.939998 167.165736
0.949998 164.569051
0.959998 161.829820
0.969998 158.946810
0.979998 155.918917
0.989998 152.744907
0.999998 149.423721
1.009998 145.954237
1.019998 142.335503
1.029998 138.566449
1.039998 134.646152
1.049998 130.573732
1.059998 126.348273
1.069998 121.968996
1.079998 117.435073
1.089998 112.745860
1.099998 107.900582
1.109998 102.898678
1.119998 97.739539
1.129998 92.422608
1.139998 86.947489
1.149998 81.313619
1.159998 75.520793
1.169998 69.568526
1.179998 63.456639
1.189998 57.184957
1.199998 50.753246
1.209998 44.161502
1.219998 37.409583
1.229998 30.497631
1.239998 23.425683
1.249997 16.193890
1.259997 8.802470
1.269997 1.251733
1.279997 -6.458036
1.289997 -14.326425
1.299997 -22.352899
1.309997 -30.536973
1.319997 -38.878034
1.329997 -47.375313
1.339997 -56.028119
1.349997 -64.835779
1.359997 -73.797163
1.369997 -82.911458
1.379997 -92.177596
1.389997 -101.594379
1.399997 -111.160802
1.409997 -120.875458
1.419997 -130.737135
1.429997 -140.744361
1.439997 -150.895623
1.449997 -161.189356
1.459997 -171.624042
1.469997 -182.197779
1.479997 -192.908952
1.489997 -203.755624
1.499997 -214.735777
1.509997 -225.847372
1.519997 -237.088476
1.529997 -248.456705
1.539997 -259.949779
1.549997 -271.565395
1.559997 -283.301229
1.569997 -295.154508
1.579997 -307.122742
1.589997 -319.203296
1.599997 -331.393391
1.609997 -343.690040
1.619997 -356.090357
1.629997 -368.591307
1.639997 -381.189773
1.649997 -393.882612
1.659997 -406.666475
1.669997 -419.538048
1.679997 -432.493750
1.689997 -445.530278
1.699997 -458.643697
1.709997 -471.830472
1.719997 -485.086679
1.729997 -498.408669
1.739997 -511.792287
1.749997 -525.233592
1.759997 -538.728257
1.769997 -552.272228
1.779997 -565.860888
1.789997 -579.490253
1.799997 -593.155652
1.809997 -606.852393
1.819997 -620.575936
1.829997 -634.321653
1.839997 -648.084540
1.849997 -661.859624
1.859997 -675.642203
1.869997 -689.426902
1.879997 -703.208619
1.889997 -716.982280
1.899997 -730.742614
1.909997 -744.483805
1.919997 -758.200536
1.929997 -771.887521
1.939997 -785.538819
1.949997 -799.148640
1.959997 -812.711570
1.969997 -826.221318
1.979997 -839.671975
1.989997 -853.057660
1.999997 -866.372194
2.009997 -879.609383
2.019997 -892.762883
2.029997 -905.826351
2.039997 -918.793366
2.049997 -931.657269
2.059997 -944.412035
2.069997 -957.050429
2.079997 -969.566225
2.089997 -981.952269
2.099997 -994.201981
2.109997 -1006.308286
2.119997 -1018.264048
2.129997 -1030.062690
2.139997 -1041.696735
2.149997 -1053.159063
2.159997 -1064.442694
2.169997 -1075.539770
2.179997 -1086.443594
2.189997 -1097.146196
2.199997 -1107.640752
2.209997 -1117.918793
2.219997 -1127.973964
2.229997 -1137.797501
2.239997 -1147.382157
2.249997 -1156.720430
2.259997 -1165.804195
2.269997 -1174.625850
2.279997 -1183.177183
2.289997 -1191.450501
2.299997 -1199.437874
2.309997 -1207.131150
2.319997 -1214.522319
2.329997 -1221.603332
2.339997 -1228.366275
2.349997 -1234.802320
2.359997 -1240.904181
2.369997 -1246.662798
2.379997 -1252.070295
2.389997 -1257.118416
2.399997 -1261.798710
2.409997 -1266.102709
2.419997 -1270.022245
2.429996 -1273.549122
2.439996 -1276.674325
2.449996 -1279.390094
2.459996 -1281.687544
2.469996 -1283.558252
2.479996 -1284.993929
2.489996 -1285.985824
2.499996 -1286.525772
2.509996 -1286.605152
2.519996 -1286.215061
2.529996 -1285.347734
2.539996 -1283.993982
2.549996 -1282.145473
2.559996 -1279.794001
2.569996 -1276.930687
2.579996 -1273.547203
2.589996 -1269.634962
2.599996 -1265.185773
2.609996 -1260.190946
2.619996 -1254.641821
2.629996 -1248.530248
2.639996 -1241.848080
2.649996 -1234.586479
2.659996 -1226.737005
2.669996 -1218.291918
2.679996 -1209.242155
2.689996 -1199.579915
2.699996 -1189.296978
2.709996 -1178.385055
2.719996 -1166.835801
2.729996 -1154.641417
2.739996 -1141.793545
2.749996 -1128.284270
2.759996 -1114.105350
2.769996 -1099.249328
2.779996 -1083.708144
2.789996 -1067.473646
2.799996 -1050.538504
2.809996 -1032.894690
2.819996 -1014.534577
2.829996 -995.450752
2.839996 -975.635704
2.849996 -955.081847
2.859996 -933.781616
2.869996 -911.728137
2.879996 -888.913922
2.889996 -865.331779
2.899996 -840.974783
2.909996 -815.835901
2.919996 -789.908250
2.929996 -763.184931
2.939996 -735.659347
2.949996 -707.324931
2.959996 -678.174890
2.969996 -648.203003
2.979996 -617.403031
2.989996 -585.768449
2.999996 -553.293605
