-1.990000 4766.119539
-1.980000 4727.111121
-1.970000 4687.619684
-1.960000 4647.663569
-1.950000 4607.264070
-1.940000 4566.440480
-1.930000 4525.212801
-1.920000 4483.599922
-1.910000 4441.621440
-1.900000 4399.295365
-1.890000 4356.641341
-1.880000 4313.677881
-1.870000 4270.422350
-1.860000 4226.894227
-1.850000 4183.110442
-1.840000 4139.089107
-1.830000 4094.847645
-1.820000 4050.402784
-1.810000 4005.771494
-1.800000 3960.971710
-1.790000 3916.018764
-1.780000 3870.929661
-1.770000 3825.719744
-1.760000 3780.405317
-1.750000 3735.002453
-1.740000 3689.525793
-1.730000 3643.990218
-1.720000 3598.411820
-1.710000 3552.804284
-1.700000 3507.182504
-1.690000 3461.560652
-1.680000 3415.951933
-1.670000 3370.371008
-1.660000 3324.831329
-1.650000 3279.345618
-1.640000 3233.926842
-1.630000 3188.588210
-1.620000 3143.341719
-1.610000 3098.199849
-1.600000 3053.175085
-1.590000 3008.278202
-1.580000 2963.521441
-1.570000 2918.916068
-1.560000 2874.472861
-1.550000 2830.202599
-1.540000 2786.116308
-1.530000 2742.223550
-1.520000 2698.534866
-1.510000 2655.060552
-1.500000 2611.809205
-1.490000 2568.790640
-1.480000 2526.014190
-1.470001 2483.488461
-1.460001 2441.221822
-1.450001 2399.223373
-1.440001 2357.500525
-1.430001 2316.061661
-1.420001 2274.914690
-1.410001 2234.066316
-1.400001 2193.524222
-1.390001 2153.295375
-1.380001 2113.386510
-1.370001 2073.803895
-1.360001 2034.554286
-1.350001 1995.643259
-1.340001 1957.077118
-1.330001 1918.861464
-1.320001 1881.001203
-1.310001 1843.502087
-1.300001 1806.368703
-1.290001 1769.605775
-1.280001 1733.218162
-1.270001 1697.209923
-1.260001 1661.585140
-1.250001 1626.347916
-1.240001 1591.501565
-1.230001 1557.050006
-1.220001 1522.996259
-1.210001 1489.343258
-1.200001 1456.094195
-1.190001 1423.251490
-1.180001 1390.817823
-1.170001 1358.795116
-1.160001 1327.185885
-1.150001 1295.991783
-1.140001 1265.214500
-1.130001 1234.855542
-1.120001 1204.916452
-1.110001 1175.398152
-1.100001 1146.301825
-1.090001 1117.628257
-1.080001 1089.377740
-1.070001 1061.551259
-1.060001 1034.148766
-1.050001 1007.170374
-1.040001 980.616245
-1.030001 954.486060
-1.020001 928.779450
-1.010001 903.495995
-1.000001 878.635019
-0.990001 854.195592
-0.980001 830.176946
-0.970001 806.577761
-0.960001 783.396981
-0.950001 760.633108
-0.940001 738.284711
-0.930001 716.350171
-0.920001 694.827546
-0.910001 673.715060
-0.900001 653.010570
-0.890001 632.712052
-0.880001 612.817263
-0.870001 593.323612
-0.860001 574.228727
-0.850001 555.530025
-0.840001 537.224684
-0.830001 519.310004
-0.820001 501.782911
-0.810001 484.640594
-0.800001 467.879743
-0.790001 451.497267
-0.780001 435.489809
-0.770001 419.853972
-0.760001 404.586357
-0.750001 389.683318
-0.740001 375.141298
-0.730001 360.956581
-0.720001 347.125382
-0.710001 333.643845
-0.700001 320.508090
-0.690001 307.714172
-0.680001 295.257988
-0.670001 283.135497
-0.660001 271.342525
-0.650001 259.874922
-0.640001 248.728434
-0.630001 237.898726
-0.620001 227.381529
-0.610001 217.172424
-0.600001 207.267030
-0.590001 197.660928
-0.580001 188.349600
-0.570001 179.328569
-0.560001 170.593282
-0.550001 162.139227
-0.540001 153.961823
-0.530001 146.056473
-0.520001 138.418565
-0.510001 131.043506
-0.500001 123.926676
-0.490001 117.063407
-0.480001 110.449098
-0.470001 104.079118
-0.460001 97.948794
-0.450001 92.053526
-0.440001 86.388681
-0.430001 80.949633
-0.420002 75.731792
-0.410002 70.730539
-0.400002 65.941320
-0.390002 61.359562
-0.380002 56.980738
-0.370002 52.800324
-0.360002 48.813841
-0.350002 45.016812
-0.340002 41.404814
-0.330002 37.973435
-0.320002 34.718321
-0.310002 31.635130
-0.300002 28.719578
-0.290002 25.967406
-0.280002 23.374408
-0.270002 20.936418
-0.260002 18.649314
-0.250002 16.509026
-0.240002 14.511534
-0.230002 12.652867
-0.220002 10.929111
-0.210002 9.336408
-0.200002 7.870951
-0.190002 6.529000
-0.180002 5.306870
-0.170002 4.200939
-0.160002 3.207652
-0.150002 2.323514
-0.140002 1.545099
-0.130002 0.869052
-0.120002 0.292081
-0.110002 -0.189028
-0.100002 -0.577423
-0.090002 -0.876174
-0.080002 -1.088280
-0.070002 -1.216662
-0.060002 -1.264165
-0.050002 -1.233555
-0.040002 -1.127520
-0.030002 -0.948668
-0.020002 -0.699525
-0.010002 -0.382538
-0.000002 -0.000067
0.009998 0.445607
0.019998 0.952291
0.029998 1.517875
0.039998 2.140334
0.049998 2.817732
0.059998 3.548216
0.069998 4.330023
0.079998 5.161479
0.089998 6.040994
0.099998 6.967070
0.109998 7.938298
0.119998 8.953355
0.129998 10.011012
0.139998 11.110127
0.149998 12.249649
0.159998 13.428615
0.169998 14.646153
0.179998 15.901483
0.189998 17.193911
0.199998 18.522837
0.209998 19.887744
0.219998 21.288218
0.229998 22.723918
0.239998 24.194604
0.249998 25.700116
0.259998 27.240392
0.269998 28.815445
0.279998 30.425391
0.289998 32.070418
0.299998 33.750817
0.309998 35.466944
0.319998 37.219256
0.329998 39.008296
0.339998 40.834675
0.349998 42.699104
0.359998 44.602359
0.369998 46.545319
0.379998 48.528920
0.389998 50.554192
0.399998 52.622245
0.409998 54.734251
0.419998 56.891470
0.429998 59.095250
0.439998 61.346980
0.449998 63.648148
0.459998 66.000308
0.469998 68.405069
0.479998 70.864144
0.489998 73.379272
0.499998 75.952279
0.509998 78.585073
0.519998 81.279572
0.529998 84.037808
0.539998 86.861856
0.549998 89.753852
0.559998 92.715970
0.569998 95.750470
0.579998 98.859638
0.589998 102.045831
0.599998 105.311425
0.609998 108.658894
0.619998 112.090707
0.629998 115.609440
0.639998 119.217639
0.649998 122.917917
0.659998 126.712972
0.669998 130.605465
0.679998 134.598128
0.689998 138.693765
0.699998 142.895102
0.709998 147.205012
0.719998 151.626335
0.729998 156.161915
0.739998 160.814657
0.749998 165.587497
0.759998 170.483346
0.769998 175.505132
0.779998 180.655835
0.789998 185.938404
0.799998 191.355862
0.809998 196.911140
0.819998 202.607236
0.829998 208.447151
0.839998 214.433906
0.849998 220.570385
0.859998 226.859621
0.869998 233.304595
0.879998 239.908161
0.889998 246.673439
0.899998 253.603180
0.909998 260.700449
0.919998 267.968027
0.929998 275.408717
0.939998 283.025541
0.949998 290.821175
0.959998 298.798359
0.969998 306.959975
0.979998 315.308644
0.989998 323.846971
0.999998 332.577698
1.009998 341.503345
1.019998 350.626435
1.029998 359.949467
1.039998 369.474942
1.049998 379.205096
1.059998 389.142345
1.069998 399.288937
1.079998 409.647061
1.089998 420.218811
1.099998 431.006324
1.109998 442.011529
1.119998 453.236392
1.129998 464.682750
1.139998 476.352360
1.149998 488.246956
1.159998 500.368048
1.169998 512.717229
1.179998 525.295891
1.189998 538.105392
1.199998 551.147055
1.209998 564.421934
1.219998 577.931045
1.229998 591.675414
1.239998 605.655910
1.249997 619.873295
1.259997 634.328051
1.269997 649.020837
1.279997 663.951968
1.289997 679.121995
1.299997 694.530884
1.309997 710.178655
1.319997 726.065384
1.329997 742.190668
1.339997 758.554451
1.349997 775.156252
1.359997 791.995520
1.369997 809.071150
1.379997 826.382861
1.389997 843.929395
1.399997 861.709775
1.409997 879.722583
1.419997 897.966375
1.429997 916.439866
1.439997 935.141078
1.449997 954.068369
1.459997 973.219703
1.469997 992.592831
1.479997 1012.185650
1.489997 1031.995418
1.499997 1052.019962
1.509997 1072.255854
1.519997 1092.700660
1.529997 1113.351420
1.539997 1134.204274
1.549997 1155.256175
1.559997 1176.503294
1.569997 1197.942244
1.579997 1219.568738
1.589997 1241.378800
1.599997 1263.367917
1.609997 1285.532133
1.619997 1307.866462
1.629997 1330.365984
1.639997 1353.025844
1.649997 1375.840766
1.659997 1398.805778
1.669997 1421.914755
1.679997 1445.162602
1.689997 1468.542830
1.699997 1492.049613
1.709997 1515.676698
1.719997 1539.417888
1.729997 1563.266314
1.739997 1587.214443
1.749997 1611.256597
1.759997 1635.384267
1.769997 1659.591156
1.779997 1683.868977
1.789997 1708.210335
1.799997 1732.606925
1.809997 1757.050851
1.819997 1781.533668
1.829997 1806.046507
1.839997 1830.581606
1.849997 1855.129241
1.859997 1879.680444
1.869997 1904.225940
1.879997 1928.756028
1.889997 1953.261749
1.899997 1977.732560
1.909997 2002.158542
1.919997 2026.529701
1.929997 2050.835396
1.939997 2075.065025
1.949997 2099.208029
1.959997 2123.253205
1.969997 2147.188945
1.979997 2171.004582
1.989997 2194.688583
1.999997 2218.228568
2.009997 2241.613186
2.019997 2264.830164
2.029997 2287.867128
2.039997 2310.711647
2.049997 2333.350894
2.059997 2355.772949
2.069997 2377.963983
2.079997 2399.911077
2.089997 2421.600714
2.099997 2443.020052
2.109997 2464.154389
2.119997 2484.991173
2.129997 2505.515379
2.139997 2525.712665
2.149997 2545.569966
2.159997 2565.072196
2.169997 2584.204129
2.179997 2602.951600
2.189997 2621.299678
2.199997 2639.232492
2.209997 2656.736198
2.219997 2673.794435
2.229997 2690.391495
2.239997 2706.512111
2.249997 2722.140675
2.259997 2737.260683
2.269997 2751.856822
2.279997 2765.912143
2.289997 2779.410694
2.299997 2792.335840
2.309997 2804.671372
2.319997 2816.399696
2.329997 2827.504551
2.339997 2837.969019
2.349997 2847.776765
2.359997 2856.909600
2.369997 2865.349785
2.379997 2873.081692
2.389997 2880.087024
2.399997 2886.347263
2.409997 2891.846781
2.419997 2896.566227
2.429996 2900.488158
2.439996 2903.595348
2.449996 2905.869536
2.459996 2907.292405
2.469996 2907.845585
2.479996 2907.511859
2.489996 2906.272425
2.499996 2904.109333
2.509996 2901.003416
2.519996 2896.938064
2.529996 2891.892887
2.539996 2885.850885
2.549996 2878.793309
2.559996 2870.700595
2.569996 2861.555860
2.579996 2851.339502
2.589996 2840.032992
2.599996 2827.618801
2.609996 2814.077097
2.619996 2799.389102
2.629996 2783.538213
2.639996 2766.503707
2.649996 2748.268485
2.659996 2728.813554
2.669996 2708.119756
2.679996 2686.169971
2.689996 2662.944450
2.699996 2638.425882
2.709996 2612.594666
2.719996 2585.434153
2.729996 2556.924477
2.739996 2527.048458
2.749996 2495.787772
2.759996 2463.123636
2.769996 2429.039186
2.779996 2393.516150
2.789996 2356.536209
2.799996 2318.082661
2.809996 2278.136885
2.819996 2236.681241
2.829996 2193.699266
2.839996 2149.173338
2.849996 2103.085850
2.859996 2055.420191
2.869996 2006.159297
2.879996 1955.286389
2.889996 1902.784582
2.899996 1848.637998
2.909996 1792.829694
2.919996 1735.343517
2.929996 1676.163994
2.939996 1615.274648
2.949996 1552.660225
2.959996 1488.305223
2.969996 1422.193995
2.979996 1354.311871
2.989996 1284.643547
2.999996 1213.174435
