-1.990000 -2921.695122
-1.980000 -2904.219034
-1.970000 -2886.443254
-1.960000 -2868.377711
-1.950000 -2850.032249
-1.940000 -2831.416843
-1.930000 -2812.540923
-1.920000 -2793.414049
-1.910000 -2774.045456
-1.900000 -2754.444739
-1.890000 -2734.621399
-1.880000 -2714.584143
-1.870000 -2694.342037
-1.860000 -2673.904282
-1.850000 -2653.279742
-1.840000 -2632.476709
-1.830000 -2611.504781
-1.820000 -2590.371095
-1.810000 -2569.085275
-1.800000 -2547.654951
-1.790000 -2526.088591
-1.780000 -2504.394555
-1.770000 -2482.580143
-1.760000 -2460.653734
-1.750000 -2438.623125
-1.740000 -2416.495759
-1.730000 -2394.279207
-1.720000 -2371.981414
-1.710000 -2349.609246
-1.700000 -2327.169455
-1.690000 -2304.670132
-1.680000 -2282.117318
-1.670000 -2259.518637
-1.660000 -2236.880630
-1.650000 -2214.209723
-1.640000 -2191.512712
-1.630000 -2168.795795
-1.620000 -2146.065296
-1.610000 -2123.327672
-1.600000 -2100.588773
-1.590000 -2077.854826
-1.580000 -2055.130964
-1.570000 -2032.423795
-1.560000 -2009.738344
-1.550000 -1987.080379
-1.540000 -1964.455307
-1.530000 -1941.868301
-1.520000 -1919.324418
-1.510000 -1896.829089
-1.500000 -1874.386658
-1.490000 -1852.002451
-1.480000 -1829.680827
-1.470001 -1807.426643
-1.460001 -1785.244279
-1.450001 -1763.138000
-1.440001 -1741.112206
-1.430001 -1719.170941
-1.420001 -1697.318262
-1.410001 -1675.558232
-1.400001 -1653.894327
-1.390001 -1632.330634
-1.380001 -1610.870652
-1.370001 -1589.517649
-1.360001 -1568.275270
-1.350001 -1547.146572
-1.340001 -1526.134865
-1.330001 -1505.243235
-1.320001 -1484.474662
-1.310001 -1463.831671
-1.300001 -1443.317508
-1.290001 -1422.934493
-1.280001 -1402.685315
-1.270001 -1382.572445
-1.260001 -1362.598139
-1.250001 -1342.764554
-1.240001 -1323.074099
-1.230001 -1303.528621
-1.220001 -1284.130220
-1.210001 -1264.880784
-1.200001 -1245.781993
-1.190001 -1226.835550
-1.180001 -1208.042953
-1.170001 -1189.405947
-1.160001 -1170.925626
-1.150001 -1152.603669
-1.140001 -1134.440994
-1.130001 -1116.438882
-1.120001 -1098.598527
-1.110001 -1080.920598
-1.100001 -1063.406341
-1.090001 -1046.056263
-1.080001 -1028.871337
-1.070001 -1011.852022
-1.060001 -994.999132
-1.050001 -978.312972
-1.040001 -961.793989
-1.030001 -945.442555
-1.020001 -929.259073
-1.010001 -913.243561
-1.000001 -897.396279
-0.990001 -881.717213
-0.980001 -866.206484
-0.970001 -850.863943
-0.960001 -835.689479
-0.950001 -820.682915
-0.940001 -805.843916
-0.930001 -791.172182
-0.920001 -776.667454
-0.910001 -762.329217
-0.900001 -748.156996
-0.890001 -734.150261
-0.880001 -720.308335
-0.870001 -706.630582
-0.860001 -693.116361
-0.850001 -679.764888
-0.840001 -666.575331
-0.830001 -653.546901
-0.820001 -640.678719
-0.810001 -627.969683
-0.800001 -615.419003
-0.790001 -603.025583
-0.780001 -590.788287
-0.770001 -578.706116
-0.760001 -566.777942
-0.750001 -555.002438
-0.740001 -543.378575
-0.730001 -531.904960
-0.720001 -520.580456
-0.710001 -509.403649
-0.700001 -498.373261
-0.690001 -487.487906
-0.680001 -476.746209
-0.670001 -466.146773
-0.660001 -455.688100
-0.650001 -445.368822
-0.640001 -435.187399
-0.630001 -425.142348
-0.620001 -415.232167
-0.610001 -405.455301
-0.600001 -395.810253
-0.590001 -386.295369
-0.580001 -376.909192
-0.570001 -367.650048
-0.560001 -358.516389
-0.550001 -349.506591
-0.540001 -340.619086
-0.530001 -331.852176
-0.520001 -323.204313
-0.510001 -314.673852
-0.500001 -306.259147
-0.490001 -297.958581
-0.480001 -289.770565
-0.470001 -281.693397
-0.460001 -273.725493
-0.450001 -265.865266
-0.440001 -258.111032
-0.430001 -250.461243
-0.420002 -242.914254
-0.410002 -235.468480
-0.400002 -228.122369
-0.390002 -220.874306
-0.380002 -213.722738
-0.370002 -206.666122
-0.360002 -199.702908
-0.350002 -192.831602
-0.340002 -186.050664
-0.330002 -179.358630
-0.320002 -172.754017
-0.310002 -166.235357
-0.300002 -159.801243
-0.290002 -153.450248
-0.280002 -147.180969
-0.270002 -140.992060
-0.260002 -134.882145
-0.250002 -128.849923
-0.240002 -122.894094
-0.230002 -117.013368
-0.220002 -111.206503
-0.210002 -105.472300
-0.200002 -99.809551
-0.190002 -94.217091
-0.180002 -88.693799
-0.170002 -83.238566
-0.160002 -77.850315
-0.150002 -72.528006
-0.140002 -67.270630
-0.130002 -62.077207
-0.120002 -56.946805
-0.110002 -51.878504
-0.100002 -46.871427
-0.090002 -41.924734
-0.080002 -37.037617
-0.070002 -32.209309
-0.060002 -27.439074
-0.050002 -22.726213
-0.040002 -18.070068
-0.030002 -13.470011
-0.020002 -8.925458
-0.010002 -4.435864
-0.000002 -0.000716
0.009998 4.380455
0.019998 8.708081
0.029998 12.982555
0.039998 17.204230
0.049998 21.373420
0.059998 25.490398
0.069998 29.555401
0.079998 33.568621
0.089998 37.530213
0.099998 41.440291
0.109998 45.298927
0.119998 49.106157
0.129998 52.861977
0.139998 56.566334
0.149998 60.219145
0.159998 63.820276
0.169998 67.369568
0.179998 70.866807
0.189998 74.311750
0.199998 77.704108
0.209998 81.043553
0.219998 84.329723
0.229998 87.562206
0.239998 90.740562
0.249998 93.864321
0.259998 96.932934
0.269998 99.945869
0.279998 102.902518
0.289998 105.802256
0.299998 108.644400
0.309998 111.428251
0.319998 114.153073
0.329998 116.818084
0.339998 119.422460
0.349998 121.965369
0.359998 124.445917
0.369998 126.863206
0.379998 129.216264
0.389998 131.504128
0.399998 133.725771
0.409998 135.880157
0.419998 137.966222
0.429998 139.982844
0.439998 141.928899
0.449998 143.803223
0.459998 145.604620
0.469998 147.331898
0.479998 148.983782
0.489998 150.559013
0.499998 152.056309
0.509998 153.474355
0.519998 154.811792
0.529998 156.067261
0.539998 157.239388
0.549998 158.326764
0.559998 159.327962
0.569998 160.241551
0.579998 161.066065
0.589998 161.800022
0.599998 162.441926
0.609998 162.990281
0.619998 163.443542
0.629998 163.800224
0.639998 164.058721
0.649998 164.217527
0.659998 164.275033
0.669998 164.229695
0.679998 164.079926
0.689998 163.824132
0.699998 163.460712
0.709998 162.988073
0.719998 162.404608
0.729998 161.708726
0.739998 160.898820
0.749998 159.973277
0.759998 158.930502
0.769998 157.768900
0.779998 156.486879
0.789998 155.082822
0.799998 153.555160
0.809998 151.902323
0.819998 150.122746
0.829998 148.214879
0.839998 146.177135
0.849998 144.008020
0.859998 141.706031
0.869998 139.269610
0.879998 136.697311
0.889998 133.987633
0.899998 131.139165
0.909998 128.150421
0.919998 125.020035
0.929998 121.746587
0.939998 118.328783
0.949998 114.765229
0.959998 111.054609
0.969998 107.195657
0.979998 103.187115
0.989998 99.027830
0.999998 94.716476
1.009998 90.251967
1.019998 85.633225
1.029998 80.859106
1.039998 75.928605
1.049998 70.840625
1.059998 65.594322
1.069998 60.188679
1.079998 54.622802
1.089998 48.895948
1.099998 43.007204
1.109998 36.955837
1.119998 30.741191
1.129998 24.362603
1.139998 17.819435
1.149998 11.111179
1.159998 4.237384
1.169998 -2.802599
1.179998 -10.008974
1.189998 -17.382139
1.199998 -24.922379
1.209998 -32.629835
1.219998 -40.504785
1.229998 -48.547248
1.239998 -56.757267
1.249997 -65.134818
1.259997 -73.679814
1.269997 -82.392104
1.279997 -91.271378
1.289997 -100.317435
1.299997 -109.529829
1.309997 -118.908219
1.319997 -128.452076
1.329997 -138.160795
1.339997 -148.033701
1.349997 -158.070040
1.359997 -168.269103
1.369997 -178.629866
1.379997 -189.151464
1.389997 -199.832834
1.399997 -210.672834
1.409997 -221.670300
1.419997 -232.823926
1.429997 -244.132323
1.439997 -255.594199
1.449997 -267.207755
1.459997 -278.971529
1.469997 -290.883852
1.479997 -302.942726
1.489997 -315.146488
1.499997 -327.493084
1.509997 -339.980429
1.519997 -352.606289
1.529997 -365.368642
1.539997 -378.265070
1.549997 -391.293002
1.559997 -404.450078
1.569997 -417.733601
1.579997 -431.140899
1.589997 -444.669209
1.599997 -458.315486
1.609997 -472.076835
1.619997 -485.950202
1.629997 -499.932315
1.639997 -514.019957
1.649997 -528.209597
1.659997 -542.498005
1.669997 -556.881455
1.679997 -571.356242
1.689997 -585.918564
1.699997 -600.564640
1.709997 -615.290345
1.719997 -630.091819
1.729997 -644.964615
1.739997 -659.904551
1.749997 -674.907341
1.759997 -689.968359
1.769997 -705.083237
1.779997 -720.247147
1.789997 -735.455160
1.799997 -750.702603
1.809997 -765.984345
1.819997 -781.295510
1.829997 -796.630529
1.839997 -811.984440
1.849997 -827.351710
1.859997 -842.726704
1.869997 -858.104275
1.879997 -873.478352
1.889997 -888.843120
1.899997 -904.193009
1.909997 -919.521540
1.919997 -934.823175
1.929997 -950.091125
1.939997 -965.319538
1.949997 -980.502002
1.959997 -995.631784
1.969997 -1010.702395
1.979997 -1025.707249
1.989997 -1040.639549
1.999997 -1055.492408
2.009997 -1070.258891
2.019997 -1084.931927
2.029997 -1099.504182
2.039997 -1113.968722
2.049997 -1128.317976
2.059997 -1142.544502
2.069997 -1156.640985
2.079997 -1170.599588
2.089997 -1184.412924
2.099997 -1198.073089
2.109997 -1211.572099
2.119997 -1224.902093
2.129997 -1238.055126
2.139997 -1251.022964
2.149997 -1263.797496
2.159997 -1276.370329
2.169997 -1288.733092
2.179997 -1300.877539
2.189997 -1312.795243
2.199997 -1324.477303
2.209997 -1335.915049
2.219997 -1347.100321
2.229997 -1358.023522
2.239997 -1368.676349
2.249997 -1379.049652
2.259997 -1389.134600
2.269997 -1398.921917
2.279997 -1408.402086
2.289997 -1417.567008
2.299997 -1426.406303
2.309997 -1434.911378
2.319997 -1443.072838
2.329997 -1450.880707
2.339997 -1458.325850
2.349997 -1465.398807
2.359997 -1472.090154
2.369997 -1478.389816
2.379997 -1484.288278
2.389997 -1489.775809
2.399997 -1494.842968
2.409997 -1499.479606
2.419997 -1503.675874
2.429996 -1507.422206
2.439996 -1510.708360
2.449996 -1513.524697
2.459996 -1515.860922
2.469996 -1517.707181
2.479996 -1519.053742
2.489996 -1519.889942
2.499996 -1520.206301
2.509996 -1519.992279
2.519996 -1519.238342
2.529996 -1517.933787
2.539996 -1516.068762
2.549996 -1513.632845
2.559996 -1510.616566
2.569996 -1507.009351
2.579996 -1502.800651
2.589996 -1497.980966
2.599996 -1492.540004
2.609996 -1486.467612
2.619996 -1479.753157
2.629996 -1472.387369
2.639996 -1464.359524
2.649996 -1455.659992
2.659996 -1446.278227
2.669996 -1436.204070
2.679996 -1425.428375
2.689996 -1413.940358
2.699996 -1401.730261
2.709996 -1388.788244
2.719996 -1375.104293
2.729996 -1360.668440
2.739996 -1345.471438
2.749996 -1329.502631
2.759996 -1312.752946
2.769996 -1295.212413
2.779996 -1276.871399
2.789996 -1257.720579
2.799996 -1237.750007
2.809996 -1216.950956
2.819996 -1195.313215
2.829996 -1172.827706
2.839996 -1149.485541
2.849996 -1125.277153
2.859996 -1100.193510
2.869996 -1074.225779
2.879996 -1047.364676
2.889996 -1019.601537
2.899996 -990.927643
2.909996 -961.334131
2.919996 -930.812799
2.929996 -899.354758
2.939996 -866.951679
2.949996 -833.595327
2.959996 -799.277653
2.969996 -763.990356
2.979996 -727.725767
2.989996 -690.475678
2.999996 -652.232569
