-1.990000 -167.738225
-1.980000 -149.384631
-1.970000 -131.135164
-1.960000 -112.996636
-1.950000 -94.976533
-1.940000 -77.082573
-1.930000 -59.321691
-1.920000 -41.700538
-1.910000 -24.225824
-1.900000 -6.904326
-1.890000 10.257635
-1.880000 27.254077
-1.870000 44.078549
-1.860000 60.725404
-1.850000 77.188932
-1.840000 93.463646
-1.830000 109.543992
-1.820000 125.424758
-1.810000 141.101135
-1.800000 156.567829
-1.790000 171.820422
-1.780000 186.854246
-1.770000 201.664858
-1.760000 216.248038
-1.750000 230.599850
-1.740000 244.716282
-1.730000 258.593649
-1.720000 272.228292
-1.710000 285.616912
-1.700000 298.756263
-1.690000 311.643138
-1.680000 324.274671
-1.670000 336.647971
-1.660000 348.760611
-1.650000 360.610013
-1.640000 372.193938
-1.630000 383.510121
-1.620000 394.556629
-1.610000 405.331561
-1.600000 415.833291
-1.590000 426.060217
-1.580000 436.010950
-1.570000 445.684368
-1.560000 455.079130
-1.550000 464.194285
-1.540000 473.029388
-1.530000 481.583346
-1.520000 489.855694
-1.510000 497.846166
-1.500000 505.554513
-1.490000 512.980558
-1.480000 520.124202
-1.470001 526.985720
-1.460001 533.565335
-1.450001 539.863522
-1.440001 545.880823
-1.430001 551.617726
-1.420001 557.075204
-1.410001 562.254052
-1.400001 567.155306
-1.390001 571.780062
-1.380001 576.129892
-1.370001 580.205823
-1.360001 584.009537
-1.350001 587.542466
-1.340001 590.806454
-1.330001 593.803327
-1.320001 596.534846
-1.310001 599.003226
-1.300001 601.210606
-1.290001 603.159110
-1.280001 604.851133
-1.270001 606.289107
-1.260001 607.475499
-1.250001 608.412870
-1.240001 609.103981
-1.230001 609.551685
-1.220001 609.758800
-1.210001 609.728284
-1.200001 609.463065
-1.190001 608.966374
-1.180001 608.241291
-1.170001 607.291196
-1.160001 606.119317
-1.150001 604.729115
-1.140001 603.124067
-1.130001 601.307710
-1.120001 599.283536
-1.110001 597.055206
-1.100001 594.626550
-1.090001 592.001286
-1.080001 589.183189
-1.070001 586.176244
-1.060001 582.984163
-1.050001 579.611135
-1.040001 576.060962
-1.030001 572.337916
-1.020001 568.445884
-1.010001 564.389105
-1.000001 560.171799
-0.990001 555.797964
-0.980001 551.271933
-0.970001 546.598017
-0.960001 541.780450
-0.950001 536.823439
-0.940001 531.731464
-0.930001 526.508771
-0.920001 521.159677
-0.910001 515.688705
-0.900001 510.100097
-0.890001 504.398254
-0.880001 498.587629
-0.870001 492.672634
-0.860001 486.657633
-0.850001 480.547042
-0.840001 474.345228
-0.830001 468.056690
-0.820001 461.685741
-0.810001 455.236775
-0.800001 448.714221
-0.790001 442.122405
-0.780001 435.465729
-0.770001 428.748402
-0.760001 421.974876
-0.750001 415.149365
-0.740001 408.276188
-0.730001 401.359558
-0.720001 394.403699
-0.710001 387.412808
-0.700001 380.391051
-0.690001 373.342521
-0.680001 366.271394
-0.670001 359.181614
-0.660001 352.077244
-0.650001 344.962302
-0.640001 337.840691
-0.630001 330.716269
-0.620001 323.592922
-0.610001 316.474417
-0.600001 309.364507
-0.590001 302.266926
-0.580001 295.185288
-0.570001 288.123187
-0.560001 281.084127
-0.550001 274.071590
-0.540001 267.089059
-0.530001 260.139798
-0.520001 253.227137
-0.510001 246.354339
-0.500001 239.524512
-0.490001 232.740785
-0.480001 226.006164
-0.470001 219.323640
-0.460001 212.696049
-0.450001 206.126268
-0.440001 199.617003
-0.430001 193.170938
-0.420002 186.790657
-0.410002 180.478667
-0.400002 174.237421
-0.390002 168.069270
-0.380002 161.976495
-0.370002 155.961295
-0.360002 150.025778
-0.350002 144.171988
-0.340002 138.401834
-0.330002 132.717232
-0.320002 127.119920
-0.310002 121.611612
-0.300002 116.193873
-0.290002 110.868249
-0.280002 105.636166
-0.270002 100.498945
-0.260002 95.457834
-0.250002 90.513988
-0.240002 85.668470
-0.230002 80.922248
-0.220002 76.276206
-0.210002 71.731130
-0.200002 67.287710
-0.190002 62.946546
-0.180002 58.708152
-0.170002 54.572925
-0.160002 50.541194
-0.150002 46.613179
-0.140002 42.789004
-0.130002 39.068708
-0.120002 35.452230
-0.110002 31.939408
-0.100002 28.529996
-0.090002 25.223645
-0.080002 22.019915
-0.070002 18.918269
-0.060002 15.918080
-0.050002 13.018621
-0.040002 10.219076
-0.030002 7.518531
-0.020002 4.915982
-0.010002 2.410330
-0.000002 0.000384
0.009998 -2.315139
0.019998 -4.537615
0.029998 -6.668509
0.039998 -8.709379
0.049998 -10.661871
0.059998 -12.527723
0.069998 -14.308760
0.079998 -16.006893
0.089998 -17.624127
0.099998 -19.162545
0.109998 -20.624324
0.119998 -22.011718
0.129998 -23.327072
0.139998 -24.572806
0.149998 -25.751431
0.159998 -26.865535
0.169998 -27.917782
0.179998 -28.910921
0.189998 -29.847772
0.199998 -30.731243
0.209998 -31.564306
0.219998 -32.350006
0.229998 -33.091477
0.239998 -33.791907
0.249998 -34.454560
0.259998 -35.082773
0.269998 -35.679942
0.279998 -36.249544
0.289998 -36.795101
0.299998 -37.320219
0.309998 -37.828544
0.319998 -38.323795
0.329998 -38.809753
0.339998 -39.290241
0.349998 -39.769153
0.359998 -40.250422
0.369998 -40.738050
0.379998 -41.236065
0.389998 -41.748564
0.399998 -42.279687
0.409998 -42.833612
0.419998 -43.414559
0.429998 -44.026792
0.439998 -44.674621
0.449998 -45.362373
0.459998 -46.094446
0.469998 -46.875217
0.479998 -47.709151
0.489998 -48.600705
0.499998 -49.554364
0.509998 -50.574668
0.519998 -51.666137
0.529998 -52.833354
0.539998 -54.080884
0.549998 -55.413334
0.559998 -56.835297
0.569998 -58.351425
0.579998 -59.966330
0.589998 -61.684658
0.599998 -63.511049
0.609998 -65.450149
0.619998 -67.506626
0.629998 -69.685090
0.639998 -71.990214
0.649998 -74.426630
0.659998 -76.998952
0.669998 -79.711802
0.679998 -82.569786
0.689998 -85.577478
0.699998 -88.739471
0.709998 -92.060257
0.719998 -95.544426
0.729998 -99.196442
0.739998 -103.020761
0.749998 -107.021868
0.759998 -111.204115
0.769998 -115.571919
0.779998 -120.129578
0.789998 -124.881391
0.799998 -129.831635
0.809998 -134.984455
0.819998 -140.344103
0.829998 -145.914602
0.839998 -151.700035
0.849998 -157.704406
0.859998 -163.931617
0.869998 -170.385600
0.879998 -177.070110
0.889998 -183.988975
0.899998 -191.145840
0.909998 -198.544302
0.919998 -206.187897
0.929998 -214.080171
0.939998 -222.224460
0.949998 -230.623980
0.959998 -239.282114
0.969998 -248.201911
0.979998 -257.386481
0.989998 -266.838697
0.999998 -276.561486
1.009998 -286.557739
1.019998 -296.829936
1.029998 -307.380770
1.039998 -318.212728
1.049998 -329.328089
1.059998 -340.729128
1.069998 -352.418172
1.079998 -364.397121
1.089998 -376.667917
1.099998 -389.232497
1.109998 -402.092411
1.119998 -415.249302
1.129998 -428.704750
1.139998 -442.459880
1.149998 -456.516019
1.159998 -470.874259
1.169998 -485.535557
1.179998 -500.500572
1.189998 -515.770276
1.199998 -531.344998
1.209998 -547.225209
1.219998 -563.411128
1.229998 -579.902886
1.239998 -596.700583
1.249997 -613.803772
1.259997 -631.212491
1.269997 -648.926108
1.279997 -666.943894
1.289997 -685.265318
1.299997 -703.889224
1.309997 -722.814534
1.319997 -742.040126
1.329997 -761.564663
1.339997 -781.386226
1.349997 -801.503507
1.359997 -821.914256
1.369997 -842.616775
1.379997 -863.608479
1.389997 -884.887089
1.399997 -906.449978
1.409997 -928.294526
1.419997 -950.417757
1.429997 -972.816461
1.439997 -995.487612
1.449997 -1018.427584
1.459997 -1041.632451
1.469997 -1065.098894
1.479997 -1088.822808
1.489997 -1112.799781
1.499997 -1137.025830
1.509997 -1161.496055
1.519997 -1186.205860
1.529997 -1211.150216
1.539997 -1236.324400
1.549997 -1261.722644
1.559997 -1287.339970
1.569997 -1313.170235
1.579997 -1339.207839
1.589997 -1365.446746
1.599997 -1391.880490
1.609997 -1418.502775
1.619997 -1445.307241
1.629997 -1472.286844
1.639997 -1499.434596
1.649997 -1526.743313
1.659997 -1554.205623
1.669997 -1581.813957
1.679997 -1609.560436
1.689997 -1637.437109
1.699997 -1665.436315
1.709997 -1693.548991
1.719997 -1721.767093
1.729997 -1750.081415
1.739997 -1778.483768
1.749997 -1806.964205
1.759997 -1835.513910
1.769997 -1864.123396
1.779997 -1892.782746
1.789997 -1921.482332
1.799997 -1950.212095
1.809997 -1978.961553
1.819997 -2007.720271
1.829997 -2036.477747
1.839997 -2065.223056
1.849997 -2093.945556
1.859997 -2122.633716
1.869997 -2151.275824
1.879997 -2179.860920
1.889997 -2208.377159
1.899997 -2236.812519
1.909997 -2265.155027
1.919997 -2293.392304
1.929997 -2321.511335
1.939997 -2349.500534
1.949997 -2377.346766
1.959997 -2405.036500
1.969997 -2432.557618
1.979997 -2459.895578
1.989997 -2487.038142
1.999997 -2513.970666
2.009997 -2540.679763
2.019997 -2567.151636
2.029997 -2593.371694
2.039997 -2619.325984
2.049997 -2644.999740
2.059997 -2670.378480
2.069997 -2695.447996
2.079997 -2720.192852
2.089997 -2744.598112
2.099997 -2768.648270
2.109997 -2792.328313
2.119997 -2815.622873
2.129997 -2838.515611
2.139997 -2860.992334
2.149997 -2883.035612
2.159997 -2904.629953
2.169997 -2925.759320
2.179997 -2946.406951
2.189997 -2966.557365
2.199997 -2986.193554
2.209997 -3005.298801
2.219997 -3023.856085
2.229997 -3041.849246
2.239997 -3059.260850
2.249997 -3076.074323
2.259997 -3092.272032
2.269997 -3107.836636
2.279997 -3122.751629
2.289997 -3136.998184
2.299997 -3150.559799
2.309997 -3163.418950
2.319997 -3175.556960
2.329997 -3186.956879
2.339997 -3197.601306
2.349997 -3207.470668
2.359997 -3216.548830
2.369997 -3224.816801
2.379997 -3232.256242
2.389997 -3238.849772
2.399997 -3244.578609
2.409997 -3249.424601
2.419997 -3253.369874
2.429996 -3256.395540
2.439996 -3258.483335
2.449996 -3259.615270
2.459996 -3259.772700
2.469996 -3258.937270
2.479996 -3257.090608
2.489996 -3254.213732
2.499996 -3250.288553
2.509996 -3245.296673
2.519996 -3239.219407
2.529996 -3232.038365
2.539996 -3223.735442
2.549996 -3214.291435
2.559996 -3203.688547
2.569996 -3191.908176
2.579996 -3178.931760
2.589996 -3164.741550
2.599996 -3149.318792
2.609996 -3132.645049
2.619996 -3114.702432
2.629996 -3095.472844
2.639996 -3074.937771
2.649996 -3053.079715
2.659996 -3029.880073
2.669996 -3005.321473
2.679996 -2979.385926
2.689996 -2952.056180
2.699996 -2923.313779
2.709996 -2893.141649
2.719996 -2861.521774
2.729996 -2828.437661
2.739996 -2793.871128
2.749996 -2757.806055
2.759996 -2720.224528
2.769996 -2681.109906
2.779996 -2640.445482
2.789996 -2598.215182
2.799996 -2554.401540
2.809996 -2508.989248
2.819996 -2461.960872
2.829996 -2413.301222
2.839996 -2362.994593
2.849996 -2311.024999
2.859996 -2257.376524
2.869996 -2202.034003
2.879996 -2144.982558
2.889996 -2086.207089
2.899996 -2025.692589
2.909996 -1963.424952
2.919996 -1899.389124
2.929996 -1833.571189
2.939996 -1765.957208
2.949996 -1696.533456
2.959996 -1625.286607
2.969996 -1552.202854
2.979996 -1477.269523
2.989996 -1400.473658
2.999996 -1321.802858
