-1.990000 -644.922180
-1.980000 -628.285350
-1.970000 -611.668738
-1.960000 -595.079676
-1.950000 -578.525301
-1.940000 -562.012329
-1.930000 -545.548535
-1.920000 -529.139907
-1.910000 -512.793376
-1.900000 -496.515565
-1.890000 -480.312905
-1.880000 -464.191397
-1.870000 -448.157309
-1.860000 -432.216594
-1.850000 -416.375128
-1.840000 -400.638353
-1.830000 -385.012217
-1.820000 -369.501763
-1.810000 -354.112547
-1.800000 -338.849448
-1.790000 -323.717743
-1.780000 -308.721916
-1.770000 -293.867144
-1.760000 -279.157690
-1.750000 -264.597978
-1.740000 -250.192215
-1.730000 -235.945061
-1.720000 -221.859966
-1.710000 -207.941164
-1.700000 -194.192207
-1.690000 -180.616994
-1.680000 -167.218686
-1.670000 -154.000607
-1.660000 -140.966252
-1.650000 -128.118494
-1.640000 -115.460317
-1.630000 -102.994388
-1.620000 -90.723669
-1.610000 -78.650381
-1.600000 -66.777162
-1.590000 -55.106216
-1.580000 -43.639677
-1.570000 -32.379613
-1.560000 -21.327904
-1.550000 -10.486120
-1.540000 0.143868
-1.530000 10.560374
-1.520000 20.762446
-1.510000 30.748644
-1.500000 40.517710
-1.490000 50.068508
-1.480000 59.400475
-1.470001 68.512590
-1.460001 77.404221
-1.450001 86.074763
-1.440001 94.523902
-1.430001 102.751200
-1.420001 110.756508
-1.410001 118.539578
-1.400001 126.100542
-1.390001 133.439489
-1.380001 140.556523
-1.370001 147.452063
-1.360001 154.126483
-1.350001 160.580435
-1.340001 166.814316
-1.330001 172.828918
-1.320001 178.625131
-1.310001 184.203939
-1.300001 189.566155
-1.290001 194.712921
-1.280001 199.645497
-1.270001 204.365176
-1.260001 208.873219
-1.250001 213.171151
-1.240001 217.260490
-1.230001 221.142897
-1.220001 224.819968
-1.210001 228.293610
-1.200001 231.565547
-1.190001 234.637864
-1.180001 237.512394
-1.170001 240.191283
-1.160001 242.676760
-1.150001 244.970967
-1.140001 247.076086
-1.130001 248.994643
-1.120001 250.728947
-1.110001 252.281508
-1.100001 253.654784
-1.090001 254.851427
-1.080001 255.874064
-1.070001 256.725402
-1.060001 257.408144
-1.050001 257.925100
-1.040001 258.279151
-1.030001 258.473120
-1.020001 258.510032
-1.010001 258.392769
-1.000001 258.124413
-0.990001 257.707977
-0.980001 257.146591
-0.970001 256.443366
-0.960001 255.601422
-0.950001 254.624009
-0.940001 253.514283
-0.930001 252.275575
-0.920001 250.911067
-0.910001 249.424065
-0.900001 247.817942
-0.890001 246.095997
-0.880001 244.261592
-0.870001 242.318058
-0.860001 240.268835
-0.850001 238.117256
-0.840001 235.866806
-0.830001 233.520792
-0.820001 231.082711
-0.810001 228.555952
-0.800001 225.943952
-0.790001 223.250146
-0.780001 220.477928
-0.770001 217.630774
-0.760001 214.712050
-0.750001 211.725200
-0.740001 208.673616
-0.730001 205.560727
-0.720001 202.389863
-0.710001 199.164426
-0.700001 195.887781
-0.690001 192.563240
-0.680001 189.194152
-0.670001 185.783829
-0.660001 182.335504
-0.650001 178.852481
-0.640001 175.337966
-0.630001 171.795193
-0.620001 168.227331
-0.610001 164.637504
-0.600001 161.028876
-0.590001 157.404507
-0.580001 153.767459
-0.570001 150.120742
-0.560001 146.467345
-0.550001 142.810219
-0.540001 139.152246
-0.530001 135.496327
-0.520001 131.845244
-0.510001 128.201797
-0.500001 124.568726
-0.490001 120.948709
-0.480001 117.344365
-0.470001 113.758312
-0.460001 110.193075
-0.450001 106.651159
-0.440001 103.134994
-0.430001 99.646956
-0.420002 96.189389
-0.410002 92.764559
-0.400002 89.374690
-0.390002 86.021936
-0.380002 82.708397
-0.370002 79.436126
-0.360002 76.207087
-0.350002 73.023217
-0.340002 69.886361
-0.330002 66.798318
-0.320002 63.760823
-0.310002 60.775531
-0.300002 57.844046
-0.290002 54.967905
-0.280002 52.148570
-0.270002 49.387442
-0.260002 46.685846
-0.250002 44.045044
-0.240002 41.466231
-0.230002 38.950519
-0.220002 36.498968
-0.210002 34.112549
-0.200002 31.792177
-0.190002 29.538681
-0.180002 27.352820
-0.170002 25.235293
-0.160002 23.186706
-0.150002 21.207608
-0.140002 19.298461
-0.130002 17.459662
-0.120002 15.691532
-0.110002 13.994314
-0.100002 12.368178
-0.090002 10.813219
-0.080002 9.329457
-0.070002 7.916838
-0.060002 6.575232
-0.050002 5.304433
-0.040002 4.104162
-0.030002 2.974065
-0.020002 1.913712
-0.010002 0.922598
-0.000002 0.000144
0.009998 -0.854301
0.019998 -1.641467
0.029998 -2.362153
0.039998 -3.017234
0.049998 -3.607657
0.059998 -4.134443
0.069998 -4.598686
0.079998 -5.001550
0.089998 -5.344271
0.099998 -5.628157
0.109998 -5.854585
0.119998 -6.025005
0.129998 -6.140932
0.139998 -6.203953
0.149998 -6.215723
0.159998 -6.177963
0.169998 -6.092460
0.179998 -5.961070
0.189998 -5.785713
0.199998 -5.568371
0.209998 -5.311094
0.219998 -5.015989
0.229998 -4.685234
0.239998 -4.321054
0.249998 -3.925747
0.259998 -3.501668
0.269998 -3.051224
0.279998 -2.576879
0.289998 -2.081160
0.299998 -1.566642
0.309998 -1.035959
0.319998 -0.491793
0.329998 0.063121
0.339998 0.625993
0.349998 1.193994
0.359998 1.764239
0.369998 2.333799
0.379998 2.899703
0.389998 3.458928
0.399998 4.008418
0.409998 4.545072
0.419998 5.065746
0.429998 5.567261
0.439998 6.046406
0.449998 6.499922
0.459998 6.924528
0.469998 7.316908
0.479998 7.673709
0.489998 7.991558
0.499998 8.267034
0.509998 8.496731
0.519998 8.677179
0.529998 8.804889
0.539998 8.876381
0.549998 8.888121
0.559998 8.836578
0.569998 8.718191
0.579998 8.529397
0.589998 8.266611
0.599998 7.926245
0.609998 7.504695
0.619998 6.998349
0.629998 6.403606
0.639998 5.716831
0.649998 4.934414
0.659998 4.052730
0.669998 3.068167
0.679998 1.977101
0.689998 0.775943
0.699998 -0.538947
0.709998 -1.971132
0.719998 -3.524193
0.729998 -5.201716
0.739998 -7.007235
0.749998 -8.944295
0.759998 -11.016433
0.769998 -13.227083
0.779998 -15.579824
0.789998 -18.077996
0.799998 -20.725098
0.809998 -23.524477
0.819998 -26.479530
0.829998 -29.593552
0.839998 -32.869871
0.849998 -36.311723
0.859998 -39.922385
0.869998 -43.704956
0.879998 -47.662605
0.889998 -51.798436
0.899998 -56.115459
0.909998 -60.616729
0.919998 -65.305156
0.929998 -70.183646
0.939998 -75.255025
0.949998 -80.522087
0.959998 -85.987543
0.969998 -91.654070
0.979998 -97.524279
0.989998 -103.600695
0.999998 -109.885800
1.009998 -116.381957
1.019998 -123.091535
1.029998 -130.016834
1.039998 -137.159893
1.049998 -144.523019
1.059998 -152.108097
1.069998 -159.917198
1.079998 -167.952018
1.089998 -176.214516
1.099998 -184.706298
1.109998 -193.429044
1.119998 -202.384157
1.129998 -211.573245
1.139998 -220.997499
1.149998 -230.658288
1.159998 -240.556594
1.169998 -250.693649
1.179998 -261.070349
1.189998 -271.687501
1.199998 -282.545866
1.209998 -293.646155
1.219998 -304.988747
1.229998 -316.574254
1.239998 -328.402893
1.249997 -340.474825
1.259997 -352.790271
1.269997 -365.349109
1.279997 -378.151331
1.289997 -391.196461
1.299997 -404.484373
1.309997 -418.014291
1.319997 -431.785906
1.329997 -445.798256
1.339997 -460.050547
1.349997 -474.541802
1.359997 -489.270915
1.369997 -504.236592
1.379997 -519.437409
1.389997 -534.872050
1.399997 -550.538647
1.409997 -566.435618
1.419997 -582.560884
1.429997 -598.912474
1.439997 -615.488157
1.449997 -632.285684
1.459997 -649.302669
1.469997 -666.536402
1.479997 -683.984033
1.489997 -701.642751
1.499997 -719.509664
1.509997 -737.581429
1.519997 -755.854867
1.529997 -774.326468
1.539997 -792.992515
1.549997 -811.849449
1.559997 -830.893015
1.569997 -850.119602
1.579997 -869.524778
1.589997 -889.104269
1.599997 -908.853467
1.609997 -928.767916
1.619997 -948.842465
1.629997 -969.072721
1.639997 -989.452985
1.649997 -1009.978197
1.659997 -1030.643142
1.669997 -1051.442031
1.679997 -1072.369223
1.689997 -1093.418802
1.699997 -1114.585066
1.709997 -1135.861430
1.719997 -1157.241761
1.729997 -1178.719411
1.739997 -1200.288184
1.749997 -1221.940762
1.759997 -1243.670281
1.769997 -1265.469962
1.779997 -1287.332275
1.789997 -1309.250252
1.799997 -1331.215702
1.809997 -1353.221473
1.819997 -1375.259312
1.829997 -1397.321525
1.839997 -1419.399677
1.849997 -1441.485773
1.859997 -1463.570964
1.869997 -1485.647189
1.879997 -1507.705304
1.889997 -1529.736602
1.899997 -1551.731648
1.909997 -1573.681905
1.919997 -1595.577306
1.929997 -1617.409020
1.939997 -1639.167270
1.949997 -1660.842022
1.959997 -1682.423675
1.969997 -1703.901805
1.979997 -1725.266755
1.989997 -1746.508051
1.999997 -1767.614753
2.009997 -1788.577133
2.019997 -1809.383625
2.029997 -1830.024014
2.039997 -1850.486837
2.049997 -1870.761159
2.059997 -1890.835810
2.069997 -1910.699598
2.079997 -1930.340565
2.089997 -1949.747910
2.099997 -1968.908798
2.109997 -1987.812185
2.119997 -2006.445851
2.129997 -2024.797465
2.139997 -2042.855206
2.149997 -2060.606929
2.159997 -2078.039561
2.169997 -2095.141554
2.179997 -2111.898824
2.189997 -2128.300008
2.199997 -2144.331827
2.209997 -2159.980915
2.219997 -2175.234211
2.229997 -2190.080107
2.239997 -2204.503408
2.249997 -2218.492120
2.259997 -2232.032050
2.269997 -2245.109879
2.279997 -2257.712758
2.289997 -2269.826080
2.299997 -2281.437017
2.309997 -2292.531010
2.319997 -2303.094532
2.329997 -2313.113618
2.339997 -2322.574416
2.349997 -2331.462311
2.359997 -2339.764023
2.369997 -2347.464995
2.379997 -2354.550963
2.389997 -2361.007451
2.399997 -2366.820435
2.409997 -2371.975999
2.419997 -2376.458066
2.429996 -2380.254103
2.439996 -2383.348463
2.449996 -2385.727231
2.459996 -2387.375357
2.469996 -2388.278855
2.479996 -2388.422487
2.489996 -2387.792066
2.499996 -2386.372928
2.509996 -2384.150255
2.519996 -2381.109658
2.529996 -2377.236027
2.539996 -2372.514827
2.549996 -2366.932203
2.559996 -2360.472111
2.569996 -2353.121243
2.579996 -2344.864141
2.589996 -2335.686185
2.599996 -2325.573533
2.609996 -2314.510831
2.619996 -2302.484026
2.629996 -2289.478346
2.639996 -2275.479542
2.649996 -2260.473161
2.659996 -2244.444570
2.669996 -2227.379644
2.679996 -2209.264080
2.689996 -2190.083629
2.699996 -2169.823899
2.709996 -2148.471395
2.719996 -2126.011640
2.729996 -2102.430659
2.739996 -2077.714363
2.749996 -2051.849694
2.759996 -2024.822336
2.769996 -1996.618650
2.779996 -1967.225437
2.789996 -1936.629055
2.799996 -1904.815984
2.809996 -1871.773147
2.819996 -1837.487715
2.829996 -1801.946040
2.839996 -1765.135972
2.849996 -1727.043990
2.859996 -1687.658151
2.869996 -1646.965636
2.879996 -1604.953544
2.889996 -1561.610656
2.899996 -1516.924223
2.909996 -1470.882081
2.919996 -1423.473330
2.929996 -1374.685437
2.939996 -1324.507454
2.949996 -1272.927949
2.959996 -1219.935682
2.969996 -1165.519771
2.979996 -1109.669265
2.989996 -1052.373875
2.999996 -993.622945
