-1.990000 2069.927800
-1.980000 2050.766336
-1.970000 2031.433425
-1.960000 2011.938830
-1.950000 1992.292871
-1.940000 1972.504846
-1.930000 1952.584383
-1.920000 1932.540988
-1.910000 1912.384273
-1.900000 1892.122805
-1.890000 1871.766408
-1.880000 1851.323626
-1.870000 1830.803568
-1.860000 1810.214517
-1.850000 1789.565559
-1.840000 1768.864714
-1.830000 1748.120572
-1.820000 1727.341124
-1.810000 1706.534460
-1.800000 1685.709014
-1.790000 1664.871658
-1.780000 1644.030795
-1.770000 1623.193263
-1.760000 1602.366954
-1.750000 1581.558911
-1.740000 1560.776275
-1.730000 1540.026052
-1.720000 1519.315110
-1.710000 1498.649938
-1.700000 1478.037366
-1.690000 1457.483606
-1.680000 1436.994727
-1.670000 1416.577387
-1.660000 1396.237137
-1.650000 1375.979869
-1.640000 1355.811582
-1.630000 1335.737649
-1.620000 1315.763668
-1.610000 1295.894486
-1.600000 1276.135789
-1.590000 1256.492269
-1.580000 1236.969088
-1.570000 1217.570415
-1.560000 1198.301503
-1.550000 1179.166608
-1.540000 1160.169853
-1.530000 1141.315462
-1.520000 1122.607771
-1.510000 1104.050243
-1.500000 1085.647182
-1.490000 1067.401658
-1.480000 1049.317582
-1.470001 1031.398242
-1.460001 1013.646972
-1.450001 996.066430
-1.440001 978.660048
-1.430001 961.430459
-1.420001 944.380289
-1.410001 927.512572
-1.400001 910.828949
-1.390001 894.332435
-1.380001 878.024897
-1.370001 861.908432
-1.360001 845.985013
-1.350001 830.256425
-1.340001 814.724390
-1.330001 799.390386
-1.320001 784.255829
-1.310001 769.322131
-1.300001 754.590525
-1.290001 740.061830
-1.280001 725.737159
-1.270001 711.617447
-1.260001 697.703280
-1.250001 683.995307
-1.240001 670.494118
-1.230001 657.199902
-1.220001 644.112971
-1.210001 631.233582
-1.200001 618.561769
-1.190001 606.097461
-1.180001 593.840480
-1.170001 581.790544
-1.160001 569.947325
-1.150001 558.310283
-1.140001 546.878889
-1.130001 535.652571
-1.120001 524.630601
-1.110001 513.811830
-1.100001 503.195510
-1.090001 492.780687
-1.080001 482.565938
-1.070001 472.550347
-1.060001 462.732423
-1.050001 453.110807
-1.040001 443.684000
-1.030001 434.450501
-1.020001 425.408595
-1.010001 416.556594
-1.000001 407.892678
-0.990001 399.414981
-0.980001 391.121557
-0.970001 383.010317
-0.960001 375.079275
-0.950001 367.326174
-0.940001 359.748817
-0.930001 352.344866
-0.920001 345.112067
-0.910001 338.047882
-0.900001 331.149886
-0.890001 324.415520
-0.880001 317.842146
-0.870001 311.427214
-0.860001 305.167884
-0.850001 299.061476
-0.840001 293.105212
-0.830001 287.296109
-0.820001 281.631386
-0.810001 276.108083
-0.800001 270.723151
-0.790001 265.473573
-0.780001 260.356352
-0.770001 255.368305
-0.760001 250.506324
-0.750001 245.767241
-0.740001 241.147820
-0.730001 236.644855
-0.720001 232.255092
-0.710001 227.975209
-0.700001 223.801924
-0.690001 219.731888
-0.680001 215.761735
-0.670001 211.888138
-0.660001 208.107635
-0.650001 204.416867
-0.640001 200.812420
-0.630001 197.290852
-0.620001 193.848709
-0.610001 190.482533
-0.600001 187.188892
-0.590001 183.964330
-0.580001 180.805358
-0.570001 177.708517
-0.560001 174.670365
-0.550001 171.687430
-0.540001 168.756243
-0.530001 165.873341
-0.520001 163.035300
-0.510001 160.238674
-0.500001 157.480041
-0.490001 154.755963
-0.480001 152.063088
-0.470001 149.397979
-0.460001 146.757299
-0.450001 144.137676
-0.440001 141.535785
-0.430001 138.948334
-0.420002 136.372016
-0.410002 133.803575
-0.400002 131.239779
-0.390002 128.677424
-0.380002 126.113312
-0.370002 123.544308
-0.360002 120.967290
-0.350002 118.379187
-0.340002 115.776921
-0.330002 113.157503
-0.320002 110.517939
-0.310002 107.855295
-0.300002 105.166676
-0.290002 102.449228
-0.280002 99.700128
-0.270002 96.916608
-0.260002 94.095937
-0.250002 91.235427
-0.240002 88.332458
-0.230002 85.384435
-0.220002 82.388818
-0.210002 79.343131
-0.200002 76.244933
-0.190002 73.091839
-0.180002 69.881522
-0.170002 66.611710
-0.160002 63.280186
-0.150002 59.884784
-0.140002 56.423396
-0.130002 52.893982
-0.120002 49.294551
-0.110002 45.623177
-0.100002 41.877988
-0.090002 38.057186
-0.080002 34.159023
-0.070002 30.181818
-0.060002 26.123959
-0.050002 21.983895
-0.040002 17.760135
-0.030002 13.451261
-0.020002 9.055919
-0.010002 4.572822
-0.000002 0.000750
0.009998 -4.661448
0.019998 -9.414856
0.029998 -14.260486
0.039998 -19.199284
0.049998 -24.232124
0.059998 -29.359810
0.069998 -34.583077
0.079998 -39.902588
0.089998 -45.318934
0.099998 -50.832635
0.109998 -56.444137
0.119998 -62.153821
0.129998 -67.961997
0.139998 -73.868883
0.149998 -79.874649
0.159998 -85.979378
0.169998 -92.183094
0.179998 -98.485726
0.189998 -104.887149
0.199998 -111.387157
0.209998 -117.985470
0.219998 -124.681750
0.229998 -131.475584
0.239998 -138.366450
0.249998 -145.353819
0.259998 -152.437014
0.269998 -159.615360
0.279998 -166.888057
0.289998 -174.254264
0.299998 -181.713056
0.309998 -189.263451
0.319998 -196.904383
0.329998 -204.634715
0.339998 -212.453237
0.349998 -220.358694
0.359998 -228.349741
0.369998 -236.424964
0.379998 -244.582905
0.389998 -252.822015
0.399998 -261.140680
0.409998 -269.537244
0.419998 -278.009963
0.429998 -286.557025
0.439998 -295.176557
0.449998 -303.866647
0.459998 -312.625297
0.469998 -321.450444
0.479998 -330.340021
0.489998 -339.291792
0.499998 -348.303543
0.509998 -357.373051
0.519998 -366.497863
0.529998 -375.675644
0.539998 -384.903863
0.549998 -394.180088
0.559998 -403.501712
0.569998 -412.866101
0.579998 -422.270608
0.589998 -431.712500
0.599998 -441.188992
0.609998 -450.697323
0.619998 -460.234511
0.629998 -469.797771
0.639998 -479.384063
0.649998 -488.990408
0.659998 -498.613713
0.669998 -508.250991
0.679998 -517.899030
0.689998 -527.554689
0.699998 -537.214793
0.709998 -546.876049
0.719998 -556.535252
0.729998 -566.189041
0.739998 -575.834061
0.749998 -585.467011
0.759998 -595.084394
0.769998 -604.682850
0.779998 -614.258868
0.789998 -623.809081
0.799998 -633.329842
0.809998 -642.817694
0.819998 -652.269076
0.829998 -661.680403
0.839998 -671.048166
0.849998 -680.368703
0.859998 -689.638335
0.869998 -698.853506
0.879998 -708.010559
0.889998 -717.105871
0.899998 -726.135671
0.909998 -735.096367
0.919998 -743.984365
0.929998 -752.795776
0.939998 -761.527047
0.949998 -770.174577
0.959998 -778.734521
0.969998 -787.203230
0.979998 -795.577113
0.989998 -803.852433
0.999998 -812.025510
1.009998 -820.092723
1.019998 -828.050411
1.029998 -835.895032
1.039998 -843.622792
1.049998 -851.230231
1.059998 -858.713694
1.069998 -866.069650
1.079998 -873.294482
1.089998 -880.384759
1.099998 -887.336962
1.109998 -894.147600
1.119998 -900.813156
1.129998 -907.330303
1.139998 -913.695692
1.149998 -919.905784
1.159998 -925.957462
1.169998 -931.847258
1.179998 -937.572185
1.189998 -943.128736
1.199998 -948.513894
1.209998 -953.724515
1.219998 -958.757499
1.229998 -963.609792
1.239998 -968.278559
1.249997 -972.760787
1.259997 -977.053334
1.269997 -981.153635
1.279997 -985.058713
1.289997 -988.766115
1.299997 -992.273093
1.309997 -995.576839
1.319997 -998.674842
1.329997 -1001.564888
1.339997 -1004.244117
1.349997 -1006.710563
1.359997 -1008.961733
1.369997 -1010.995441
1.379997 -1012.809449
1.389997 -1014.401830
1.399997 -1015.770371
1.409997 -1016.913291
1.419997 -1017.828767
1.429997 -1018.514567
1.439997 -1018.969747
1.449997 -1019.191992
1.459997 -1019.180156
1.469997 -1018.932450
1.479997 -1018.447833
1.489997 -1017.724685
1.499997 -1016.761955
1.509997 -1015.558622
1.519997 -1014.113448
1.529997 -1012.425650
1.539997 -1010.494174
1.549997 -1008.318481
1.559997 -1005.897703
1.569997 -1003.231430
1.579997 -1000.319107
1.589997 -997.160458
1.599997 -993.754940
1.609997 -990.102534
1.619997 -986.203388
1.629997 -982.057198
1.639997 -977.664191
1.649997 -973.024516
1.659997 -968.138669
1.669997 -963.007009
1.679997 -957.630063
1.689997 -952.008462
1.699997 -946.142950
1.709997 -940.034620
1.719997 -933.684190
1.729997 -927.092732
1.739997 -920.261732
1.749997 -913.192182
1.759997 -905.885853
1.769997 -898.343846
1.779997 -890.568217
1.789997 -882.560537
1.799997 -874.322673
1.809997 -865.856845
1.819997 -857.164854
1.829997 -848.249094
1.839997 -839.111900
1.849997 -829.755956
1.859997 -820.183303
1.869997 -810.397216
1.879997 -800.400034
1.889997 -790.195149
1.899997 -779.785488
1.909997 -769.174102
1.919997 -758.364390
1.929997 -747.359642
1.939997 -736.163670
1.949997 -724.779833
1.959997 -713.212237
1.969997 -701.464540
1.979997 -689.540526
1.989997 -677.444993
1.999997 -665.181629
2.009997 -652.755096
2.019997 -640.169789
2.029997 -627.430660
2.039997 -614.541941
2.049997 -601.508913
2.059997 -588.336159
2.069997 -575.029032
2.079997 -561.592731
2.089997 -548.032520
2.099997 -534.354045
2.109997 -520.562488
2.119997 -506.663885
2.129997 -492.663863
2.139997 -478.568423
2.149997 -464.383732
2.159997 -450.115607
2.169997 -435.770343
2.179997 -421.354242
2.189997 -406.874569
2.199997 -392.336847
2.209997 -377.748457
2.219997 -363.115652
2.229997 -348.446064
2.239997 -333.746070
2.249997 -319.023075
2.259997 -304.284440
2.269997 -289.537203
2.279997 -274.789118
2.289997 -260.047387
2.299997 -245.319779
2.309997 -230.614338
2.319997 -215.938481
2.329997 -201.300442
2.339997 -186.708193
2.349997 -172.169536
2.359997 -157.692897
2.369997 -143.286785
2.379997 -128.959452
2.389997 -114.719327
2.399997 -100.575094
2.409997 -86.535106
2.419997 -72.608622
2.429996 -58.803841
2.439996 -45.130331
2.449996 -31.596619
2.459996 -18.211864
2.469996 -4.984765
2.479996 8.074386
2.489996 20.957280
2.499996 33.654174
2.509996 46.156003
2.519996 58.452976
2.529996 70.535399
2.539996 82.394286
2.549996 94.019263
2.559996 105.401082
2.569996 116.529887
2.579996 127.396032
2.589996 137.989175
2.599996 148.299770
2.609996 158.317957
2.619996 168.033401
2.629996 177.436285
2.639996 186.516504
2.649996 195.264033
2.659996 203.668128
2.669996 211.719391
2.679996 219.407029
2.689996 226.721388
2.699996 233.651856
2.709996 240.187830
2.719996 246.319712
2.729996 252.036659
2.739996 257.328526
2.749996 262.184958
2.759996 266.595681
2.769996 270.550233
2.779996 274.038203
2.789996 277.049482
2.799996 279.573405
2.809996 281.600023
2.819996 283.118502
2.829996 284.118901
2.839996 284.590884
2.849996 284.523787
2.859996 283.907960
2.869996 282.732567
2.879996 280.987617
2.889996 278.662890
2.899996 275.748276
2.909996 272.233747
2.919996 268.108920
2.929996 263.364068
2.939996 257.988914
2.949996 251.973742
2.959996 245.308357
2.969996 237.983301
2.979996 229.988341
2.989996 221.314029
2.999996 211.950707
