-1.990000 688.497528
-1.980000 675.917536
-1.970000 663.314540
-1.960000 650.694295
-1.950000 638.062352
-1.940000 625.424172
-1.930000 612.784948
-1.920000 600.150125
-1.910000 587.524653
-1.900000 574.913845
-1.890000 562.322636
-1.880000 549.755749
-1.870000 537.218274
-1.860000 524.714510
-1.850000 512.249066
-1.840000 499.826810
-1.830000 487.451867
-1.820000 475.128621
-1.810000 462.861417
-1.800000 450.654272
-1.790000 438.510923
-1.780000 426.435609
-1.770000 414.432236
-1.760000 402.504254
-1.750000 390.655497
-1.740000 378.889463
-1.730000 367.209437
-1.720000 355.619086
-1.710000 344.121506
-1.700000 332.719813
-1.690000 321.417154
-1.680000 310.216519
-1.670000 299.120685
-1.660000 288.132515
-1.650000 277.254721
-1.640000 266.489800
-1.630000 255.840398
-1.620000 245.308813
-1.610000 234.897328
-1.600000 224.608454
-1.590000 214.444109
-1.580000 204.406396
-1.570000 194.497238
-1.560000 184.718559
-1.550000 175.072137
-1.540000 165.559783
-1.530000 156.183006
-1.520000 146.943356
-1.510000 137.842232
-1.500000 128.881042
-1.490000 120.060988
-1.480000 111.383464
-1.470001 102.849414
-1.460001 94.459856
-1.450001 86.215878
-1.440001 78.118212
-1.430001 70.167608
-1.420001 62.364945
-1.410001 54.710844
-1.400001 47.205792
-1.390001 39.850259
-1.380001 32.644731
-1.370001 25.589410
-1.360001 18.684668
-1.350001 11.930682
-1.340001 5.327577
-1.330001 -1.124580
-1.320001 -7.425832
-1.310001 -13.576275
-1.300001 -19.576028
-1.290001 -25.425320
-1.280001 -31.124441
-1.270001 -36.673674
-1.260001 -42.073567
-1.250001 -47.324364
-1.240001 -52.426733
-1.230001 -57.381255
-1.220001 -62.188524
-1.210001 -66.849280
-1.200001 -71.364256
-1.190001 -75.734226
-1.180001 -79.960049
-1.170001 -84.042685
-1.160001 -87.983059
-1.150001 -91.782169
-1.140001 -95.441083
-1.130001 -98.960929
-1.120001 -102.342764
-1.110001 -105.587914
-1.100001 -108.697496
-1.090001 -111.672811
-1.080001 -114.515255
-1.070001 -117.226067
-1.060001 -119.806697
-1.050001 -122.258586
-1.040001 -124.583158
-1.030001 -126.781923
-1.020001 -128.856448
-1.010001 -130.808242
-1.000001 -132.638910
-0.990001 -134.350120
-0.980001 -135.943458
-0.970001 -137.420620
-0.960001 -138.783318
-0.950001 -140.033248
-0.940001 -141.172168
-0.930001 -142.201879
-0.920001 -143.124116
-0.910001 -143.940697
-0.900001 -144.653466
-0.890001 -145.264223
-0.880001 -145.774846
-0.870001 -146.187197
-0.860001 -146.503156
-0.850001 -146.724599
-0.840001 -146.853459
-0.830001 -146.891607
-0.820001 -146.840959
-0.810001 -146.703467
-0.800001 -146.481023
-0.790001 -146.175568
-0.780001 -145.789053
-0.770001 -145.323389
-0.760001 -144.780508
-0.750001 -144.162351
-0.740001 -143.470838
-0.730001 -142.707904
-0.720001 -141.875479
-0.710001 -140.975457
-0.700001 -140.009757
-0.690001 -138.980279
-0.680001 -137.888914
-0.670001 -136.737541
-0.660001 -135.528040
-0.650001 -134.262257
-0.640001 -132.942037
-0.630001 -131.569216
-0.620001 -130.145608
-0.610001 -128.672992
-0.600001 -127.153174
-0.590001 -125.587895
-0.580001 -123.978906
-0.570001 -122.327936
-0.560001 -120.636665
-0.550001 -118.906780
-0.540001 -117.139932
-0.530001 -115.337751
-0.520001 -113.501848
-0.510001 -111.633792
-0.500001 -109.735135
-0.490001 -107.807407
-0.480001 -105.852094
-0.470001 -103.870669
-0.460001 -101.864560
-0.450001 -99.835183
-0.440001 -97.783898
-0.430001 -95.712051
-0.420002 -93.620949
-0.410002 -91.511857
-0.400002 -89.386034
-0.390002 -87.244662
-0.380002 -85.088917
-0.370002 -82.919933
-0.360002 -80.738799
-0.350002 -78.546571
-0.340002 -76.344272
-0.330002 -74.132881
-0.320002 -71.913332
-0.310002 -69.686531
-0.300002 -67.453337
-0.290002 -65.214563
-0.280002 -62.970998
-0.270002 -60.723367
-0.260002 -58.472374
-0.250002 -56.218666
-0.240002 -53.962849
-0.230002 -51.705492
-0.220002 -49.447120
-0.210002 -47.188210
-0.200002 -44.929195
-0.190002 -42.670471
-0.180002 -40.412382
-0.170002 -38.155230
-0.160002 -35.899270
-0.150002 -33.644715
-0.140002 -31.391732
-0.130002 -29.140442
-0.120002 -26.890923
-0.110002 -24.643204
-0.100002 -22.397270
-0.090002 -20.153062
-0.080002 -17.910472
-0.070002 -15.669351
-0.060002 -13.429500
-0.050002 -11.190678
-0.040002 -8.952598
-0.030002 -6.714927
-0.020002 -4.477286
-0.010002 -2.239254
-0.000002 -0.000364
0.009998 2.239898
0.019998 4.482085
0.029998 6.726800
0.039998 8.974687
0.049998 11.226432
0.059998 13.482766
0.069998 15.744464
0.079998 18.012341
0.089998 20.287257
0.099998 22.570111
0.109998 24.861845
0.119998 27.163442
0.129998 29.475924
0.139998 31.800355
0.149998 34.137839
0.159998 36.489513
0.169998 38.856561
0.179998 41.240198
0.189998 43.641678
0.199998 46.062294
0.209998 48.503374
0.219998 50.966280
0.229998 53.452411
0.239998 55.963198
0.249998 58.500104
0.259998 61.064626
0.269998 63.658291
0.279998 66.282669
0.289998 68.939341
0.299998 71.629932
0.309998 74.356094
0.319998 77.119500
0.329998 79.921853
0.339998 82.764882
0.349998 85.650348
0.359998 88.580023
0.369998 91.555710
0.379998 94.579245
0.389998 97.652463
0.399998 100.777225
0.409998 103.955446
0.419998 107.189001
0.429998 110.479819
0.439998 113.829856
0.449998 117.241047
0.459998 120.715367
0.469998 124.254805
0.479998 127.861347
0.489998 131.537005
0.499998 135.283786
0.509998 139.103714
0.519998 142.998826
0.529998 146.971160
0.539998 151.022751
0.549998 155.155654
0.559998 159.371925
0.569998 163.673593
0.579998 168.062715
0.589998 172.541387
0.599998 177.111597
0.609998 181.775433
0.619998 186.534912
0.629998 191.392076
0.639998 196.348964
0.649998 201.407604
0.659998 206.569979
0.669998 211.838099
0.679998 217.213978
0.689998 222.699543
0.699998 228.296800
0.709998 234.007663
0.719998 239.834067
0.729998 245.777908
0.739998 251.841122
0.749998 258.025504
0.759998 264.332924
0.769998 270.765232
0.779998 277.324146
0.789998 284.011504
0.799998 290.829033
0.809998 297.778384
0.819998 304.861310
0.829998 312.079422
0.839998 319.434296
0.849998 326.927537
0.859998 334.560720
0.869998 342.335287
0.879998 350.252709
0.889998 358.314465
0.899998 366.521826
0.909998 374.876259
0.919998 383.378969
0.929998 392.031188
0.939998 400.834149
0.949998 409.789036
0.959998 418.896835
0.969998 428.158680
0.979998 437.575601
0.989998 447.148425
0.999998 456.878123
1.009998 466.765510
1.019998 476.811343
1.029998 487.016318
1.039998 497.381123
1.049998 507.906279
1.059998 518.592403
1.069998 529.439889
1.079998 540.449169
1.089998 551.620503
1.099998 562.954191
1.109998 574.450515
1.119998 586.109419
1.129998 597.931098
1.139998 609.915513
1.149998 622.062440
1.159998 634.371798
1.169998 646.843321
1.179998 659.476721
1.189998 672.271576
1.199998 685.227269
1.209998 698.343442
1.219998 711.619317
1.229998 725.054087
1.239998 738.647146
1.249997 752.397346
1.259997 766.303972
1.269997 780.365698
1.279997 794.581518
1.289997 808.950046
1.299997 823.470039
1.309997 838.140105
1.319997 852.958524
1.329997 867.923836
1.339997 883.034373
1.349997 898.288132
1.359997 913.683372
1.369997 929.218078
1.379997 944.890017
1.389997 960.697159
1.399997 976.637076
1.409997 992.707600
1.419997 1008.906043
1.429997 1025.229799
1.439997 1041.676217
1.449997 1058.242487
1.459997 1074.925818
1.469997 1091.723194
1.479997 1108.631374
1.489997 1125.647256
1.499997 1142.767514
1.509997 1159.988714
1.519997 1177.307197
1.529997 1194.719686
1.539997 1212.222188
1.549997 1229.810968
1.559997 1247.481943
1.569997 1265.231163
1.579997 1283.054454
1.589997 1300.947651
1.599997 1318.906242
1.609997 1336.925725
1.619997 1355.001493
1.629997 1373.128950
1.639997 1391.303273
1.649997 1409.519528
1.659997 1427.772795
1.669997 1446.057680
1.679997 1464.369047
1.689997 1482.701529
1.699997 1501.049894
1.709997 1519.408438
1.719997 1537.771347
1.729997 1556.133065
1.739997 1574.487324
1.749997 1592.828712
1.759997 1611.150627
1.769997 1629.447081
1.779997 1647.711741
1.789997 1665.938047
1.799997 1684.119455
1.809997 1702.249669
1.819997 1720.321461
1.829997 1738.328563
1.839997 1756.263537
1.849997 1774.119438
1.859997 1791.889449
1.869997 1809.565829
1.879997 1827.141443
1.889997 1844.609050
1.899997 1861.960730
1.909997 1879.188929
1.919997 1896.285995
1.929997 1913.243947
1.939997 1930.055052
1.949997 1946.711025
1.959997 1963.203827
1.969997 1979.525327
1.979997 1995.667073
1.989997 2011.620749
1.999997 2027.377502
2.009997 2042.929607
2.019997 2058.267814
2.029997 2073.382683
2.039997 2088.266334
2.049997 2102.909703
2.059997 2117.303425
2.069997 2131.438493
2.079997 2145.305603
2.089997 2158.896012
2.099997 2172.200041
2.109997 2185.207947
2.119997 2197.910958
2.129997 2210.298765
2.139997 2222.362238
2.149997 2234.091757
2.159997 2245.477022
2.169997 2256.508487
2.179997 2267.176131
2.189997 2277.470272
2.199997 2287.380765
2.209997 2296.897406
2.219997 2306.009937
2.229997 2314.708435
2.239997 2322.982529
2.249997 2330.821612
2.259997 2338.215975
2.269997 2345.154722
2.279997 2351.627481
2.289997 2357.623832
2.299997 2363.132947
2.309997 2368.144691
2.319997 2372.648159
2.329997 2376.632951
2.339997 2380.088100
2.349997 2383.002789
2.359997 2385.367040
2.369997 2387.168940
2.379997 2388.398455
2.389997 2389.044829
2.399997 2389.096623
2.409997 2388.543548
2.419997 2387.374149
2.429996 2385.577938
2.439996 2383.144243
2.449996 2380.061751
2.459996 2376.319624
2.469996 2371.907173
2.479996 2366.813244
2.489996 2361.026997
2.499996 2354.537593
2.509996 2347.333911
2.519996 2339.405277
2.529996 2330.740880
2.539996 2321.329785
2.549996 2311.161080
2.559996 2300.224011
2.569996 2288.507715
2.579996 2276.001881
2.589996 2262.695176
2.599996 2248.577093
2.609996 2233.637148
2.619996 2217.864399
2.629996 2201.248443
2.639996 2183.779146
2.649996 2165.445009
2.659996 2146.236465
2.669996 2126.143050
2.679996 2105.153928
2.689996 2083.259424
2.699996 2060.448837
2.709996 2036.712388
2.719996 2012.039736
2.729996 1986.421027
2.739996 1959.846277
2.749996 1932.305956
2.759996 1903.789494
2.769996 1874.287903
2.779996 1843.791692
2.789996 1812.290777
2.799996 1779.776046
2.809996 1746.237973
2.819996 1711.667774
2.829996 1676.055968
2.839996 1639.393804
2.849996 1601.671904
2.859996 1562.882152
2.869996 1523.015278
2.879996 1482.063095
2.889996 1440.017002
2.899996 1396.868897
2.909996 1352.610325
2.919996 1307.233327
2.929996 1260.729966
2.939996 1213.092541
2.949996 1164.313482
2.959996 1114.385084
2.969996 1063.300250
2.979996 1011.051589
2.989996 957.632127
2.999996 903.035036
