-1.990000 -2458.563552
-1.980000 -2445.846564
-1.970000 -2432.821774
-1.960000 -2419.497209
-1.950000 -2405.880198
-1.940000 -2391.977811
-1.930000 -2377.798230
-1.920000 -2363.348238
-1.910000 -2348.635502
-1.900000 -2333.667197
-1.890000 -2318.450463
-1.880000 -2302.993333
-1.870000 -2287.301714
-1.860000 -2271.384033
-1.850000 -2255.246816
-1.840000 -2238.897248
-1.830000 -2222.342710
-1.820000 -2205.589597
-1.810000 -2188.645678
-1.800000 -2171.517258
-1.790000 -2154.211544
-1.780000 -2136.735222
-1.770000 -2119.095167
-1.760000 -2101.298208
-1.750000 -2083.351123
-1.740000 -2065.260158
-1.730000 -2047.032469
-1.720000 -2028.674198
-1.710000 -2010.191792
-1.700000 -1991.592008
-1.690000 -1972.881062
-1.680000 -1954.065113
-1.670000 -1935.150507
-1.660000 -1916.143893
-1.650000 -1897.050892
-1.640000 -1877.877792
-1.630000 -1858.630456
-1.620000 -1839.315172
-1.610000 -1819.937557
-1.600000 -1800.503530
-1.590000 -1781.019189
-1.580000 -1761.489594
-1.570000 -1741.920835
-1.560000 -1722.318571
-1.550000 -1702.688028
-1.540000 -1683.034853
-1.530000 -1663.364136
-1.520000 -1643.681631
-1.510000 -1623.992169
-1.500000 -1604.301366
-1.490000 -1584.614033
-1.480000 -1564.934913
-1.470001 -1545.269529
-1.460001 -1525.622481
-1.450001 -1505.998659
-1.440001 -1486.402520
-1.430001 -1466.839173
-1.420001 -1447.313047
-1.410001 -1427.828618
-1.400001 -1408.390410
-1.390001 -1389.002510
-1.380001 -1369.669651
-1.370001 -1350.395651
-1.360001 -1331.184971
-1.350001 -1312.041518
-1.340001 -1292.969240
-1.330001 -1273.972250
-1.320001 -1255.054224
-1.310001 -1236.219002
-1.300001 -1217.470108
-1.290001 -1198.811460
-1.280001 -1180.246312
-1.270001 -1161.778193
-1.260001 -1143.410435
-1.250001 -1125.146528
-1.240001 -1106.989532
-1.230001 -1088.942549
-1.220001 -1071.008831
-1.210001 -1053.191093
-1.200001 -1035.492546
-1.190001 -1017.915750
-1.180001 -1000.463644
-1.170001 -983.138749
-1.160001 -965.943958
-1.150001 -948.881413
-1.140001 -931.953740
-1.130001 -915.163372
-1.120001 -898.512446
-1.110001 -882.003243
-1.100001 -865.637855
-1.090001 -849.418407
-1.080001 -833.346841
-1.070001 -817.425126
-1.060001 -801.654945
-1.050001 -786.038116
-1.040001 -770.576382
-1.030001 -755.271201
-1.020001 -740.124373
-1.010001 -725.136998
-1.000001 -710.310622
-0.990001 -695.646614
-0.980001 -681.146062
-0.970001 -666.810187
-0.960001 -652.640136
-0.950001 -638.636781
-0.940001 -624.801224
-0.930001 -611.134195
-0.920001 -597.636554
-0.910001 -584.308990
-0.900001 -571.152123
-0.890001 -558.166694
-0.880001 -545.352995
-0.870001 -532.711722
-0.860001 -520.243032
-0.850001 -507.947343
-0.840001 -495.824913
-0.830001 -483.875840
-0.820001 -472.100341
-0.810001 -460.498428
-0.800001 -449.070053
-0.790001 -437.815103
-0.780001 -426.733533
-0.770001 -415.825059
-0.760001 -405.089425
-0.750001 -394.526313
-0.740001 -384.135299
-0.730001 -373.915987
-0.720001 -363.867876
-0.710001 -353.990326
-0.700001 -344.282722
-0.690001 -334.744470
-0.680001 -325.374722
-0.670001 -316.172694
-0.660001 -307.137583
-0.650001 -298.268476
-0.640001 -289.564387
-0.630001 -281.024315
-0.620001 -272.647227
-0.610001 -264.431964
-0.600001 -256.377391
-0.590001 -248.482270
-0.580001 -240.745366
-0.570001 -233.165380
-0.560001 -225.740914
-0.550001 -218.470595
-0.540001 -211.352982
-0.530001 -204.386564
-0.520001 -197.569813
-0.510001 -190.901178
-0.500001 -184.378989
-0.490001 -178.001639
-0.480001 -171.767394
-0.470001 -165.674539
-0.460001 -159.721278
-0.450001 -153.905820
-0.440001 -148.226297
-0.430001 -142.680846
-0.420002 -137.267529
-0.410002 -131.984403
-0.400002 -126.829489
-0.390002 -121.800766
-0.380002 -116.896183
-0.370002 -112.113670
-0.360002 -107.451118
-0.350002 -102.906401
-0.340002 -98.477343
-0.330002 -94.161786
-0.320002 -89.957505
-0.310002 -85.862261
-0.300002 -81.873803
-0.290002 -77.989846
-0.280002 -74.208105
-0.270002 -70.526238
-0.260002 -66.941924
-0.250002 -63.452788
-0.240002 -60.056461
-0.230002 -56.750553
-0.220002 -53.532659
-0.210002 -50.400351
-0.200002 -47.351198
-0.190002 -44.382748
-0.180002 -41.492546
-0.170002 -38.678122
-0.160002 -35.936992
-0.150002 -33.266671
-0.140002 -30.664660
-0.130002 -28.128454
-0.120002 -25.655549
-0.110002 -23.243425
-0.100002 -20.889567
-0.090002 -18.591450
-0.080002 -16.346552
-0.070002 -14.152346
-0.060002 -12.006307
-0.050002 -9.905909
-0.040002 -7.848630
-0.030002 -5.831946
-0.020002 -3.853339
-0.010002 -1.910296
-0.000002 -0.000308
0.009998 1.879130
0.019998 3.730514
0.029998 5.556332
0.039998 7.359066
0.049998 9.141185
0.059998 10.905151
0.069998 12.653414
0.079998 14.388411
0.089998 16.112568
0.099998 17.828296
0.109998 19.537991
0.119998 21.244037
0.129998 22.948796
0.139998 24.654622
0.149998 26.363843
0.159998 28.078773
0.169998 29.801704
0.179998 31.534912
0.189998 33.280646
0.199998 35.041141
0.209998 36.818603
0.219998 38.615223
0.229998 40.433155
0.239998 42.274545
0.249998 44.141503
0.259998 46.036110
0.269998 47.960433
0.279998 49.916510
0.289998 51.906335
0.299998 53.931892
0.309998 55.995127
0.319998 58.097961
0.329998 60.242272
0.339998 62.429929
0.349998 64.662745
0.359998 66.942523
0.369998 69.271014
0.379998 71.649942
0.389998 74.081007
0.399998 76.565861
0.409998 79.106131
0.419998 81.703400
0.429998 84.359212
0.439998 87.075093
0.449998 89.852509
0.459998 92.692910
0.469998 95.597686
0.479998 98.568192
0.489998 101.605771
0.499998 104.711695
0.509998 107.887212
0.519998 111.133523
0.529998 114.451773
0.539998 117.843115
0.549998 121.308598
0.559998 124.849284
0.569998 128.466153
0.579998 132.160159
0.589998 135.932211
0.599998 139.783194
0.609998 143.713897
0.619998 147.725118
0.629998 151.817592
0.639998 155.992029
0.649998 160.249049
0.659998 164.589243
0.669998 169.013197
0.679998 173.521393
0.689998 178.114287
0.699998 182.792368
0.709998 187.555941
0.719998 192.405345
0.729998 197.340870
0.739998 202.362763
0.749998 207.471204
0.759998 212.666323
0.769998 217.948186
0.779998 223.316914
0.789998 228.772480
0.799998 234.314762
0.809998 239.943810
0.819998 245.659365
0.829998 251.461319
0.839998 257.349338
0.849998 263.323245
0.859998 269.382702
0.869998 275.527255
0.879998 281.756541
0.889998 288.070105
0.899998 294.467373
0.909998 300.947845
0.919998 307.510877
0.929998 314.155827
0.939998 320.881984
0.949998 327.688613
0.959998 334.574910
0.969998 341.540048
0.979998 348.583132
0.989998 355.703218
0.999998 362.899396
1.009998 370.170531
1.019998 377.515621
1.029998 384.933544
1.039998 392.423185
1.049998 399.983280
1.059998 407.612627
1.069998 415.309926
1.079998 423.073915
1.089998 430.903101
1.099998 438.796083
1.109998 446.751444
1.119998 454.767726
1.129998 462.843318
1.139998 470.976654
1.149998 479.166123
1.159998 487.410048
1.169998 495.706683
1.179998 504.054410
1.189998 512.451349
1.199998 520.895634
1.209998 529.385478
1.219998 537.918994
1.229998 546.494034
1.239998 555.109155
1.249997 563.761672
1.259997 572.450016
1.269997 581.171887
1.279997 589.925184
1.289997 598.707947
1.299997 607.517713
1.309997 616.352454
1.319997 625.209757
1.329997 634.087530
1.339997 642.983237
1.349997 651.894783
1.359997 660.819568
1.369997 669.755439
1.379997 678.699556
1.389997 687.649887
1.399997 696.603655
1.409997 705.558292
1.419997 714.511567
1.429997 723.460619
1.439997 732.403046
1.449997 741.336055
1.459997 750.256953
1.469997 759.163384
1.479997 768.052244
1.489997 776.921013
1.499997 785.767025
1.509997 794.587477
1.519997 803.379541
1.529997 812.140251
1.539997 820.866985
1.549997 829.557105
1.559997 838.207347
1.569997 846.815037
1.579997 855.377367
1.589997 863.891144
1.599997 872.353775
1.609997 880.762284
1.619997 889.113562
1.629997 897.404731
1.639997 905.632660
1.649997 913.794693
1.659997 921.887678
1.669997 929.908696
1.679997 937.854579
1.689997 945.722515
1.699997 953.509321
1.709997 961.212173
1.719997 968.827636
1.729997 976.352998
1.739997 983.785421
1.749997 991.121461
1.759997 998.358277
1.769997 1005.492665
1.779997 1012.521900
1.789997 1019.442661
1.799997 1026.252105
1.809997 1032.947034
1.819997 1039.524373
1.829997 1045.981288
1.839997 1052.314712
1.849997 1058.521585
1.859997 1064.598736
1.869997 1070.543470
1.879997 1076.352631
1.889997 1082.023191
1.899997 1087.552362
1.909997 1092.936674
1.919997 1098.173823
1.929997 1103.260478
1.939997 1108.193897
1.949997 1112.970895
1.959997 1117.588984
1.969997 1122.045011
1.979997 1126.335952
1.989997 1130.459364
1.999997 1134.411926
2.009997 1138.191495
2.019997 1141.794583
2.029997 1145.218867
2.039997 1148.461221
2.049997 1151.518987
2.059997 1154.389955
2.069997 1157.070858
2.079997 1159.559318
2.089997 1161.852551
2.099997 1163.948121
2.109997 1165.843088
2.119997 1167.535485
2.129997 1169.022119
2.139997 1170.300869
2.149997 1171.369532
2.159997 1172.225116
2.169997 1172.865280
2.179997 1173.287914
2.189997 1173.490635
2.199997 1173.470992
2.209997 1173.226774
2.219997 1172.755797
2.229997 1172.055721
2.239997 1171.124531
2.249997 1169.959868
2.259997 1168.559978
2.269997 1166.922389
2.279997 1165.045422
2.289997 1162.926692
2.299997 1160.564777
2.309997 1157.957467
2.319997 1155.103051
2.329997 1151.999323
2.339997 1148.645010
2.349997 1145.038258
2.359997 1141.177259
2.369997 1137.060427
2.379997 1132.685963
2.389997 1128.052541
2.399997 1123.158541
2.409997 1118.002885
2.419997 1112.583717
2.429996 1106.899651
2.439996 1100.949582
2.449996 1094.732448
2.459996 1088.246378
2.469996 1081.490801
2.479996 1074.464264
2.489996 1067.166050
2.499996 1059.594890
2.509996 1051.749725
2.519996 1043.629837
2.529996 1035.234200
2.539996 1026.562336
2.549996 1017.613255
2.559996 1008.385969
2.569996 998.880551
2.579996 989.095723
2.589996 979.031518
2.599996 968.686981
2.609996 958.061804
2.619996 947.155909
2.629996 935.968715
2.639996 924.500072
2.649996 912.749706
2.659996 900.717462
2.669996 888.403413
2.679996 875.807566
2.689996 862.929722
2.699996 849.770121
2.709996 836.328899
2.719996 822.606201
2.729996 808.602630
2.739996 794.318007
2.749996 779.753050
2.759996 764.908098
2.769996 749.783917
2.779996 734.380614
2.789996 718.699119
2.799996 702.740067
2.809996 686.504236
2.819996 669.992541
2.829996 653.205644
2.839996 636.144511
2.849996 618.810238
2.859996 601.204034
2.869996 583.326626
2.879996 565.179484
2.889996 546.763674
2.899996 528.080583
2.909996 509.131699
2.919996 489.918124
2.929996 470.441635
2.939996 450.703630
2.949996 430.705871
2.959996 410.449663
2.969996 389.937115
2.979996 369.169803
2.989996 348.149667
2.999996 326.878582
