-1.990000 2513.507061
-1.980000 2497.686735
-1.970000 2481.534531
-1.960000 2465.058906
-1.950000 2448.268520
-1.940000 2431.171776
-1.930000 2413.777277
-1.920000 2396.093827
-1.910000 2378.129048
-1.900000 2359.891907
-1.890000 2341.390647
-1.880000 2322.633705
-1.870000 2303.628782
-1.860000 2284.384937
-1.850000 2264.910026
-1.840000 2245.212090
-1.830000 2225.299366
-1.820000 2205.180044
-1.810000 2184.862036
-1.800000 2164.353439
-1.790000 2143.661828
-1.780000 2122.795443
-1.770000 2101.761755
-1.760000 2080.569142
-1.750000 2059.224970
-1.740000 2037.736790
-1.730000 2016.111976
-1.720000 1994.358928
-1.710000 1972.484907
-1.700000 1950.496752
-1.690000 1928.402446
-1.680000 1906.208948
-1.670000 1883.923637
-1.660000 1861.553828
-1.650000 1839.106532
-1.640000 1816.588934
-1.630000 1794.007914
-1.620000 1771.370770
-1.610000 1748.683511
-1.600000 1725.953545
-1.590000 1703.187840
-1.580000 1680.392565
-1.570000 1657.574426
-1.560000 1634.740057
-1.550000 1611.895896
-1.540000 1589.048188
-1.530000 1566.203345
-1.520000 1543.367461
-1.510000 1520.546798
-1.500000 1497.747418
-1.490000 1474.975066
-1.480000 1452.236013
-1.470001 1429.535968
-1.460001 1406.880561
-1.450001 1384.275461
-1.440001 1361.726382
-1.430001 1339.239075
-1.420001 1316.818244
-1.410001 1294.470201
-1.400001 1272.199247
-1.390001 1250.011285
-1.380001 1227.911175
-1.370001 1205.903692
-1.360001 1183.994246
-1.350001 1162.187207
-1.340001 1140.487576
-1.330001 1118.900267
-1.320001 1097.429399
-1.310001 1076.079715
-1.300001 1054.855872
-1.290001 1033.761733
-1.280001 1012.801782
-1.270001 991.980298
-1.260001 971.301239
-1.250001 950.768594
-1.240001 930.386263
-1.230001 910.157945
-1.220001 890.087714
-1.210001 870.178864
-1.200001 850.435175
-1.190001 830.859998
-1.180001 811.456597
-1.170001 792.228489
-1.160001 773.178875
-1.150001 754.310645
-1.140001 735.627050
-1.130001 717.131029
-1.120001 698.825324
-1.110001 680.712591
-1.100001 662.795838
-1.090001 645.077328
-1.080001 627.559891
-1.070001 610.245729
-1.060001 593.137068
-1.050001 576.236473
-1.040001 559.545891
-1.030001 543.067398
-1.020001 526.803085
-1.010001 510.754856
-1.000001 494.924426
-0.990001 479.313632
-0.980001 463.924021
-0.970001 448.757262
-0.960001 433.814736
-0.950001 419.098043
-0.940001 404.608225
-0.930001 390.346764
-0.920001 376.314641
-0.910001 362.513025
-0.900001 348.942906
-0.890001 335.605144
-0.880001 322.500619
-0.870001 309.630032
-0.860001 296.994056
-0.850001 284.593376
-0.840001 272.428415
-0.830001 260.499701
-0.820001 248.807460
-0.810001 237.352112
-0.800001 226.133821
-0.790001 215.152677
-0.780001 204.408786
-0.770001 193.902175
-0.760001 183.632715
-0.750001 173.600205
-0.740001 163.804500
-0.730001 154.245255
-0.720001 144.922098
-0.710001 135.834590
-0.700001 126.982221
-0.690001 118.364470
-0.680001 109.980634
-0.670001 101.830002
-0.660001 93.911795
-0.650001 86.225209
-0.640001 78.769319
-0.630001 71.543154
-0.620001 64.545682
-0.610001 57.775807
-0.600001 51.232392
-0.590001 44.914205
-0.580001 38.819970
-0.570001 32.948371
-0.560001 27.298002
-0.550001 21.867431
-0.540001 16.655155
-0.530001 11.659616
-0.520001 6.879202
-0.510001 2.312233
-0.500001 -2.042977
-0.490001 -6.188213
-0.480001 -10.125292
-0.470001 -13.856082
-0.460001 -17.382487
-0.450001 -20.706483
-0.440001 -23.830081
-0.430001 -26.755323
-0.420002 -29.484305
-0.410002 -32.019189
-0.400002 -34.362157
-0.390002 -36.515419
-0.380002 -38.481268
-0.370002 -40.262003
-0.360002 -41.859970
-0.350002 -43.277541
-0.340002 -44.517164
-0.330002 -45.581282
-0.320002 -46.472385
-0.310002 -47.193008
-0.300002 -47.745703
-0.290002 -48.133066
-0.280002 -48.357720
-0.270002 -48.422313
-0.260002 -48.329527
-0.250002 -48.082075
-0.240002 -47.682685
-0.230002 -47.134123
-0.220002 -46.439171
-0.210002 -45.600644
-0.200002 -44.621370
-0.190002 -43.504205
-0.180002 -42.252025
-0.170002 -40.867724
-0.160002 -39.354214
-0.150002 -37.714432
-0.140002 -35.951321
-0.130002 -34.067846
-0.120002 -32.066983
-0.110002 -29.951731
-0.100002 -27.725091
-0.090002 -25.390080
-0.080002 -22.949722
-0.070002 -20.407058
-0.060002 -17.765132
-0.050002 -15.027000
-0.040002 -12.195721
-0.030002 -9.274359
-0.020002 -6.265989
-0.010002 -3.173684
-0.000002 -0.000522
0.009998 3.250417
0.019998 6.576052
0.029998 9.973302
0.039998 13.439087
0.049998 16.970329
0.059998 20.563951
0.069998 24.216883
0.079998 27.926058
0.089998 31.688414
0.099998 35.500897
0.109998 39.360458
0.119998 43.264056
0.129998 47.208658
0.139998 51.191257
0.149998 55.208831
0.159998 59.258385
0.169998 63.336935
0.179998 67.441510
0.189998 71.569146
0.199998 75.716909
0.209998 79.881872
0.219998 84.061121
0.229998 88.251762
0.239998 92.450925
0.249998 96.655768
0.259998 100.863424
0.269998 105.071115
0.279998 109.276019
0.289998 113.475391
0.299998 117.666476
0.309998 121.846544
0.319998 126.012916
0.329998 130.162891
0.339998 134.293850
0.349998 138.403156
0.359998 142.488216
0.369998 146.546464
0.379998 150.575376
0.389998 154.572435
0.399998 158.535164
0.409998 162.461119
0.419998 166.347884
0.429998 170.193076
0.439998 173.994334
0.449998 177.749352
0.459998 181.455861
0.469998 185.111572
0.479998 188.714297
0.489998 192.261844
0.499998 195.752082
0.509998 199.182887
0.519998 202.552212
0.529998 205.857990
0.539998 209.098226
0.549998 212.271010
0.559998 215.374377
0.569998 218.406448
0.579998 221.365418
0.589998 224.249454
0.599998 227.056815
0.609998 229.785750
0.619998 232.434617
0.629998 235.001799
0.639998 237.485651
0.649998 239.884640
0.659998 242.197260
0.669998 244.422064
0.679998 246.557613
0.689998 248.602492
0.699998 250.555424
0.709998 252.415082
0.719998 254.180259
0.729998 255.849717
0.739998 257.422299
0.749998 258.896938
0.759998 260.272505
0.769998 261.548003
0.779998 262.722436
0.789998 263.794962
0.799998 264.764614
0.809998 265.630579
0.819998 266.392043
0.829998 267.048310
0.839998 267.598615
0.849998 268.042377
0.859998 268.378947
0.869998 268.607791
0.879998 268.728400
0.889998 268.740289
0.899998 268.643017
0.909998 268.436214
0.919998 268.119654
0.929998 267.692991
0.939998 267.155971
0.949998 266.508435
0.959998 265.750275
0.969998 264.881327
0.979998 263.901572
0.989998 262.811067
0.999998 261.609836
1.009998 260.297952
1.019998 258.875556
1.029998 257.342839
1.039998 255.700034
1.049998 253.947448
1.059998 252.085355
1.069998 250.114205
1.079998 248.034308
1.089998 245.846233
1.099998 243.550377
1.109998 241.147344
1.119998 238.637701
1.129998 236.022059
1.139998 233.301181
1.149998 230.475850
1.159998 227.546554
1.169998 224.514411
1.179998 221.380107
1.189998 218.144452
1.199998 214.808665
1.209998 211.373469
1.219998 207.839941
1.229998 204.209255
1.239998 200.482340
1.249997 196.660449
1.259997 192.744676
1.269997 188.736240
1.279997 184.636542
1.289997 180.446763
1.299997 176.168176
1.309997 171.802269
1.319997 167.350301
1.329997 162.813924
1.339997 158.194380
1.349997 153.493421
1.359997 148.712419
1.369997 143.852897
1.379997 138.916773
1.389997 133.905398
1.399997 128.820578
1.409997 123.664027
1.419997 118.437434
1.429997 113.142578
1.439997 107.781390
1.449997 102.355589
1.459997 96.867105
1.469997 91.317835
1.479997 85.709463
1.489997 80.044430
1.499997 74.324169
1.509997 68.551174
1.519997 62.727175
1.529997 56.854168
1.539997 50.934664
1.549997 44.970160
1.559997 38.963274
1.569997 32.915975
1.579997 26.830377
1.589997 20.708798
1.599997 14.553333
1.609997 8.366279
1.619997 2.150013
1.629997 -4.093494
1.639997 -10.361646
1.649997 -16.652317
1.659997 -22.963241
1.669997 -29.291772
1.679997 -35.635860
1.689997 -41.993252
1.699997 -48.360958
1.709997 -54.737187
1.719997 -61.119348
1.729997 -67.504837
1.739997 -73.891464
1.749997 -80.276667
1.759997 -86.658233
1.769997 -93.033224
1.779997 -99.399651
1.789997 -105.754740
1.799997 -112.095951
1.809997 -118.421390
1.819997 -124.727855
1.829997 -131.013203
1.839997 -137.274819
1.849997 -143.510201
1.859997 -149.717137
1.869997 -155.892712
1.879997 -162.034656
1.889997 -168.140347
1.899997 -174.207511
1.909997 -180.233416
1.919997 -186.215562
1.929997 -192.151624
1.939997 -198.038826
1.949997 -203.875135
1.959997 -209.657614
1.969997 -215.384016
1.979997 -221.051982
1.989997 -226.658715
1.999997 -232.202266
2.009997 -237.679510
2.019997 -243.088595
2.029997 -248.426920
2.039997 -253.691963
2.049997 -258.881489
2.059997 -263.992950
2.069997 -269.024188
2.079997 -273.972737
2.089997 -278.836147
2.099997 -283.612198
2.109997 -288.298682
2.119997 -292.893148
2.129997 -297.393371
2.139997 -301.797094
2.149997 -306.102077
2.159997 -310.306204
2.169997 -314.406971
2.179997 -318.402706
2.189997 -322.290700
2.199997 -326.069172
2.209997 -329.736010
2.219997 -333.288833
2.229997 -336.725973
2.239997 -340.045387
2.249997 -343.244587
2.259997 -346.321924
2.269997 -349.275675
2.279997 -352.103532
2.289997 -354.803505
2.299997 -357.374273
2.309997 -359.813532
2.319997 -362.119562
2.329997 -364.290623
2.339997 -366.324921
2.349997 -368.220843
2.359997 -369.976443
2.369997 -371.590686
2.379997 -373.061181
2.389997 -374.386681
2.399997 -375.565799
2.409997 -376.596602
2.419997 -377.478017
2.429996 -378.208592
2.439996 -378.786672
2.449996 -379.210731
2.459996 -379.480055
2.469996 -379.592798
2.479996 -379.547781
2.489996 -379.343857
2.499996 -378.979989
2.509996 -378.454884
2.519996 -377.767366
2.529996 -376.916796
2.539996 -375.901444
2.549996 -374.720617
2.559996 -373.373846
2.569996 -371.859622
2.579996 -370.177421
2.589996 -368.326297
2.599996 -366.305353
2.609996 -364.114115
2.619996 -361.751893
2.629996 -359.217861
2.639996 -356.511486
2.649996 -353.632330
2.659996 -350.579824
2.669996 -347.353171
2.679996 -343.952458
2.689996 -340.377407
2.699996 -336.626995
2.709996 -332.701526
2.719996 -328.600653
2.729996 -324.324035
2.739996 -319.871630
2.749996 -315.243384
2.759996 -310.439107
2.769996 -305.458801
2.779996 -300.302644
2.789996 -294.970806
2.799996 -289.463044
2.809996 -283.779960
2.819996 -277.921656
2.829996 -271.888331
2.839996 -265.680205
2.849996 -259.297982
2.859996 -252.741793
2.869996 -246.012216
2.879996 -239.109766
2.889996 -232.035037
2.899996 -224.788548
2.909996 -217.371078
2.919996 -209.783244
2.929996 -202.025855
2.939996 -194.099683
2.949996 -186.005531
2.959996 -177.744410
2.969996 -169.317168
2.979996 -160.724859
2.989996 -151.968454
2.999996 -143.049040
