-1.990000 2511.112695
-1.980000 2492.388173
-1.970000 2473.440594
-1.960000 2454.279605
-1.950000 2434.915404
-1.940000 2415.357167
-1.930000 2395.615077
-1.920000 2375.698519
-1.910000 2355.615829
-1.900000 2335.377514
-1.890000 2314.991656
-1.880000 2294.467823
-1.870000 2273.814765
-1.860000 2253.040869
-1.850000 2232.154856
-1.840000 2211.165087
-1.830000 2190.079792
-1.820000 2168.907304
-1.810000 2147.655591
-1.800000 2126.332727
-1.790000 2104.946177
-1.780000 2083.503513
-1.770000 2062.012650
-1.760000 2040.480655
-1.750000 2018.914940
-1.740000 1997.322306
-1.730000 1975.710138
-1.720000 1954.084969
-1.710000 1932.453680
-1.700000 1910.822776
-1.690000 1889.198631
-1.680000 1867.587726
-1.670000 1845.996167
-1.660000 1824.429686
-1.650000 1802.894607
-1.640000 1781.396641
-1.630000 1759.941362
-1.620000 1738.534216
-1.610000 1717.180515
-1.600000 1695.885683
-1.590000 1674.654773
-1.580000 1653.492704
-1.570000 1632.404512
-1.560000 1611.394860
-1.550000 1590.468279
-1.540000 1569.629421
-1.530000 1548.882319
-1.520000 1528.231369
-1.510000 1507.680597
-1.500000 1487.233904
-1.490000 1466.895552
-1.480000 1446.668708
-1.470001 1426.557389
-1.460001 1406.564760
-1.450001 1386.694593
-1.440001 1366.949572
-1.430001 1347.333229
-1.420001 1327.848495
-1.410001 1308.497941
-1.400001 1289.284748
-1.390001 1270.211497
-1.380001 1251.280419
-1.370001 1232.494108
-1.360001 1213.855050
-1.350001 1195.365141
-1.340001 1177.026644
-1.330001 1158.841477
-1.320001 1140.811690
-1.310001 1122.938868
-1.300001 1105.224733
-1.290001 1087.670666
-1.280001 1070.278652
-1.270001 1053.049521
-1.260001 1035.984705
-1.250001 1019.085424
-1.240001 1002.352800
-1.230001 985.787629
-1.220001 969.390848
-1.210001 953.163413
-1.200001 937.105904
-1.190001 921.218873
-1.180001 905.502953
-1.170001 889.958409
-1.160001 874.585873
-1.150001 859.385445
-1.140001 844.357312
-1.130001 829.501693
-1.120001 814.818454
-1.110001 800.307714
-1.100001 785.969245
-1.090001 771.802963
-1.080001 757.808551
-1.070001 743.985676
-1.060001 730.333938
-1.050001 716.852977
-1.040001 703.542104
-1.030001 690.400830
-1.020001 677.428555
-1.010001 664.624407
-1.000001 651.987824
-0.990001 639.517772
-0.980001 627.213577
-0.970001 615.074150
-0.960001 603.098611
-0.950001 591.285876
-0.940001 579.634965
-0.930001 568.144602
-0.920001 556.813768
-0.910001 545.641202
-0.900001 534.625555
-0.890001 523.765731
-0.880001 513.060306
-0.870001 502.507919
-0.860001 492.107175
-0.850001 481.856694
-0.840001 471.754973
-0.830001 461.800572
-0.820001 451.991979
-0.810001 442.327659
-0.800001 432.806052
-0.790001 423.425534
-0.780001 414.184590
-0.770001 405.081560
-0.760001 396.114850
-0.750001 387.282768
-0.740001 378.583693
-0.730001 370.015951
-0.720001 361.577775
-0.710001 353.267595
-0.700001 345.083670
-0.690001 337.024337
-0.680001 329.087808
-0.670001 321.272451
-0.660001 313.576500
-0.650001 305.998301
-0.640001 298.536130
-0.630001 291.188285
-0.620001 283.953087
-0.610001 276.828830
-0.600001 269.813868
-0.590001 262.906512
-0.580001 256.105103
-0.570001 249.407996
-0.560001 242.813592
-0.550001 236.320241
-0.540001 229.926376
-0.530001 223.630401
-0.520001 217.430753
-0.510001 211.325924
-0.500001 205.314364
-0.490001 199.394593
-0.480001 193.565156
-0.470001 187.824595
-0.460001 182.171505
-0.450001 176.604485
-0.440001 171.122215
-0.430001 165.723325
-0.420002 160.406545
-0.410002 155.170608
-0.400002 150.014284
-0.390002 144.936364
-0.380002 139.935722
-0.370002 135.011199
-0.360002 130.161742
-0.350002 125.386281
-0.340002 120.683828
-0.330002 116.053394
-0.320002 111.494081
-0.310002 107.004985
-0.300002 102.585271
-0.290002 98.234141
-0.280002 93.950847
-0.270002 89.734670
-0.260002 85.584955
-0.250002 81.501081
-0.240002 77.482472
-0.230002 73.528608
-0.220002 69.639021
-0.210002 65.813274
-0.200002 62.050995
-0.190002 58.351861
-0.180002 54.715579
-0.170002 51.141937
-0.160002 47.630744
-0.150002 44.181878
-0.140002 40.795262
-0.130002 37.470875
-0.120002 34.208741
-0.110002 31.008939
-0.100002 27.871605
-0.090002 24.796919
-0.080002 21.785119
-0.070002 18.836495
-0.060002 15.951388
-0.050002 13.130192
-0.040002 10.373356
-0.030002 7.681378
-0.020002 5.054815
-0.010002 2.494269
-0.000002 0.000400
0.009998 -2.426082
0.019998 -4.784415
0.029998 -7.073783
0.039998 -9.293320
0.049998 -11.442108
0.059998 -13.519178
0.069998 -15.523510
0.079998 -17.454034
0.089998 -19.309629
0.099998 -21.089124
0.109998 -22.791301
0.119998 -24.414891
0.129998 -25.958576
0.139998 -27.420996
0.149998 -28.800735
0.159998 -30.096334
0.169998 -31.306294
0.179998 -32.429060
0.189998 -33.463046
0.199998 -34.406602
0.209998 -35.258057
0.219998 -36.015683
0.229998 -36.677719
0.239998 -37.242355
0.249998 -37.707749
0.259998 -38.072011
0.269998 -38.333224
0.279998 -38.489427
0.289998 -38.538625
0.299998 -38.478782
0.309998 -38.307840
0.319998 -38.023692
0.329998 -37.624212
0.339998 -37.107241
0.349998 -36.470580
0.359998 -35.712017
0.369998 -34.829303
0.379998 -33.820155
0.389998 -32.682278
0.399998 -31.413352
0.409998 -30.011040
0.419998 -28.472956
0.429998 -26.796721
0.439998 -24.979934
0.449998 -23.020169
0.459998 -20.914978
0.469998 -18.661923
0.479998 -16.258522
0.489998 -13.702308
0.499998 -10.990788
0.509998 -8.121448
0.519998 -5.091815
0.529998 -1.899354
0.539998 1.458438
0.549998 4.984081
0.559998 8.680090
0.569998 12.549011
0.579998 16.593331
0.589998 20.815566
0.599998 25.218227
0.609998 29.803817
0.619998 34.574833
0.629998 39.533743
0.639998 44.683036
0.649998 50.025156
0.659998 55.562547
0.669998 61.297617
0.679998 67.232794
0.689998 73.370448
0.699998 79.712944
0.709998 86.262624
0.719998 93.021805
0.729998 99.992775
0.739998 107.177753
0.749998 114.579008
0.759998 122.198693
0.769998 130.039012
0.779998 138.102045
0.789998 146.389879
0.799998 154.904579
0.809998 163.648127
0.819998 172.622461
0.829998 181.829471
0.839998 191.271090
0.849998 200.949113
0.859998 210.865236
0.869998 221.021240
0.879998 231.418735
0.889998 242.059323
0.899998 252.944544
0.909998 264.075880
0.919998 275.454799
0.929998 287.082557
0.939998 298.960445
0.949998 311.089730
0.959998 323.471516
0.969998 336.106932
0.979998 348.996986
0.989998 362.142456
0.999998 375.544452
1.009998 389.203494
1.019998 403.120329
1.029998 417.295726
1.039998 431.729953
1.049998 446.423716
1.059998 461.377214
1.069998 476.590660
1.079998 492.064391
1.089998 507.798329
1.099998 523.792572
1.109998 540.046903
1.119998 556.561173
1.129998 573.335133
1.139998 590.368213
1.149998 607.660072
1.159998 625.209987
1.169998 643.017185
1.179998 661.080954
1.189998 679.400359
1.199998 697.974245
1.209998 716.801626
1.219998 735.880948
1.229998 755.211113
1.239998 774.790449
1.249997 794.617396
1.259997 814.690159
1.269997 835.006938
1.279997 855.565578
1.289997 876.364270
1.299997 897.400494
1.309997 918.671955
1.319997 940.176468
1.329997 961.911012
1.339997 983.873146
1.349997 1006.059525
1.359997 1028.467805
1.369997 1051.094377
1.379997 1073.936032
1.389997 1096.989670
1.399997 1120.251332
1.409997 1143.717643
1.419997 1167.384371
1.429997 1191.248346
1.439997 1215.304573
1.449997 1239.549362
1.459997 1263.978159
1.469997 1288.586509
1.479997 1313.369569
1.489997 1338.322842
1.499997 1363.441197
1.509997 1388.719604
1.519997 1414.152640
1.529997 1439.734983
1.539997 1465.461162
1.549997 1491.325315
1.559997 1517.322164
1.569997 1543.445064
1.579997 1569.688195
1.589997 1596.045345
1.599997 1622.509910
1.609997 1649.075135
1.619997 1675.734846
1.629997 1702.481745
1.639997 1729.308871
1.649997 1756.209113
1.659997 1783.175207
1.669997 1810.199499
1.679997 1837.274426
1.689997 1864.392274
1.699997 1891.545178
1.709997 1918.724641
1.719997 1945.922742
1.729997 1973.131407
1.739997 2000.341449
1.749997 2027.544977
1.759997 2054.732270
1.769997 2081.894897
1.779997 2109.023800
1.789997 2136.109534
1.799997 2163.142509
1.809997 2190.113463
1.819997 2217.012752
1.829997 2243.830111
1.839997 2270.555608
1.849997 2297.179637
1.859997 2323.691270
1.869997 2350.080381
1.879997 2376.336466
1.889997 2402.448649
1.899997 2428.405916
1.909997 2454.198040
1.919997 2479.813040
1.929997 2505.240184
1.939997 2530.467914
1.949997 2555.484315
1.959997 2580.278251
1.969997 2604.837995
1.979997 2629.151469
1.989997 2653.206244
1.999997 2676.991108
2.009997 2700.492562
2.019997 2723.698996
2.029997 2746.597786
2.039997 2769.175679
2.049997 2791.420836
2.059997 2813.319772
2.069997 2834.859756
2.079997 2856.027516
2.089997 2876.809459
2.099997 2897.193156
2.109997 2917.164375
2.119997 2936.709632
2.129997 2955.815752
2.139997 2974.468627
2.149997 2992.654466
2.159997 3010.359588
2.169997 3027.569402
2.179997 3044.270243
2.189997 3060.447749
2.199997 3076.087673
2.209997 3091.175487
2.219997 3105.697169
2.229997 3119.637834
2.239997 3132.981954
2.249997 3145.716241
2.259997 3157.825781
2.269997 3169.294849
2.279997 3180.109541
2.289997 3190.254750
2.299997 3199.714228
2.309997 3208.474596
2.319997 3216.519504
2.329997 3223.834365
2.339997 3230.403823
2.349997 3236.212135
2.359997 3241.244911
2.369997 3245.486665
2.379997 3248.921209
2.389997 3251.534023
2.399997 3253.308542
2.409997 3254.230510
2.419997 3254.283983
2.429996 3253.453337
2.439996 3251.722942
2.449996 3249.077471
2.459996 3245.501582
2.469996 3240.979311
2.479996 3235.495915
2.489996 3229.034540
2.499996 3221.580455
2.509996 3213.118319
2.519996 3203.632229
2.529996 3193.107163
2.539996 3181.527265
2.549996 3168.876728
2.559996 3155.140869
2.569996 3140.303677
2.579996 3124.350775
2.589996 3107.265724
2.599996 3089.033962
2.609996 3069.640192
2.619996 3049.068933
2.629996 3027.305742
2.639996 3004.335020
2.649996 2980.142423
2.659996 2954.711827
2.669996 2928.029936
2.679996 2900.081241
2.689996 2870.851015
2.699996 2840.324835
2.709996 2808.487946
2.719996 2775.326516
2.729996 2740.826177
2.739996 2704.972673
2.749996 2667.751305
2.759996 2629.148819
2.769996 2589.151483
2.779996 2547.745153
2.789996 2504.916363
2.799996 2460.651928
2.809996 2414.937973
2.819996 2367.761905
2.829996 2319.110459
2.839996 2268.970544
2.849996 2217.329529
2.859996 2164.175062
2.869996 2109.494402
2.879996 2053.275520
2.889996 1995.506286
2.899996 1936.174636
2.909996 1875.269383
2.919996 1812.778257
2.929996 1748.690630
2.939996 1682.994476
2.949996 1615.679521
2.959996 1546.734860
2.969996 1476.149824
2.979996 1403.914294
2.989996 1330.017727
2.999996 1254.450730
