-1.990000 -2451.147644
-1.980000 -2437.652114
-1.970000 -2423.863827
-1.960000 -2409.791072
-1.950000 -2395.441421
-1.940000 -2380.821951
-1.930000 -2365.940597
-1.920000 -2350.804797
-1.910000 -2335.421942
-1.900000 -2319.799604
-1.890000 -2303.944846
-1.880000 -2287.865140
-1.870000 -2271.567679
-1.860000 -2255.059836
-1.850000 -2238.348228
-1.840000 -2221.440590
-1.830000 -2204.343430
-1.820000 -2187.064140
-1.810000 -2169.609585
-1.800000 -2151.986097
-1.790000 -2134.201137
-1.780000 -2116.261157
-1.770000 -2098.172784
-1.760000 -2079.943067
-1.750000 -2061.577792
-1.740000 -2043.084124
-1.730000 -2024.468204
-1.720000 -2005.736592
-1.710000 -1986.895298
-1.700000 -1967.950996
-1.690000 -1948.909445
-1.680000 -1929.777066
-1.670000 -1910.559486
-1.660000 -1891.263355
-1.650000 -1871.894166
-1.640000 -1852.457584
-1.630000 -1832.959691
-1.620000 -1813.406137
-1.610000 -1793.802503
-1.600000 -1774.154296
-1.590000 -1754.467201
-1.580000 -1734.746586
-1.570000 -1714.997748
-1.560000 -1695.225912
-1.550000 -1675.436475
-1.540000 -1655.634155
-1.530000 -1635.824569
-1.520000 -1616.012410
-1.510000 -1596.202663
-1.500000 -1576.400120
-1.490000 -1556.609497
-1.480000 -1536.835803
-1.470001 -1517.083365
-1.460001 -1497.356678
-1.450001 -1477.660531
-1.440001 -1457.999149
-1.430001 -1438.376807
-1.420001 -1418.797947
-1.410001 -1399.266575
-1.400001 -1379.786862
-1.390001 -1360.362787
-1.380001 -1340.998494
-1.370001 -1321.697571
-1.360001 -1302.464015
-1.350001 -1283.301625
-1.340001 -1264.214009
-1.330001 -1245.204701
-1.320001 -1226.277161
-1.310001 -1207.434894
-1.300001 -1188.681449
-1.290001 -1170.019830
-1.280001 -1151.453439
-1.270001 -1132.985370
-1.260001 -1114.618645
-1.250001 -1096.356445
-1.240001 -1078.201532
-1.230001 -1060.156826
-1.220001 -1042.225061
-1.210001 -1024.409015
-1.200001 -1006.711280
-1.190001 -989.134490
-1.180001 -971.681097
-1.170001 -954.353594
-1.160001 -937.154238
-1.150001 -920.085494
-1.140001 -903.149481
-1.130001 -886.348250
-1.120001 -869.684114
-1.110001 -853.158989
-1.100001 -836.774777
-1.090001 -820.533427
-1.080001 -804.436817
-1.070001 -788.486544
-1.060001 -772.684411
-1.050001 -757.032048
-1.040001 -741.530967
-1.030001 -726.182723
-1.020001 -710.988701
-1.010001 -695.950278
-1.000001 -681.068769
-0.990001 -666.345426
-0.980001 -651.781493
-0.970001 -637.378050
-0.960001 -623.136169
-0.950001 -609.056813
-0.940001 -595.140939
-0.930001 -581.389542
-0.920001 -567.803413
-0.910001 -554.383286
-0.900001 -541.129937
-0.890001 -528.043993
-0.880001 -515.126071
-0.870001 -502.376737
-0.860001 -489.796595
-0.850001 -477.385920
-0.840001 -465.145304
-0.830001 -453.074966
-0.820001 -441.175214
-0.810001 -429.446394
-0.800001 -417.888672
-0.790001 -406.502206
-0.780001 -395.287067
-0.770001 -384.243323
-0.760001 -373.371037
-0.750001 -362.670186
-0.740001 -352.140658
-0.730001 -341.782384
-0.720001 -331.595129
-0.710001 -321.578776
-0.700001 -311.733049
-0.690001 -302.057669
-0.680001 -292.552320
-0.670001 -283.216645
-0.660001 -274.050250
-0.650001 -265.052665
-0.640001 -256.223480
-0.630001 -247.562135
-0.620001 -239.068145
-0.610001 -230.740867
-0.600001 -222.579730
-0.590001 -214.584113
-0.580001 -206.753295
-0.570001 -199.086641
-0.560001 -191.583337
-0.550001 -184.242655
-0.540001 -177.063823
-0.530001 -170.046006
-0.520001 -163.188346
-0.510001 -156.489988
-0.500001 -149.950035
-0.490001 -143.567552
-0.480001 -137.341595
-0.470001 -131.271183
-0.460001 -125.355354
-0.450001 -119.593083
-0.440001 -113.983336
-0.430001 -108.525050
-0.420002 -103.217158
-0.410002 -98.058559
-0.400002 -93.048158
-0.390002 -88.184822
-0.380002 -83.467412
-0.370002 -78.894765
-0.360002 -74.465705
-0.350002 -70.179056
-0.340002 -66.033610
-0.330002 -62.028159
-0.320002 -58.161472
-0.310002 -54.432317
-0.300002 -50.839446
-0.290002 -47.381608
-0.280002 -44.057530
-0.270002 -40.865945
-0.260002 -37.805568
-0.250002 -34.875111
-0.240002 -32.073279
-0.230002 -29.398768
-0.220002 -26.850282
-0.210002 -24.426505
-0.200002 -22.126123
-0.190002 -19.947823
-0.180002 -17.890281
-0.170002 -15.952178
-0.160002 -14.132189
-0.150002 -12.428992
-0.140002 -10.841263
-0.130002 -9.367678
-0.120002 -8.006915
-0.110002 -6.757652
-0.100002 -5.618571
-0.090002 -4.588353
-0.080002 -3.665687
-0.070002 -2.849262
-0.060002 -2.137772
-0.050002 -1.529917
-0.040002 -1.024401
-0.030002 -0.619933
-0.020002 -0.315229
-0.010002 -0.109012
-0.000002 -0.000010
0.009998 0.013040
0.019998 -0.068607
0.029998 -0.243704
0.039998 -0.511011
0.049998 -0.869299
0.059998 -1.317348
0.069998 -1.853948
0.079998 -2.477899
0.089998 -3.188011
0.099998 -3.983104
0.109998 -4.862012
0.119998 -5.823578
0.129998 -6.866658
0.139998 -7.990120
0.149998 -9.192846
0.159998 -10.473725
0.169998 -11.831664
0.179998 -13.265585
0.189998 -14.774416
0.199998 -16.357105
0.209998 -18.012610
0.219998 -19.739908
0.229998 -21.537985
0.239998 -23.405842
0.249998 -25.342501
0.259998 -27.346984
0.269998 -29.418345
0.279998 -31.555642
0.289998 -33.757955
0.299998 -36.024373
0.309998 -38.354006
0.319998 -40.745983
0.329998 -43.199425
0.339998 -45.713499
0.349998 -48.287367
0.359998 -50.920223
0.369998 -53.611257
0.379998 -56.359698
0.389998 -59.164760
0.399998 -62.025706
0.409998 -64.941793
0.419998 -67.912296
0.429998 -70.936521
0.439998 -74.013764
0.449998 -77.143360
0.459998 -80.324641
0.469998 -83.556970
0.479998 -86.839713
0.489998 -90.172271
0.499998 -93.554020
0.509998 -96.984408
0.519998 -100.462825
0.529998 -103.988748
0.539998 -107.561619
0.549998 -111.180934
0.559998 -114.846137
0.569998 -118.556783
0.579998 -122.312355
0.589998 -126.112376
0.599998 -129.956412
0.609998 -133.843988
0.619998 -137.774714
0.629998 -141.748121
0.639998 -145.763817
0.649998 -149.821430
0.659998 -153.920544
0.669998 -158.060794
0.679998 -162.241851
0.689998 -166.463303
0.699998 -170.724835
0.709998 -175.026113
0.719998 -179.366851
0.729998 -183.746675
0.739998 -188.165338
0.749998 -192.622524
0.759998 -197.117899
0.769998 -201.651267
0.779998 -206.222268
0.789998 -210.830720
0.799998 -215.476343
0.809998 -220.158860
0.819998 -224.878044
0.829998 -229.633631
0.839998 -234.425427
0.849998 -239.253200
0.859998 -244.116674
0.869998 -249.015669
0.879998 -253.949941
0.889998 -258.919294
0.899998 -263.923509
0.909998 -268.962396
0.919998 -274.035717
0.929998 -279.143235
0.939998 -284.284810
0.949998 -289.460156
0.959998 -294.669133
0.969998 -299.911502
0.979998 -305.186997
0.989998 -310.495527
0.999998 -315.836743
1.009998 -321.210525
1.019998 -326.616593
1.029998 -332.054715
1.039998 -337.524709
1.049998 -343.026253
1.059998 -348.559232
1.069998 -354.123261
1.079998 -359.718186
1.089998 -365.343686
1.099998 -370.999485
1.109998 -376.685300
1.119998 -382.400948
1.129998 -388.145988
1.139998 -393.920137
1.149998 -399.723211
1.159998 -405.554680
1.169998 -411.414339
1.179998 -417.301859
1.189998 -423.216729
1.199998 -429.158620
1.209998 -435.127221
1.219998 -441.122092
1.229998 -447.142778
1.239998 -453.188837
1.249997 -459.259867
1.259997 -465.355309
1.269997 -471.474757
1.279997 -477.617673
1.289997 -483.783619
1.299997 -489.971813
1.309997 -496.181926
1.319997 -502.413433
1.329997 -508.665433
1.339997 -514.937537
1.349997 -521.229101
1.359997 -527.539336
1.369997 -533.867611
1.379997 -540.213213
1.389997 -546.575526
1.399997 -552.953611
1.409997 -559.346803
1.419997 -565.754354
1.429997 -572.175129
1.439997 -578.608631
1.449997 -585.053792
1.459997 -591.509884
1.469997 -597.975725
1.479997 -604.450470
1.489997 -610.933187
1.499997 -617.422793
1.509997 -623.918115
1.519997 -630.418378
1.529997 -636.922230
1.539997 -643.428593
1.549997 -649.936358
1.559997 -656.444264
1.569997 -662.951143
1.579997 -669.455793
1.589997 -675.956737
1.599997 -682.452772
1.609997 -688.942539
1.619997 -695.424587
1.629997 -701.897735
1.639997 -708.360161
1.649997 -714.810677
1.659997 -721.247639
1.669997 -727.669486
1.679997 -734.074565
1.689997 -740.461430
1.699997 -746.828295
1.709997 -753.173463
1.719997 -759.495260
1.729997 -765.791918
1.739997 -772.061569
1.749997 -778.302555
1.759997 -784.512815
1.769997 -790.690437
1.779997 -796.833530
1.789997 -802.940167
1.799997 -809.008205
1.809997 -815.035760
1.819997 -821.020498
1.829997 -826.960520
1.839997 -832.853595
1.849997 -838.697395
1.859997 -844.489792
1.869997 -850.228501
1.879997 -855.911141
1.889997 -861.535470
1.899997 -867.099034
1.909997 -872.599282
1.919997 -878.033975
1.929997 -883.400488
1.939997 -888.696275
1.949997 -893.918584
1.959997 -899.065303
1.969997 -904.133211
1.979997 -909.119952
1.989997 -914.022681
1.999997 -918.838633
2.009997 -923.565228
2.019997 -928.199175
2.029997 -932.738097
2.039997 -937.178753
2.049997 -941.518143
2.059997 -945.753662
2.069997 -949.882020
2.079997 -953.900218
2.089997 -957.805219
2.099997 -961.593744
2.109997 -965.262898
2.119997 -968.809229
2.129997 -972.229669
2.139997 -975.520911
2.149997 -978.679817
2.159997 -981.702810
2.169997 -984.586790
2.179997 -987.328119
2.189997 -989.923732
2.199997 -992.369930
2.209997 -994.663189
2.219997 -996.800051
2.229997 -998.777128
2.239997 -1000.590803
2.249997 -1002.237437
2.259997 -1003.713267
2.269997 -1005.014978
2.279997 -1006.138751
2.289997 -1007.080842
2.299997 -1007.837479
2.309997 -1008.405051
2.319997 -1008.779738
2.329997 -1008.957609
2.339997 -1008.935156
2.349997 -1008.708228
2.359997 -1008.273181
2.369997 -1007.626000
2.379997 -1006.762911
2.389997 -1005.679779
2.399997 -1004.372794
2.409997 -1002.838036
2.419997 -1001.071813
2.429996 -999.069445
2.439996 -996.827451
2.449996 -994.341768
2.459996 -991.608241
2.469996 -988.622636
2.479996 -985.381464
2.489996 -981.880089
2.499996 -978.114475
2.509996 -974.081155
2.519996 -969.775268
2.529996 -965.193179
2.539996 -960.330739
2.549996 -955.183589
2.559996 -949.747786
2.569996 -944.019305
2.579996 -937.993788
2.589996 -931.667146
2.599996 -925.035604
2.609996 -918.094560
2.619996 -910.840175
2.629996 -903.268295
2.639996 -895.374773
2.649996 -887.155470
2.659996 -878.606367
2.669996 -869.723227
2.679996 -860.501884
2.689996 -850.938669
2.699996 -841.029319
2.709996 -830.769698
2.719996 -820.155791
2.729996 -809.183547
2.739996 -797.849028
2.749996 -786.148213
2.759996 -774.077148
2.769996 -761.631673
2.779996 -748.808231
2.789996 -735.602576
2.799996 -722.011010
2.809996 -708.029759
2.819996 -693.654601
2.829996 -678.881983
2.839996 -663.708133
2.849996 -648.129166
2.859996 -632.141515
2.869996 -615.741364
2.879996 -598.925259
2.889996 -581.689147
2.899996 -564.029890
2.909996 -545.943648
2.919996 -527.427092
2.929996 -508.476597
2.939996 -489.088801
2.949996 -469.260279
2.959996 -448.987792
2.969996 -428.267997
2.979996 -407.097530
2.989996 -385.473321
2.999996 -363.392251
