-1.990000 -2923.004139
-1.980000 -2911.286398
-1.970000 -2899.187683
-1.960000 -2886.715241
-1.950000 -2873.876984
-1.940000 -2860.680598
-1.930000 -2847.132618
-1.920000 -2833.241389
-1.910000 -2819.014336
-1.900000 -2804.458637
-1.890000 -2789.581686
-1.880000 -2774.391320
-1.870000 -2758.894437
-1.860000 -2743.098605
-1.850000 -2727.011612
-1.840000 -2710.640288
-1.830000 -2693.991904
-1.820000 -2677.074181
-1.810000 -2659.894105
-1.800000 -2642.459109
-1.790000 -2624.776363
-1.780000 -2606.853003
-1.770000 -2588.696138
-1.760000 -2570.313081
-1.750000 -2551.710636
-1.740000 -2532.896290
-1.730000 -2513.876775
-1.720000 -2494.658786
-1.710000 -2475.249701
-1.700000 -2455.656622
-1.690000 -2435.886126
-1.680000 -2415.944505
-1.670000 -2395.839707
-1.660000 -2375.577696
-1.650000 -2355.165363
-1.640000 -2334.609066
-1.630000 -2313.916091
-1.620000 -2293.092460
-1.610000 -2272.144632
-1.600000 -2251.079507
-1.590000 -2229.903200
-1.580000 -2208.622265
-1.570000 -2187.242715
-1.560000 -2165.770999
-1.550000 -2144.213265
-1.540000 -2122.575854
-1.530000 -2100.864562
-1.520000 -2079.085860
-1.510000 -2057.245185
-1.500000 -2035.348894
-1.490000 -2013.402551
-1.480000 -1991.411908
-1.470001 -1969.383138
-1.460001 -1947.321628
-1.450001 -1925.232943
-1.440001 -1903.122587
-1.430001 -1880.996728
-1.420001 -1858.859773
-1.410001 -1836.717762
-1.400001 -1814.575699
-1.390001 -1792.439247
-1.380001 -1770.313040
-1.370001 -1748.202368
-1.360001 -1726.112211
-1.350001 -1704.047960
-1.340001 -1682.013982
-1.330001 -1660.015053
-1.320001 -1638.056591
-1.310001 -1616.142759
-1.300001 -1594.278122
-1.290001 -1572.467646
-1.280001 -1550.715285
-1.270001 -1529.025860
-1.260001 -1507.403651
-1.250001 -1485.852633
-1.240001 -1464.377404
-1.230001 -1442.981795
-1.220001 -1421.669796
-1.210001 -1400.445551
-1.200001 -1379.312674
-1.190001 -1358.275615
-1.180001 -1337.337384
-1.170001 -1316.502055
-1.160001 -1295.772945
-1.150001 -1275.154194
-1.140001 -1254.648304
-1.130001 -1234.259482
-1.120001 -1213.990528
-1.110001 -1193.844830
-1.100001 -1173.825697
-1.090001 -1153.935927
-1.080001 -1134.178462
-1.070001 -1114.556382
-1.060001 -1095.072476
-1.050001 -1075.729564
-1.040001 -1056.530386
-1.030001 -1037.477190
-1.020001 -1018.572985
-1.010001 -999.819764
-1.000001 -981.220276
-0.990001 -962.776780
-0.980001 -944.491253
-0.970001 -926.366210
-0.960001 -908.403481
-0.950001 -890.605024
-0.940001 -872.972923
-0.930001 -855.508984
-0.920001 -838.214941
-0.910001 -821.092456
-0.900001 -804.143306
-0.890001 -787.368955
-0.880001 -770.770890
-0.870001 -754.350568
-0.860001 -738.109189
-0.850001 -722.048158
-0.840001 -706.168577
-0.830001 -690.471657
-0.820001 -674.958312
-0.810001 -659.629607
-0.800001 -644.486450
-0.790001 -629.529586
-0.780001 -614.759825
-0.770001 -600.177860
-0.760001 -585.784318
-0.750001 -571.579752
-0.740001 -557.564609
-0.730001 -543.739348
-0.720001 -530.104279
-0.710001 -516.659687
-0.700001 -503.405787
-0.690001 -490.342770
-0.680001 -477.470643
-0.670001 -464.789463
-0.660001 -452.299187
-0.650001 -439.999667
-0.640001 -427.890732
-0.630001 -415.972220
-0.620001 -404.243688
-0.610001 -392.704920
-0.600001 -381.355391
-0.590001 -370.194689
-0.580001 -359.222205
-0.570001 -348.437341
-0.560001 -337.839506
-0.550001 -327.427887
-0.540001 -317.201776
-0.530001 -307.160312
-0.520001 -297.302613
-0.510001 -287.627768
-0.500001 -278.134726
-0.490001 -268.822440
-0.480001 -259.689869
-0.470001 -250.735805
-0.460001 -241.959047
-0.450001 -233.358369
-0.440001 -224.932443
-0.430001 -216.679917
-0.420002 -208.599394
-0.410002 -200.689427
-0.400002 -192.948512
-0.390002 -185.375113
-0.380002 -177.967657
-0.370002 -170.724497
-0.360002 -163.643973
-0.350002 -156.724375
-0.340002 -149.963928
-0.330002 -143.360851
-0.320002 -136.913319
-0.310002 -130.619433
-0.300002 -124.477302
-0.290002 -118.484980
-0.280002 -112.640457
-0.270002 -106.941743
-0.260002 -101.386759
-0.250002 -95.973439
-0.240002 -90.699649
-0.230002 -85.563239
-0.220002 -80.562031
-0.210002 -75.693820
-0.200002 -70.956362
-0.190002 -66.347384
-0.180002 -61.864604
-0.170002 -57.505691
-0.160002 -53.268296
-0.150002 -49.150060
-0.140002 -45.148582
-0.130002 -41.261450
-0.120002 -37.486228
-0.110002 -33.820457
-0.100002 -30.261662
-0.090002 -26.807346
-0.080002 -23.454996
-0.070002 -20.202081
-0.060002 -17.046061
-0.050002 -13.984374
-0.040002 -11.014445
-0.030002 -8.133689
-0.020002 -5.339507
-0.010002 -2.629291
-0.000002 -0.000421
0.009998 2.549731
0.019998 5.023802
0.029998 7.424434
0.039998 9.754279
0.049998 12.015991
0.059998 14.212230
0.069998 16.345659
0.079998 18.418943
0.089998 20.434751
0.099998 22.395751
0.109998 24.304610
0.119998 26.163995
0.129998 27.976570
0.139998 29.744997
0.149998 31.471936
0.159998 33.160038
0.169998 34.811949
0.179998 36.430315
0.189998 38.017764
0.199998 39.576923
0.209998 41.110407
0.219998 42.620824
0.229998 44.110770
0.239998 45.582825
0.249998 47.039557
0.259998 48.483531
0.269998 49.917281
0.279998 51.343342
0.289998 52.764226
0.299998 54.182418
0.309998 55.600404
0.319998 57.020637
0.329998 58.445557
0.339998 59.877591
0.349998 61.319130
0.359998 62.772551
0.369998 64.240208
0.379998 65.724432
0.389998 67.227539
0.399998 68.751797
0.409998 70.299465
0.419998 71.872782
0.429998 73.473949
0.439998 75.105138
0.449998 76.768494
0.459998 78.466151
0.469998 80.200187
0.479998 81.972651
0.489998 83.785594
0.499998 85.640994
0.509998 87.540813
0.519998 89.486984
0.529998 91.481411
0.539998 93.525952
0.549998 95.622430
0.559998 97.772639
0.569998 99.978331
0.579998 102.241236
0.589998 104.563031
0.599998 106.945347
0.609998 109.389801
0.619998 111.897963
0.629998 114.471337
0.639998 117.111450
0.649998 119.819706
0.659998 122.597542
0.669998 125.446289
0.679998 128.367301
0.689998 131.361823
0.699998 134.431134
0.709998 137.576412
0.719998 140.798782
0.729998 144.099352
0.739998 147.479227
0.749998 150.939368
0.759998 154.480779
0.769998 158.104390
0.779998 161.811042
0.789998 165.601592
0.799998 169.476808
0.809998 173.437479
0.819998 177.484232
0.829998 181.617740
0.839998 185.838578
0.849998 190.147345
0.859998 194.544499
0.869998 199.030495
0.879998 203.605714
0.889998 208.270539
0.899998 213.025252
0.909998 217.870137
0.919998 222.805352
0.929998 227.831081
0.939998 232.947408
0.949998 238.154417
0.959998 243.452090
0.969998 248.840385
0.979998 254.319161
0.989998 259.888374
0.999998 265.547678
1.009998 271.296956
1.019998 277.135835
1.029998 283.063997
1.039998 289.081017
1.049998 295.186395
1.059998 301.379765
1.069998 307.660444
1.079998 314.027833
1.089998 320.481360
1.099998 327.020326
1.109998 333.643760
1.119998 340.351104
1.129998 347.141452
1.139998 354.013763
1.149998 360.967136
1.159998 368.000626
1.169998 375.113121
1.179998 382.303548
1.189998 389.570696
1.199998 396.913392
1.209998 404.330328
1.219998 411.820201
1.229998 419.381808
1.239998 427.013635
1.249997 434.714091
1.259997 442.481857
1.269997 450.315390
1.279997 458.213014
1.289997 466.173092
1.299997 474.193971
1.309997 482.273861
1.319997 490.411046
1.329997 498.603645
1.339997 506.849790
1.349997 515.147627
1.359997 523.495142
1.369997 531.890331
1.379997 540.331031
1.389997 548.815390
1.399997 557.341038
1.409997 565.905979
1.419997 574.507757
1.429997 583.144352
1.439997 591.813345
1.449997 600.512456
1.459997 609.239061
1.469997 617.991042
1.479997 626.765818
1.489997 635.560829
1.499997 644.373478
1.509997 653.201250
1.519997 662.041716
1.529997 670.892046
1.539997 679.749372
1.549997 688.611279
1.559997 697.474892
1.569997 706.337482
1.579997 715.195984
1.589997 724.047725
1.599997 732.889757
1.609997 741.719101
1.619997 750.532989
1.629997 759.328381
1.639997 768.102206
1.649997 776.851241
1.659997 785.572604
1.669997 794.263321
1.679997 802.920088
1.689997 811.539757
1.699997 820.118974
1.709997 828.654844
1.719997 837.144206
1.729997 845.583392
1.739997 853.969436
1.749997 862.298989
1.759997 870.568801
1.769997 878.775302
1.779997 886.915322
1.789997 894.985492
1.799997 902.982368
1.809997 910.902487
1.819997 918.742488
1.829997 926.498997
1.839997 934.168505
1.849997 941.747373
1.859997 949.232185
1.869997 956.619803
1.879997 963.906318
1.889997 971.088339
1.899997 978.162404
1.909997 985.124926
1.919997 991.972313
1.929997 998.700965
1.939997 1005.307505
1.949997 1011.788321
1.959997 1018.139797
1.969997 1024.358204
1.979997 1030.440370
1.989997 1036.382448
1.999997 1042.181148
2.009997 1047.832344
2.019997 1053.332864
2.029997 1058.679031
2.039997 1063.867338
2.049997 1068.894172
2.059997 1073.756033
2.069997 1078.449319
2.079997 1082.970327
2.089997 1087.315897
2.099997 1091.482234
2.109997 1095.465768
2.119997 1099.263150
2.129997 1102.870623
2.139997 1106.285269
2.149997 1109.502740
2.159997 1112.520348
2.169997 1115.334187
2.179997 1117.940983
2.189997 1120.337271
2.199997 1122.519806
2.209997 1124.485157
2.219997 1126.229722
2.229997 1127.750502
2.239997 1129.043746
2.249997 1130.106684
2.259997 1130.935236
2.269997 1131.527051
2.279997 1131.878478
2.289997 1131.986454
2.299997 1131.847575
2.309997 1131.458832
2.319997 1130.816881
2.329997 1129.919301
2.339997 1128.761922
2.349997 1127.342730
2.359997 1125.658156
2.369997 1123.705536
2.379997 1121.481723
2.389997 1118.983943
2.399997 1116.209291
2.409997 1113.154733
2.419997 1109.817765
2.429996 1106.195269
2.439996 1102.285130
2.449996 1098.083996
2.459996 1093.589664
2.469996 1088.799495
2.479996 1083.710894
2.489996 1078.321012
2.499996 1072.627794
2.509996 1066.628628
2.519996 1060.321385
2.529996 1053.703126
2.539996 1046.772372
2.549996 1039.526014
2.559996 1031.962782
2.569996 1024.079553
2.579996 1015.875000
2.589996 1007.346777
2.599996 998.492859
2.609996 989.311149
2.619996 979.800345
2.629996 969.957961
2.639996 959.782314
2.649996 949.271998
2.659996 938.424961
2.669996 927.239900
2.679996 915.715110
2.689996 903.849165
2.699996 891.640484
2.709996 879.087756
2.719996 866.189527
2.729996 852.944603
2.739996 839.351849
2.749996 825.410087
2.759996 811.118113
2.769996 796.475151
2.779996 781.479857
2.789996 766.131662
2.799996 750.429534
2.809996 734.372687
2.819996 717.960554
2.829996 701.192394
2.839996 684.067832
2.849996 666.586042
2.859996 648.746781
2.869996 630.549452
2.879996 611.994000
2.889996 593.080036
2.899996 573.807436
2.909996 554.176140
2.919996 534.186094
2.929996 513.837214
2.939996 493.129801
2.949996 472.063725
2.959996 450.639561
2.969996 428.857471
2.979996 406.717881
2.989996 384.221202
2.999996 361.368107
