-1.990000 686.857074
-1.980000 665.595855
-1.970000 644.360980
-1.960000 623.161742
-1.950000 602.007104
-1.940000 580.905979
-1.930000 559.867004
-1.920000 538.898937
-1.910000 518.009685
-1.900000 497.207386
-1.890000 476.500591
-1.880000 455.896996
-1.870000 435.404127
-1.860000 415.029574
-1.850000 394.780701
-1.840000 374.664708
-1.830000 354.688564
-1.820000 334.859071
-1.810000 315.183219
-1.800000 295.667355
-1.790000 276.317540
-1.780000 257.140436
-1.770000 238.141588
-1.760000 219.327266
-1.750000 200.702855
-1.740000 182.274052
-1.730000 164.045905
-1.720000 146.024018
-1.710000 128.213104
-1.700000 110.617954
-1.690000 93.243370
-1.680000 76.094114
-1.670000 59.173992
-1.660000 42.487741
-1.650000 26.038839
-1.640000 9.831452
-1.630000 -6.130658
-1.620000 -21.844258
-1.610000 -37.305786
-1.600000 -52.511962
-1.590000 -67.459910
-1.580000 -82.146606
-1.570000 -96.569183
-1.560000 -110.725481
-1.550000 -124.612698
-1.540000 -138.228799
-1.530000 -151.571536
-1.520000 -164.638932
-1.510000 -177.429161
-1.500000 -189.940610
-1.490000 -202.171689
-1.480000 -214.121138
-1.470001 -225.787721
-1.460001 -237.170284
-1.450001 -248.267816
-1.440001 -259.079691
-1.430001 -269.605178
-1.420001 -279.843746
-1.410001 -289.795000
-1.400001 -299.458619
-1.390001 -308.834597
-1.380001 -317.922939
-1.370001 -326.723720
-1.360001 -335.237264
-1.350001 -343.463960
-1.340001 -351.404353
-1.330001 -359.059023
-1.320001 -366.428846
-1.310001 -373.514465
-1.300001 -380.317204
-1.290001 -386.837937
-1.280001 -393.078070
-1.270001 -399.038880
-1.260001 -404.721760
-1.250001 -410.128383
-1.240001 -415.260353
-1.230001 -420.119498
-1.220001 -424.707656
-1.210001 -429.026885
-1.200001 -433.079138
-1.190001 -436.866580
-1.180001 -440.391639
-1.170001 -443.656468
-1.160001 -446.663704
-1.150001 -449.415762
-1.140001 -451.915284
-1.130001 -454.165023
-1.120001 -456.167700
-1.110001 -457.926228
-1.100001 -459.443541
-1.090001 -460.722594
-1.080001 -461.766603
-1.070001 -462.578611
-1.060001 -463.161893
-1.050001 -463.519733
-1.040001 -463.655480
-1.030001 -463.572546
-1.020001 -463.274401
-1.010001 -462.764675
-1.000001 -462.046844
-0.990001 -461.124595
-0.980001 -460.001561
-0.970001 -458.681574
-0.960001 -457.168362
-0.950001 -455.465745
-0.940001 -453.577684
-0.930001 -451.507980
-0.920001 -449.260572
-0.910001 -446.839480
-0.900001 -444.248755
-0.890001 -441.492335
-0.880001 -438.574377
-0.870001 -435.498967
-0.860001 -432.270167
-0.850001 -428.892108
-0.840001 -425.369078
-0.830001 -421.705058
-0.820001 -417.904367
-0.810001 -413.971149
-0.800001 -409.909653
-0.790001 -405.724042
-0.780001 -401.418577
-0.770001 -396.997433
-0.760001 -392.464958
-0.750001 -387.825201
-0.740001 -383.082546
-0.730001 -378.241081
-0.720001 -373.305131
-0.710001 -368.278810
-0.700001 -363.166302
-0.690001 -357.971858
-0.680001 -352.699552
-0.670001 -347.353601
-0.660001 -341.938122
-0.650001 -336.457173
-0.640001 -330.914867
-0.630001 -325.315214
-0.620001 -319.662275
-0.610001 -313.960041
-0.600001 -308.212474
-0.590001 -302.423572
-0.580001 -296.597095
-0.570001 -290.737068
-0.560001 -284.847212
-0.550001 -278.931310
-0.540001 -272.993132
-0.530001 -267.036408
-0.520001 -261.064755
-0.510001 -255.081781
-0.500001 -249.091072
-0.490001 -243.096162
-0.480001 -237.100423
-0.470001 -231.107327
-0.460001 -225.120225
-0.450001 -219.142394
-0.440001 -213.177085
-0.430001 -207.227473
-0.420002 -201.296677
-0.410002 -195.387763
-0.400002 -189.503714
-0.390002 -183.647493
-0.380002 -177.821928
-0.370002 -172.029851
-0.360002 -166.273957
-0.350002 -160.556940
-0.340002 -154.881399
-0.330002 -149.249832
-0.320002 -143.664687
-0.310002 -138.128365
-0.300002 -132.643147
-0.290002 -127.211265
-0.280002 -121.834876
-0.270002 -116.516032
-0.260002 -111.256751
-0.250002 -106.058931
-0.240002 -100.924413
-0.230002 -95.854952
-0.220002 -90.852225
-0.210002 -85.917824
-0.200002 -81.053263
-0.190002 -76.259961
-0.180002 -71.539270
-0.170002 -66.892437
-0.160002 -62.320645
-0.150002 -57.824980
-0.140002 -53.406445
-0.130002 -49.065954
-0.120002 -44.804345
-0.110002 -40.622355
-0.100002 -36.520642
-0.090002 -32.499776
-0.080002 -28.560235
-0.070002 -24.702418
-0.060002 -20.926626
-0.050002 -17.233081
-0.040002 -13.621912
-0.030002 -10.093161
-0.020002 -6.646784
-0.010002 -3.282646
-0.000002 -0.000526
0.009998 3.199883
0.019998 6.318980
0.029998 9.357246
0.039998 12.315254
0.049998 15.193658
0.059998 17.993206
0.069998 20.714725
0.079998 23.359132
0.089998 25.927423
0.099998 28.420691
0.109998 30.840099
0.119998 33.186904
0.129998 35.462440
0.139998 37.668129
0.149998 39.805468
0.159998 41.876043
0.169998 43.881510
0.179998 45.823607
0.189998 47.704168
0.199998 49.525080
0.209998 51.288321
0.219998 52.995941
0.229998 54.650074
0.239998 56.252911
0.249998 57.806731
0.259998 59.313875
0.269998 60.776765
0.279998 62.197886
0.289998 63.579795
0.299998 64.925118
0.309998 66.236537
0.319998 67.516815
0.329998 68.768767
0.339998 69.995271
0.349998 71.199283
0.359998 72.383785
0.369998 73.551847
0.379998 74.706593
0.389998 75.851194
0.399998 76.988862
0.409998 78.122890
0.419998 79.256605
0.429998 80.393395
0.439998 81.536666
0.449998 82.689913
0.459998 83.856643
0.469998 85.040413
0.479998 86.244834
0.489998 87.473542
0.499998 88.730211
0.509998 90.018564
0.519998 91.342333
0.529998 92.705314
0.539998 94.111312
0.549998 95.564152
0.559998 97.067718
0.569998 98.625879
0.579998 100.242555
0.589998 101.921682
0.599998 103.667215
0.609998 105.483087
0.619998 107.373311
0.629998 109.341865
0.639998 111.392764
0.649998 113.530025
0.659998 115.757634
0.669998 118.079641
0.679998 120.500058
0.689998 123.022910
0.699998 125.652214
0.709998 128.391988
0.719998 131.246228
0.729998 134.218996
0.739998 137.314197
0.749998 140.535840
0.759998 143.887888
0.769998 147.374289
0.779998 150.998959
0.789998 154.765778
0.799998 158.678681
0.809998 162.741433
0.819998 166.957888
0.829998 171.331828
0.839998 175.867019
0.849998 180.567185
0.859998 185.435950
0.869998 190.477061
0.879998 195.693989
0.889998 201.090321
0.899998 206.669577
0.909998 212.435200
0.919998 218.390605
0.929998 224.539107
0.939998 230.884008
0.949998 237.428530
0.959998 244.175881
0.969998 251.129082
0.979998 258.291212
0.989998 265.665231
0.999998 273.254029
1.009998 281.060447
1.019998 289.087279
1.029998 297.337084
1.039998 305.812552
1.049998 314.516132
1.059998 323.450266
1.069998 332.617340
1.079998 342.019515
1.089998 351.658997
1.099998 361.537898
1.109998 371.658099
1.119998 382.021520
1.129998 392.629928
1.139998 403.485042
1.149998 414.588311
1.159998 425.941329
1.169998 437.545387
1.179998 449.401694
1.189998 461.511429
1.199998 473.875604
1.209998 486.495085
1.219998 499.370789
1.229998 512.503261
1.239998 525.892975
1.249997 539.540575
1.259997 553.446112
1.269997 567.609862
1.279997 582.031909
1.289997 596.712093
1.299997 611.650177
1.309997 626.845791
1.319997 642.298544
1.329997 658.007675
1.339997 673.972397
1.349997 690.191962
1.359997 706.665183
1.369997 723.390844
1.379997 740.367525
1.389997 757.593959
1.399997 775.068129
1.409997 792.788767
1.419997 810.753494
1.429997 828.960197
1.439997 847.406909
1.449997 866.091027
1.459997 885.009909
1.469997 904.160998
1.479997 923.541336
1.489997 943.147863
1.499997 962.977235
1.509997 983.026374
1.519997 1003.291549
1.529997 1023.768925
1.539997 1044.454988
1.549997 1065.345328
1.559997 1086.436036
1.569997 1107.722547
1.579997 1129.200493
1.589997 1150.864970
1.599997 1172.711025
1.609997 1194.734023
1.619997 1216.928423
1.629997 1239.288636
1.639997 1261.809628
1.649997 1284.485221
1.659997 1307.309547
1.669997 1330.276929
1.679997 1353.380302
1.689997 1376.613882
1.699997 1399.971103
1.709997 1423.444619
1.719997 1447.027754
1.729997 1470.713418
1.739997 1494.494463
1.749997 1518.362845
1.759997 1542.311305
1.769997 1566.332050
1.779997 1590.416991
1.789997 1614.557744
1.799997 1638.745993
1.809997 1662.973244
1.819997 1687.231185
1.829997 1711.510266
1.839997 1735.801475
1.849997 1760.096331
1.859997 1784.384420
1.869997 1808.656916
1.879997 1832.903651
1.889997 1857.114757
1.899997 1881.280428
1.909997 1905.390339
1.919997 1929.433427
1.929997 1953.400185
1.939997 1977.279219
1.949997 2001.059319
1.959997 2024.730022
1.969997 2048.279341
1.979997 2071.696937
1.989997 2094.970506
1.999997 2118.088490
2.009997 2141.039491
2.019997 2163.810542
2.029997 2186.389508
2.039997 2208.765085
2.049997 2230.923632
2.059997 2252.853538
2.069997 2274.541309
2.079997 2295.974175
2.089997 2317.139218
2.099997 2338.022955
2.109997 2358.612607
2.119997 2378.893998
2.129997 2398.853657
2.139997 2418.478391
2.149997 2437.753226
2.159997 2456.665524
2.169997 2475.200065
2.179997 2493.343136
2.189997 2511.080090
2.199997 2528.396568
2.209997 2545.277693
2.219997 2561.708874
2.229997 2577.675789
2.239997 2593.162843
2.249997 2608.155114
2.259997 2622.637197
2.269997 2636.594340
2.279997 2650.010937
2.289997 2662.870927
2.299997 2675.160364
2.309997 2686.861911
2.319997 2697.961064
2.329997 2708.441067
2.339997 2718.286526
2.349997 2727.481603
2.359997 2736.009696
2.369997 2743.855858
2.379997 2751.002671
2.389997 2757.434038
2.399997 2763.134461
2.409997 2768.087044
2.419997 2772.275509
2.429996 2775.683527
2.439996 2778.294399
2.449996 2780.091400
2.459996 2781.058696
2.469996 2781.178867
2.479996 2780.436003
2.489996 2778.812651
2.499996 2776.292839
2.509996 2772.859386
2.519996 2768.496262
2.529996 2763.186268
2.539996 2756.912222
2.549996 2749.658061
2.559996 2741.406879
2.569996 2732.142316
2.579996 2721.846438
2.589996 2710.503967
2.599996 2698.097788
2.609996 2684.610841
2.619996 2670.027092
2.629996 2654.329547
2.639996 2637.501743
2.649996 2619.527023
2.659996 2600.389241
2.669996 2580.071611
2.679996 2558.558301
2.689996 2535.832857
2.699996 2511.878693
2.709996 2486.679934
2.719996 2460.220153
2.729996 2432.483816
2.739996 2403.454852
2.749996 2373.117106
2.759996 2341.454909
2.769996 2308.453037
2.779996 2274.095978
2.789996 2238.367314
2.799996 2201.252639
2.809996 2162.736455
2.819996 2122.803722
2.829996 2081.439371
2.839996 2038.628913
2.849996 1994.356965
2.859996 1948.609190
2.869996 1901.371763
2.879996 1852.629792
2.889996 1802.369478
2.899996 1750.576558
2.909996 1697.237541
2.919996 1642.338852
2.929996 1585.866775
2.939996 1527.808413
2.949996 1468.150526
2.959996 1406.880363
2.969996 1343.984923
2.979996 1279.452029
2.989996 1213.269275
2.999996 1145.424569
