-1.990000 2510.567011
-1.980000 2493.388933
-1.970000 2475.901932
-1.960000 2458.115302
-1.950000 2440.037837
-1.940000 2421.679185
-1.930000 2403.048040
-1.920000 2384.153493
-1.910000 2365.005047
-1.900000 2345.610308
-1.890000 2325.979587
-1.880000 2306.120834
-1.870000 2286.042394
-1.860000 2265.753951
-1.850000 2245.263730
-1.840000 2224.580360
-1.830000 2203.711463
-1.820000 2182.666003
-1.810000 2161.452886
-1.800000 2140.080002
-1.790000 2118.555169
-1.780000 2096.887085
-1.770000 2075.083425
-1.760000 2053.152267
-1.750000 2031.101135
-1.740000 2008.938799
-1.730000 1986.672393
-1.720000 1964.309572
-1.710000 1941.858278
-1.700000 1919.325890
-1.690000 1896.719464
-1.680000 1874.046944
-1.670000 1851.315223
-1.660000 1828.531840
-1.650000 1805.703644
-1.640000 1782.837763
-1.630000 1759.941362
-1.620000 1737.020913
-1.610000 1714.083409
-1.600000 1691.135268
-1.590000 1668.183676
-1.580000 1645.234509
-1.570000 1622.294774
-1.560000 1599.370414
-1.550000 1576.467767
-1.540000 1553.592961
-1.530000 1530.752031
-1.520000 1507.951287
-1.510000 1485.196213
-1.500000 1462.492691
-1.490000 1439.846507
-1.480000 1417.263112
-1.470001 1394.748106
-1.460001 1372.306994
-1.450001 1349.944943
-1.440001 1327.667389
-1.430001 1305.479191
-1.420001 1283.385471
-1.410001 1261.391259
-1.400001 1239.501247
-1.390001 1217.720270
-1.380001 1196.052949
-1.370001 1174.503807
-1.360001 1153.077511
-1.350001 1131.778151
-1.340001 1110.610081
-1.330001 1089.577557
-1.320001 1068.684500
-1.310001 1047.934974
-1.300001 1027.332825
-1.290001 1006.881803
-1.280001 986.585682
-1.270001 966.447900
-1.260001 946.472154
-1.250001 926.661575
-1.240001 907.019666
-1.230001 887.549483
-1.220001 868.254336
-1.210001 849.137091
-1.200001 830.200637
-1.190001 811.447878
-1.180001 792.881401
-1.170001 774.504034
-1.160001 756.318175
-1.150001 738.326239
-1.140001 720.530773
-1.130001 702.933783
-1.120001 685.537630
-1.110001 668.344247
-1.100001 651.355698
-1.090001 634.573792
-1.080001 618.000463
-1.070001 601.637285
-1.060001 585.485904
-1.050001 569.547929
-1.040001 553.824670
-1.030001 538.317559
-1.020001 523.027886
-1.010001 507.956805
-1.000001 493.105329
-0.990001 478.474544
-0.980001 464.065344
-0.970001 449.878592
-0.960001 435.915016
-0.950001 422.175311
-0.940001 408.659992
-0.930001 395.369687
-0.920001 382.304651
-0.910001 369.465401
-0.900001 356.852081
-0.890001 344.464951
-0.880001 332.304051
-0.870001 320.369530
-0.860001 308.661183
-0.850001 297.179008
-0.840001 285.922789
-0.830001 274.892237
-0.820001 264.086992
-0.810001 253.506709
-0.800001 243.150863
-0.790001 233.018902
-0.780001 223.110207
-0.770001 213.424067
-0.760001 203.959791
-0.750001 194.716493
-0.740001 185.693308
-0.730001 176.889282
-0.720001 168.303403
-0.710001 159.934551
-0.700001 151.781670
-0.690001 143.843479
-0.680001 136.118761
-0.670001 128.606199
-0.660001 121.304381
-0.650001 114.211915
-0.640001 107.327332
-0.630001 100.649039
-0.620001 94.175462
-0.610001 87.904972
-0.600001 81.835823
-0.590001 75.966354
-0.580001 70.294685
-0.570001 64.819008
-0.560001 59.537434
-0.550001 54.448044
-0.540001 49.548810
-0.530001 44.837758
-0.520001 40.312791
-0.510001 35.971818
-0.500001 31.812677
-0.490001 27.833199
-0.480001 24.031144
-0.470001 20.404253
-0.460001 16.950243
-0.450001 13.666771
-0.440001 10.551472
-0.430001 7.601957
-0.420002 4.815791
-0.410002 2.190516
-0.400002 -0.276354
-0.390002 -2.587340
-0.380002 -4.744977
-0.370002 -6.751833
-0.360002 -8.610506
-0.350002 -10.323604
-0.340002 -11.893771
-0.330002 -13.323671
-0.320002 -14.615973
-0.310002 -15.773383
-0.300002 -16.798610
-0.290002 -17.694394
-0.280002 -18.463482
-0.270002 -19.108638
-0.260002 -19.632639
-0.250002 -20.038274
-0.240002 -20.328344
-0.230002 -20.505662
-0.220002 -20.573046
-0.210002 -20.533325
-0.200002 -20.389339
-0.190002 -20.143925
-0.180002 -19.799934
-0.170002 -19.360214
-0.160002 -18.827622
-0.150002 -18.205013
-0.140002 -17.495243
-0.130002 -16.701172
-0.120002 -15.825651
-0.110002 -14.871538
-0.100002 -13.841683
-0.090002 -12.738931
-0.080002 -11.566124
-0.070002 -10.326098
-0.060002 -9.021681
-0.050002 -7.655695
-0.040002 -6.230951
-0.030002 -4.750251
-0.020002 -3.216386
-0.010002 -1.632136
-0.000002 -0.000269
0.009998 1.676462
0.019998 3.395318
0.029998 5.153573
0.039998 6.948520
0.049998 8.777466
0.059998 10.637739
0.069998 12.526682
0.079998 14.441661
0.089998 16.380059
0.099998 18.339282
0.109998 20.316756
0.119998 22.309932
0.129998 24.316281
0.139998 26.333304
0.149998 28.358516
0.159998 30.389471
0.169998 32.423738
0.179998 34.458917
0.189998 36.492635
0.199998 38.522550
0.209998 40.546348
0.219998 42.561742
0.229998 44.566475
0.239998 46.558326
0.249998 48.535093
0.259998 50.494624
0.269998 52.434789
0.279998 54.353487
0.289998 56.248661
0.299998 58.118282
0.309998 59.960361
0.319998 61.772937
0.329998 63.554085
0.339998 65.301926
0.349998 67.014610
0.359998 68.690319
0.369998 70.327284
0.379998 71.923774
0.389998 73.478078
0.399998 74.988550
0.409998 76.453568
0.419998 77.871540
0.429998 79.240937
0.439998 80.560258
0.449998 81.828043
0.459998 83.042872
0.469998 84.203368
0.479998 85.308194
0.489998 86.356053
0.499998 87.345693
0.509998 88.275922
0.519998 89.145547
0.529998 89.953446
0.539998 90.698542
0.549998 91.379804
0.559998 91.996209
0.569998 92.546843
0.579998 93.030762
0.589998 93.447107
0.599998 93.795062
0.609998 94.073855
0.619998 94.282722
0.629998 94.420969
0.639998 94.487992
0.649998 94.483149
0.659998 94.405904
0.669998 94.255711
0.679998 94.032115
0.689998 93.734655
0.699998 93.362982
0.709998 92.916762
0.719998 92.395664
0.729998 91.799442
0.739998 91.127861
0.749998 90.380791
0.759998 89.558093
0.769998 88.659672
0.779998 87.685474
0.789998 86.635542
0.799998 85.509887
0.809998 84.308591
0.819998 83.031802
0.829998 81.679689
0.839998 80.252449
0.849998 78.750332
0.859998 77.173616
0.869998 75.522668
0.879998 73.797834
0.889998 71.999574
0.899998 70.128244
0.909998 68.184452
0.919998 66.168606
0.929998 64.081371
0.939998 61.923326
0.949998 59.695141
0.959998 57.397420
0.969998 55.030904
0.979998 52.596436
0.989998 50.094703
0.999998 47.526568
1.009998 44.892942
1.019998 42.194617
1.029998 39.432573
1.039998 36.607797
1.049998 33.721258
1.059998 30.774038
1.069998 27.767116
1.079998 24.701638
1.089998 21.578670
1.099998 18.399488
1.109998 15.165166
1.119998 11.876956
1.129998 8.536043
1.139998 5.143806
1.149998 1.701430
1.159998 -1.789650
1.169998 -5.328170
1.179998 -8.912755
1.189998 -12.541922
1.199998 -16.214273
1.209998 -19.928448
1.219998 -23.682890
1.229998 -27.476165
1.239998 -31.306642
1.249997 -35.172901
1.259997 -39.073357
1.269997 -43.006350
1.279997 -46.970370
1.289997 -50.963748
1.299997 -54.985000
1.309997 -59.032303
1.319997 -63.104025
1.329997 -67.198577
1.339997 -71.314295
1.349997 -75.449265
1.359997 -79.601859
1.369997 -83.770432
1.379997 -87.953153
1.389997 -92.148237
1.399997 -96.354012
1.409997 -100.568672
1.419997 -104.790407
1.429997 -109.017457
1.439997 -113.247995
1.449997 -117.480188
1.459997 -121.712441
1.469997 -125.942668
1.479997 -130.169083
1.489997 -134.390017
1.499997 -138.603436
1.509997 -142.807790
1.519997 -147.000981
1.529997 -151.181338
1.539997 -155.347037
1.549997 -159.496165
1.559997 -163.627025
1.569997 -167.737648
1.579997 -171.826436
1.589997 -175.891430
1.599997 -179.930676
1.609997 -183.942592
1.619997 -187.925481
1.629997 -191.877288
1.639997 -195.796457
1.649997 -199.681073
1.659997 -203.529415
1.669997 -207.339833
1.679997 -211.110751
1.689997 -214.839997
1.699997 -218.526141
1.709997 -222.167404
1.719997 -225.762203
1.729997 -229.308850
1.739997 -232.805732
1.749997 -236.251075
1.759997 -239.643543
1.769997 -242.981335
1.779997 -246.262855
1.789997 -249.486731
1.799997 -252.651228
1.809997 -255.754957
1.819997 -258.796523
1.829997 -261.774256
1.839997 -264.686808
1.849997 -267.532735
1.859997 -270.310620
1.869997 -273.019244
1.879997 -275.657300
1.889997 -278.223158
1.899997 -280.715854
1.909997 -283.134047
1.919997 -285.476424
1.929997 -287.741763
1.939997 -289.929039
1.949997 -292.036976
1.959997 -294.064556
1.969997 -296.010846
1.979997 -297.874442
1.989997 -299.654702
1.999997 -301.350236
2.009997 -302.960588
2.019997 -304.484638
2.029997 -305.921446
2.039997 -307.270372
2.049997 -308.530291
2.059997 -309.700636
2.069997 -310.780738
2.079997 -311.769832
2.089997 -312.667194
2.099997 -313.472559
2.109997 -314.184859
2.119997 -314.803855
2.129997 -315.329239
2.139997 -315.760174
2.149997 -316.096332
2.159997 -316.337528
2.169997 -316.483358
2.179997 -316.533616
2.189997 -316.487936
2.199997 -316.345899
2.209997 -316.107723
2.219997 -315.773271
2.229997 -315.342255
2.239997 -314.815016
2.249997 -314.191163
2.259997 -313.470837
2.269997 -312.654220
2.279997 -311.741722
2.289997 -310.733054
2.299997 -309.628992
2.309997 -308.429165
2.319997 -307.134343
2.329997 -305.745064
2.339997 -304.261464
2.349997 -302.683998
2.359997 -301.013340
2.369997 -299.250035
2.379997 -297.394673
2.389997 -295.447726
2.399997 -293.410134
2.409997 -291.282790
2.419997 -289.065984
2.429996 -286.760951
2.439996 -284.368720
2.449996 -281.889852
2.459996 -279.325475
2.469996 -276.676565
2.479996 -273.944411
2.489996 -271.129819
2.499996 -268.234169
2.509996 -265.258805
2.519996 -262.204683
2.529996 -259.073384
2.539996 -255.866034
2.549996 -252.584160
2.559996 -249.229192
2.569996 -245.802673
2.579996 -242.305992
2.589996 -238.740977
2.599996 -235.108981
2.609996 -231.411852
2.619996 -227.651167
2.629996 -223.828854
2.639996 -219.946697
2.649996 -216.006352
2.659996 -212.009871
2.669996 -207.959279
2.679996 -203.856312
2.689996 -199.703084
2.699996 -195.501585
2.709996 -191.254110
2.719996 -186.962576
2.729996 -182.629349
2.739996 -178.256341
2.749996 -173.846091
2.759996 -169.400923
2.769996 -164.922929
2.779996 -160.414824
2.789996 -155.878610
2.799996 -151.317022
2.809996 -146.732402
2.819996 -142.127297
2.829996 -137.504285
2.839996 -132.865829
2.849996 -128.214723
2.859996 -123.553498
2.869996 -118.884931
2.879996 -114.211625
2.889996 -109.536476
2.899996 -104.862092
2.909996 -100.191363
2.919996 -95.527084
2.929996 -90.872136
2.939996 -86.229328
2.949996 -81.601683
2.959996 -76.992086
2.969996 -72.403594
2.979996 -67.839081
2.989996 -63.301616
2.999996 -58.794176
