-1.990000 3409.690668
-1.980000 3388.565795
-1.970000 3367.082312
-1.960000 3345.252187
-1.950000 3323.086377
-1.940000 3300.597322
-1.930000 3277.796222
-1.920000 3254.694396
-1.910000 3231.303052
-1.900000 3207.633750
-1.890000 3183.697249
-1.880000 3159.504652
-1.870000 3135.066721
-1.860000 3110.394567
-1.850000 3085.498251
-1.840000 3060.388179
-1.830000 3035.075582
-1.820000 3009.569924
-1.810000 2983.881490
-1.800000 2958.020678
-1.790000 2931.997293
-1.780000 2905.820537
-1.770000 2879.500439
-1.760000 2853.046907
-1.750000 2826.468761
-1.740000 2799.775415
-1.730000 2772.976154
-1.720000 2746.079894
-1.710000 2719.095423
-1.700000 2692.031639
-1.690000 2664.897309
-1.680000 2637.700344
-1.670000 2610.449735
-1.660000 2583.153370
-1.650000 2555.819247
-1.640000 2528.455720
-1.630000 2501.070522
-1.620000 2473.671009
-1.610000 2446.264889
-1.600000 2418.859740
-1.590000 2391.462516
-1.580000 2364.080768
-1.570000 2336.721672
-1.560000 2309.391535
-1.550000 2282.097263
-1.540000 2254.845872
-1.530000 2227.643511
-1.520000 2200.496685
-1.510000 2173.411275
-1.500000 2146.393761
-1.490000 2119.450245
-1.480000 2092.585723
-1.470001 2065.806761
-1.460001 2039.118576
-1.450001 2012.526496
-1.440001 1986.035960
-1.430001 1959.652032
-1.420001 1933.379889
-1.410001 1907.224092
-1.400001 1881.189677
-1.390001 1855.281308
-1.380001 1829.503521
-1.370001 1803.860363
-1.360001 1778.356472
-1.350001 1752.995763
-1.340001 1727.782259
-1.330001 1702.719863
-1.320001 1677.812231
-1.310001 1653.063249
-1.300001 1628.476210
-1.290001 1604.054401
-1.280001 1579.801340
-1.270001 1555.719956
-1.260001 1531.813291
-1.250001 1508.084387
-1.240001 1484.535816
-1.230001 1461.170384
-1.220001 1437.990549
-1.210001 1414.998998
-1.200001 1392.197617
-1.190001 1369.588982
-1.180001 1347.174870
-1.170001 1324.957520
-1.160001 1302.938829
-1.150001 1281.120254
-1.140001 1259.503816
-1.130001 1238.090760
-1.120001 1216.882893
-1.110001 1195.881145
-1.100001 1175.087008
-1.090001 1154.501758
-1.080001 1134.126031
-1.070001 1113.961123
-1.060001 1094.007802
-1.050001 1074.266739
-1.040001 1054.738728
-1.030001 1035.424150
-1.020001 1016.323614
-1.010001 997.437531
-1.000001 978.766122
-0.990001 960.309624
-0.980001 942.068190
-0.970001 924.041888
-0.960001 906.230602
-0.950001 888.634238
-0.940001 871.252621
-0.930001 854.085500
-0.920001 837.132545
-0.910001 820.393158
-0.900001 803.867057
-0.890001 787.553501
-0.880001 771.451967
-0.870001 755.561674
-0.860001 739.881961
-0.850001 724.411824
-0.840001 709.150380
-0.830001 694.096866
-0.820001 679.250005
-0.810001 664.608822
-0.800001 650.172195
-0.790001 635.938858
-0.780001 621.907666
-0.770001 608.077246
-0.760001 594.446179
-0.750001 581.013164
-0.740001 567.776685
-0.730001 554.735345
-0.720001 541.887456
-0.710001 529.231535
-0.700001 516.765892
-0.690001 504.488882
-0.680001 492.398820
-0.670001 480.493983
-0.660001 468.772576
-0.650001 457.232771
-0.640001 445.872747
-0.630001 434.690652
-0.620001 423.684570
-0.610001 412.852557
-0.600001 402.192682
-0.590001 391.702989
-0.580001 381.381463
-0.570001 371.226106
-0.560001 361.234866
-0.550001 351.405707
-0.540001 341.736544
-0.530001 332.225310
-0.520001 322.869925
-0.510001 313.668265
-0.500001 304.618199
-0.490001 295.717616
-0.480001 286.964398
-0.470001 278.356364
-0.460001 269.891443
-0.450001 261.567446
-0.440001 253.382216
-0.430001 245.333645
-0.420002 237.419549
-0.410002 229.637825
-0.400002 221.986298
-0.390002 214.462872
-0.380002 207.065410
-0.370002 199.791782
-0.360002 192.639892
-0.350002 185.607654
-0.340002 178.692970
-0.330002 171.893779
-0.320002 165.207992
-0.310002 158.633617
-0.300002 152.168578
-0.290002 145.810915
-0.280002 139.558602
-0.270002 133.409688
-0.260002 127.362225
-0.250002 121.414287
-0.240002 115.563957
-0.230002 109.809372
-0.220002 104.148686
-0.210002 98.580060
-0.200002 93.101709
-0.190002 87.711853
-0.180002 82.408754
-0.170002 77.190705
-0.160002 72.056019
-0.150002 67.003055
-0.140002 62.030191
-0.130002 57.135850
-0.120002 52.318486
-0.110002 47.576584
-0.100002 42.908667
-0.090002 38.313292
-0.080002 33.789059
-0.070002 29.334600
-0.060002 24.948589
-0.050002 20.629738
-0.040002 16.376802
-0.030002 12.188570
-0.020002 8.063876
-0.010002 4.001596
-0.000002 0.000645
0.009998 -3.940018
0.019998 -7.821391
0.029998 -11.644429
0.039998 -15.410044
0.049998 -19.119103
0.059998 -22.772430
0.069998 -26.370805
0.079998 -29.914959
0.089998 -33.405582
0.099998 -36.843319
0.109998 -40.228768
0.119998 -43.562477
0.129998 -46.844952
0.139998 -50.076658
0.149998 -53.258007
0.159998 -56.389364
0.169998 -59.471045
0.179998 -62.503336
0.189998 -65.486457
0.199998 -68.420592
0.209998 -71.305874
0.219998 -74.142393
0.229998 -76.930196
0.239998 -79.669275
0.249998 -82.359580
0.259998 -85.001026
0.269998 -87.593461
0.279998 -90.136709
0.289998 -92.630531
0.299998 -95.074667
0.309998 -97.468781
0.319998 -99.812516
0.329998 -102.105477
0.339998 -104.347201
0.349998 -106.537184
0.359998 -108.674911
0.369998 -110.759803
0.379998 -112.791229
0.389998 -114.768540
0.399998 -116.691022
0.409998 -118.557946
0.419998 -120.368517
0.429998 -122.121942
0.439998 -123.817337
0.449998 -125.453832
0.459998 -127.030455
0.469998 -128.546305
0.479998 -130.000310
0.489998 -131.391472
0.499998 -132.718704
0.509998 -133.980923
0.519998 -135.176961
0.529998 -136.305671
0.539998 -137.365836
0.549998 -138.356257
0.559998 -139.275629
0.569998 -140.122710
0.579998 -140.896172
0.589998 -141.594673
0.599998 -142.216838
0.609998 -142.761295
0.619998 -143.226621
0.629998 -143.611398
0.639998 -143.914144
0.649998 -144.133407
0.659998 -144.267692
0.669998 -144.315458
0.679998 -144.275200
0.689998 -144.145383
0.699998 -143.924416
0.709998 -143.610744
0.719998 -143.202779
0.729998 -142.698914
0.739998 -142.097571
0.749998 -141.397122
0.759998 -140.595924
0.769998 -139.692366
0.779998 -138.684802
0.789998 -137.571624
0.799998 -136.351160
0.809998 -135.021777
0.819998 -133.581831
0.829998 -132.029716
0.839998 -130.363725
0.849998 -128.582291
0.859998 -126.683763
0.869998 -124.666529
0.879998 -122.528929
0.889998 -120.269428
0.899998 -117.886409
0.909998 -115.378278
0.919998 -112.743479
0.929998 -109.980446
0.939998 -107.087655
0.949998 -104.063624
0.959998 -100.906779
0.969998 -97.615715
0.979998 -94.188950
0.989998 -90.625051
0.999998 -86.922583
1.009998 -83.080189
1.019998 -79.096567
1.029998 -74.970311
1.039998 -70.700181
1.049998 -66.284859
1.059998 -61.723170
1.069998 -57.013945
1.079998 -52.155918
1.089998 -47.148130
1.099998 -41.989312
1.109998 -36.678583
1.119998 -31.214919
1.129998 -25.597254
1.139998 -19.824815
1.149998 -13.896710
1.159998 -7.812067
1.169998 -1.570091
1.179998 4.829769
1.189998 11.388289
1.199998 18.106082
1.209998 24.983676
1.219998 32.021660
1.229998 39.220305
1.239998 46.580082
1.249997 54.101433
1.259997 61.784448
1.269997 69.629386
1.279997 77.636385
1.289997 85.805487
1.299997 94.136727
1.309997 102.630013
1.319997 111.285272
1.329997 120.102272
1.339997 129.080769
1.349997 138.220179
1.359997 147.520468
1.369997 156.980811
1.379997 166.600785
1.389997 176.379771
1.399997 186.316948
1.409997 196.411417
1.419997 206.662681
1.429997 217.069253
1.439997 227.630351
1.449997 238.344864
1.459997 249.211477
1.469997 260.228787
1.479997 271.395607
1.489997 282.710298
1.499997 294.171376
1.509997 305.777142
1.519997 317.525686
1.529997 329.415432
1.539997 341.444223
1.549997 353.610054
1.559997 365.910822
1.569997 378.344270
1.579997 390.908166
1.589997 403.599937
1.599997 416.417157
1.609997 429.357177
1.619997 442.417436
1.629997 455.594902
1.639997 468.886570
1.649997 482.289696
1.659997 495.801070
1.669997 509.417380
1.679997 523.135545
1.689997 536.951744
1.699997 550.862628
1.709997 564.864895
1.719997 578.954172
1.729997 593.127067
1.739997 607.379481
1.749997 621.707329
1.759997 636.106659
1.769997 650.572696
1.779997 665.101756
1.789997 679.688850
1.799997 694.329600
1.809997 709.019047
1.819997 723.752836
1.829997 738.525675
1.839997 753.332756
1.849997 768.168928
1.859997 783.028818
1.869997 797.907294
1.879997 812.798770
1.889997 827.697667
1.899997 842.598418
1.909997 857.495464
1.919997 872.382561
1.929997 887.253823
1.939997 902.103259
1.949997 916.924767
1.959997 931.711805
1.969997 946.458290
1.979997 961.157134
1.989997 975.802495
1.999997 990.387304
2.009997 1004.904782
2.019997 1019.348213
2.029997 1033.710066
2.039997 1047.983426
2.049997 1062.161494
2.059997 1076.236389
2.069997 1090.201325
2.079997 1104.048127
2.089997 1117.769596
2.099997 1131.358113
2.109997 1144.805753
2.119997 1158.104290
2.129997 1171.246140
2.139997 1184.223205
2.149997 1197.027399
2.159997 1209.650139
2.169997 1222.083365
2.179997 1234.318524
2.189997 1246.346978
2.199997 1258.160404
2.209997 1269.750289
2.219997 1281.107156
2.229997 1292.222533
2.239997 1303.087852
2.249997 1313.693702
2.259997 1324.031073
2.269997 1334.090695
2.279997 1343.863597
2.289997 1353.340360
2.299997 1362.511681
2.309997 1371.367823
2.319997 1379.899710
2.329997 1388.097475
2.339997 1395.951375
2.349997 1403.452127
2.359997 1410.589516
2.369997 1417.353964
2.379997 1423.735831
2.389997 1429.724743
2.399997 1435.310788
2.409997 1440.484164
2.419997 1445.234848
2.429996 1449.552133
2.439996 1453.426553
2.449996 1456.847789
2.459996 1459.805025
2.469996 1462.288347
2.479996 1464.287786
2.489996 1465.792435
2.499996 1466.791968
2.509996 1467.276169
2.519996 1467.234646
2.529996 1466.656558
2.539996 1465.531893
2.549996 1463.849638
2.559996 1461.599735
2.569996 1458.771420
2.579996 1455.354454
2.589996 1451.337672
2.599996 1446.710570
2.609996 1441.463382
2.619996 1435.584582
2.629996 1429.064264
2.639996 1421.891542
2.649996 1414.055789
2.659996 1405.546733
2.669996 1396.353429
2.679996 1386.465738
2.689996 1375.873299
2.699996 1364.565027
2.709996 1352.530934
2.719996 1339.760419
2.729996 1326.243413
2.739996 1311.968896
2.749996 1296.926968
2.759996 1281.107364
2.769996 1264.499679
2.779996 1247.093570
2.789996 1228.879341
2.799996 1209.846401
2.809996 1189.984979
2.819996 1169.285172
2.829996 1147.736531
2.839996 1125.329525
2.849996 1102.054509
2.859996 1077.901478
2.869996 1052.860798
2.879996 1026.923155
2.889996 1000.078424
2.899996 972.317823
2.909996 943.631714
2.919996 914.010646
2.929996 883.445755
2.939996 851.927879
2.949996 819.448064
2.959996 785.997364
2.969996 751.567288
2.979996 716.148605
2.989996 679.733361
2.999996 642.312887
