-1.990000 -1989.814357
-1.980000 -1977.908414
-1.970000 -1965.775409
-1.960000 -1953.421009
-1.950000 -1940.852635
-1.940000 -1928.076762
-1.930000 -1915.099704
-1.920000 -1901.928528
-1.910000 -1888.569337
-1.900000 -1875.028759
-1.890000 -1861.313258
-1.880000 -1847.429250
-1.870000 -1833.382865
-1.860000 -1819.180295
-1.850000 -1804.828266
-1.840000 -1790.332515
-1.830000 -1775.699189
-1.820000 -1760.934264
-1.810000 -1746.043775
-1.800000 -1731.033939
-1.790000 -1715.910562
-1.780000 -1700.679028
-1.770000 -1685.345498
-1.760000 -1669.915478
-1.750000 -1654.394647
-1.740000 -1638.788869
-1.730000 -1623.103341
-1.720000 -1607.343437
-1.710000 -1591.514711
-1.700000 -1575.622530
-1.690000 -1559.672077
-1.680000 -1543.668470
-1.670000 -1527.617122
-1.660000 -1511.522655
-1.650000 -1495.390472
-1.640000 -1479.225304
-1.630000 -1463.031811
-1.620000 -1446.815072
-1.610000 -1430.579979
-1.600000 -1414.330743
-1.590000 -1398.072115
-1.580000 -1381.808655
-1.570000 -1365.544856
-1.560000 -1349.285013
-1.550000 -1333.033477
-1.540000 -1316.794405
-1.530000 -1300.572005
-1.520000 -1284.370290
-1.510000 -1268.193449
-1.500000 -1252.045351
-1.490000 -1235.929918
-1.480000 -1219.850636
-1.470001 -1203.811645
-1.460001 -1187.816407
-1.450001 -1171.868677
-1.440001 -1155.971650
-1.430001 -1140.129178
-1.420001 -1124.344312
-1.410001 -1108.620274
-1.400001 -1092.960575
-1.390001 -1077.368292
-1.380001 -1061.846429
-1.370001 -1046.398157
-1.360001 -1031.026098
-1.350001 -1015.733398
-1.340001 -1000.522652
-1.330001 -985.396744
-1.320001 -970.358187
-1.310001 -955.409775
-1.300001 -940.553643
-1.290001 -925.792563
-1.280001 -911.128702
-1.270001 -896.564454
-1.260001 -882.101906
-1.250001 -867.743425
-1.240001 -853.490841
-1.230001 -839.346265
-1.220001 -825.311737
-1.210001 -811.388995
-1.200001 -797.579885
-1.190001 -783.886123
-1.180001 -770.309472
-1.170001 -756.851288
-1.160001 -743.513312
-1.150001 -730.296933
-1.140001 -717.203534
-1.130001 -704.234539
-1.120001 -691.391087
-1.110001 -678.674417
-1.100001 -666.085648
-1.090001 -653.625889
-1.080001 -641.296132
-1.070001 -629.097304
-1.060001 -617.030270
-1.050001 -605.095888
-1.040001 -593.294844
-1.030001 -581.627926
-1.020001 -570.095648
-1.010001 -558.698778
-1.000001 -547.437558
-0.990001 -536.312688
-0.980001 -525.324398
-0.970001 -514.473067
-0.960001 -503.759065
-0.950001 -493.182554
-0.940001 -482.743644
-0.930001 -472.442538
-0.920001 -462.279284
-0.910001 -452.253878
-0.900001 -442.366264
-0.890001 -432.616332
-0.880001 -423.004018
-0.870001 -413.528969
-0.860001 -404.191065
-0.850001 -394.989997
-0.840001 -385.925360
-0.830001 -376.996771
-0.820001 -368.203824
-0.810001 -359.546020
-0.800001 -351.022792
-0.790001 -342.633617
-0.780001 -334.377821
-0.770001 -326.254771
-0.760001 -318.263771
-0.750001 -310.404040
-0.740001 -302.674801
-0.730001 -295.075214
-0.720001 -287.604423
-0.710001 -280.261531
-0.700001 -273.045604
-0.690001 -265.955614
-0.680001 -258.990575
-0.670001 -252.149444
-0.660001 -245.431147
-0.650001 -238.834501
-0.640001 -232.358438
-0.630001 -226.001714
-0.620001 -219.763159
-0.610001 -213.641506
-0.600001 -207.635475
-0.590001 -201.743792
-0.580001 -195.965122
-0.570001 -190.298103
-0.560001 -184.741349
-0.550001 -179.293481
-0.540001 -173.953064
-0.530001 -168.718639
-0.520001 -163.588727
-0.510001 -158.561856
-0.500001 -153.636506
-0.490001 -148.811136
-0.480001 -144.084185
-0.470001 -139.454091
-0.460001 -134.919275
-0.450001 -130.478126
-0.440001 -126.129032
-0.430001 -121.870340
-0.420002 -117.700437
-0.410002 -113.617631
-0.400002 -109.620257
-0.390002 -105.706651
-0.380002 -101.875102
-0.370002 -98.123915
-0.360002 -94.451384
-0.350002 -90.855774
-0.340002 -87.335376
-0.330002 -83.888443
-0.320002 -80.513253
-0.310002 -77.208059
-0.300002 -73.971112
-0.290002 -70.800667
-0.280002 -67.694971
-0.270002 -64.652275
-0.260002 -61.670826
-0.250002 -58.748869
-0.240002 -55.884650
-0.230002 -53.076424
-0.220002 -50.322443
-0.210002 -47.620961
-0.200002 -44.970242
-0.190002 -42.368547
-0.180002 -39.814145
-0.170002 -37.305314
-0.160002 -34.840339
-0.150002 -32.417506
-0.140002 -30.035114
-0.130002 -27.691471
-0.120002 -25.384896
-0.110002 -23.113713
-0.100002 -20.876260
-0.090002 -18.670888
-0.080002 -16.495957
-0.070002 -14.349843
-0.060002 -12.230932
-0.050002 -10.137628
-0.040002 -8.068346
-0.030002 -6.021518
-0.020002 -3.995592
-0.010002 -1.989033
-0.000002 -0.000322
0.009998 1.972043
0.019998 3.929545
0.029998 5.873648
0.039998 7.805797
0.049998 9.727418
0.059998 11.639916
0.069998 13.544676
0.079998 15.443062
0.089998 17.336415
0.099998 19.226057
0.109998 21.113280
0.119998 22.999364
0.129998 24.885556
0.139998 26.773087
0.149998 28.663154
0.159998 30.556939
0.169998 32.455591
0.179998 34.360241
0.189998 36.271987
0.199998 38.191909
0.209998 40.121050
0.219998 42.060439
0.229998 44.011065
0.239998 45.973899
0.249998 47.949880
0.259998 49.939913
0.269998 51.944894
0.279998 53.965670
0.289998 56.003066
0.299998 58.057889
0.309998 60.130895
0.319998 62.222834
0.329998 64.334404
0.339998 66.466296
0.349998 68.619153
0.359998 70.793592
0.369998 72.990202
0.379998 75.209549
0.389998 77.452161
0.399998 79.718523
0.409998 82.009114
0.419998 84.324366
0.429998 86.664683
0.439998 89.030439
0.449998 91.421979
0.459998 93.839621
0.469998 96.283633
0.479998 98.754281
0.489998 101.251769
0.499998 103.776293
0.509998 106.328024
0.519998 108.907062
0.529998 111.513517
0.539998 114.147460
0.549998 116.808897
0.559998 119.497868
0.569998 122.214325
0.579998 124.958217
0.589998 127.729449
0.599998 130.527911
0.609998 133.353447
0.619998 136.205889
0.629998 139.085030
0.639998 141.990614
0.649998 144.922402
0.659998 147.880083
0.669998 150.863330
0.679998 153.871802
0.689998 156.905109
0.699998 159.962830
0.709998 163.044548
0.719998 166.149799
0.729998 169.278071
0.739998 172.428864
0.749998 175.601624
0.759998 178.795777
0.769998 182.010726
0.779998 185.245835
0.789998 188.500487
0.799998 191.773976
0.809998 195.065613
0.819998 198.374640
0.829998 201.700388
0.839998 205.042008
0.849998 208.398761
0.859998 211.769798
0.869998 215.154265
0.879998 218.551337
0.889998 221.960120
0.899998 225.379698
0.909998 228.809159
0.919998 232.247545
0.929998 235.693881
0.939998 239.147245
0.949998 242.606573
0.959998 246.070834
0.969998 249.539075
0.979998 253.010131
0.989998 256.482991
0.999998 259.956557
1.009998 263.429788
1.019998 266.901452
1.029998 270.370479
1.039998 273.835658
1.049998 277.295947
1.059998 280.750081
1.069998 284.196913
1.079998 287.635262
1.089998 291.063879
1.099998 294.481505
1.109998 297.886979
1.119998 301.279104
1.129998 304.656511
1.139998 308.018069
1.149998 311.362475
1.159998 314.688307
1.169998 317.994554
1.179998 321.279753
1.189998 324.542690
1.199998 327.782030
1.209998 330.996552
1.219998 334.184801
1.229998 337.345691
1.239998 340.477792
1.249997 343.579816
1.259997 346.650444
1.269997 349.688417
1.279997 352.692330
1.289997 355.661043
1.299997 358.593153
1.309997 361.487409
1.319997 364.342443
1.329997 367.157011
1.339997 369.929842
1.349997 372.659644
1.359997 375.345126
1.369997 377.985099
1.379997 380.578167
1.389997 383.123244
1.399997 385.618952
1.409997 388.064043
1.419997 390.457368
1.429997 392.797759
1.439997 395.083879
1.449997 397.314674
1.459997 399.488860
1.469997 401.605379
1.479997 403.662913
1.489997 405.660495
1.499997 407.596926
1.509997 409.471056
1.519997 411.281934
1.529997 413.028380
1.539997 414.709326
1.549997 416.323781
1.559997 417.870713
1.569997 419.349170
1.579997 420.758068
1.589997 422.096558
1.599997 423.363688
1.609997 424.558438
1.619997 425.680054
1.629997 426.727624
1.639997 427.700257
1.649997 428.597118
1.659997 429.417519
1.669997 430.160615
1.679997 430.825736
1.689997 431.412000
1.699997 431.918913
1.709997 432.345647
1.719997 432.691673
1.729997 432.956341
1.739997 433.139089
1.749997 433.239445
1.759997 433.256728
1.769997 433.190557
1.779997 433.040404
1.789997 432.805949
1.799997 432.486728
1.809997 432.082368
1.819997 431.592736
1.829997 431.017201
1.839997 430.355787
1.849997 429.608196
1.859997 428.774078
1.869997 427.853647
1.879997 426.846421
1.889997 425.752448
1.899997 424.571583
1.909997 423.303979
1.919997 421.949705
1.929997 420.508785
1.939997 418.981223
1.949997 417.366977
1.959997 415.666698
1.969997 413.880278
1.979997 412.008076
1.989997 410.050487
1.999997 408.007529
2.009997 405.879822
2.019997 403.667841
2.029997 401.372009
2.039997 398.992483
2.049997 396.530416
2.059997 393.985914
2.069997 391.359694
2.079997 388.652488
2.089997 385.865013
2.099997 382.998055
2.109997 380.052233
2.119997 377.028494
2.129997 373.927623
2.139997 370.750779
2.149997 367.498700
2.159997 364.172221
2.169997 360.772855
2.179997 357.301295
2.189997 353.758781
2.199997 350.146597
2.209997 346.465645
2.219997 342.717759
2.229997 338.903442
2.239997 335.024823
2.249997 331.082672
2.259997 327.078927
2.269997 323.014522
2.279997 318.891266
2.289997 314.710812
2.299997 310.474603
2.309997 306.184199
2.319997 301.841559
2.329997 297.448077
2.339997 293.005727
2.349997 288.516146
2.359997 283.981365
2.369997 279.403126
2.379997 274.783452
2.389997 270.124234
2.399997 265.427510
2.409997 260.695356
2.419997 255.929706
2.429996 251.132857
2.439996 246.307002
2.449996 241.454039
2.459996 236.576687
2.469996 231.676790
2.479996 226.756997
2.489996 221.819298
2.499996 216.866464
2.509996 211.900727
2.519996 206.924437
2.529996 201.940474
2.539996 196.950886
2.549996 191.958603
2.559996 186.966179
2.569996 181.976009
2.579996 176.990974
2.589996 172.013717
2.599996 167.046999
2.609996 162.093592
2.619996 157.156241
2.629996 152.237916
2.639996 147.341257
2.649996 142.469280
2.659996 137.624905
2.669996 132.811097
2.679996 128.030775
2.689996 123.286839
2.699996 118.582545
2.709996 113.920649
2.719996 109.304540
2.729996 104.737068
2.739996 100.221475
2.749996 95.761000
2.759996 91.358488
2.769996 87.017466
2.779996 82.740932
2.789996 78.532294
2.799996 74.394527
2.809996 70.331156
2.819996 66.345270
2.829996 62.440222
2.839996 58.619491
2.849996 54.886153
2.859996 51.243633
2.869996 47.695406
2.879996 44.244642
2.889996 40.894860
2.899996 37.649328
2.909996 34.511580
2.919996 31.484853
2.929996 28.572734
2.939996 25.778633
2.949996 23.105742
2.959996 20.557690
2.969996 18.137824
2.979996 15.849586
2.989996 13.696462
2.999996 11.681850
