-1.990000 -181.777426
-1.980000 -186.542926
-1.970000 -191.236880
-1.960000 -195.857377
-1.950000 -200.403012
-1.940000 -204.872700
-1.930000 -209.264650
-1.920000 -213.577786
-1.910000 -217.810603
-1.900000 -221.962204
-1.890000 -226.031319
-1.880000 -230.016938
-1.870000 -233.917792
-1.860000 -237.733307
-1.850000 -241.462271
-1.840000 -245.103904
-1.830000 -248.657518
-1.820000 -252.122329
-1.810000 -255.497643
-1.800000 -258.782819
-1.790000 -261.977448
-1.780000 -265.080761
-1.770000 -268.092548
-1.760000 -271.012146
-1.750000 -273.839452
-1.740000 -276.574145
-1.730000 -279.215657
-1.720000 -281.764192
-1.710000 -284.219430
-1.700000 -286.581254
-1.690000 -288.849503
-1.680000 -291.024521
-1.670000 -293.106092
-1.660000 -295.094349
-1.650000 -296.989442
-1.640000 -298.791476
-1.630000 -300.500813
-1.620000 -302.117829
-1.610000 -303.642515
-1.600000 -305.075577
-1.590000 -306.417091
-1.580000 -307.667815
-1.570000 -308.827844
-1.560000 -309.898199
-1.550000 -310.878932
-1.540000 -311.770925
-1.530000 -312.574976
-1.520000 -313.291338
-1.510000 -313.921063
-1.500000 -314.464658
-1.490000 -314.923028
-1.480000 -315.296899
-1.470001 -315.587239
-1.460001 -315.794836
-1.450001 -315.920599
-1.440001 -315.965344
-1.430001 -315.930188
-1.420001 -315.816034
-1.410001 -315.623931
-1.400001 -315.354861
-1.390001 -315.009956
-1.380001 -314.590246
-1.370001 -314.096786
-1.360001 -313.530774
-1.350001 -312.893425
-1.340001 -312.185766
-1.330001 -311.409084
-1.320001 -310.564531
-1.310001 -309.653279
-1.300001 -308.676692
-1.290001 -307.635914
-1.280001 -306.532277
-1.270001 -305.367040
-1.260001 -304.141447
-1.250001 -302.856836
-1.240001 -301.514531
-1.230001 -300.115860
-1.220001 -298.662106
-1.210001 -297.154673
-1.200001 -295.594884
-1.190001 -293.984013
-1.180001 -292.323478
-1.170001 -290.614590
-1.160001 -288.858802
-1.150001 -287.057427
-1.140001 -285.211838
-1.130001 -283.323375
-1.120001 -281.393356
-1.110001 -279.423201
-1.100001 -277.414250
-1.090001 -275.367888
-1.080001 -273.285418
-1.070001 -271.168164
-1.060001 -269.017496
-1.050001 -266.834749
-1.040001 -264.621226
-1.030001 -262.378218
-1.020001 -260.107059
-1.010001 -257.809047
-1.000001 -255.485416
-0.990001 -253.137437
-0.980001 -250.766371
-0.970001 -248.373487
-0.960001 -245.959964
-0.950001 -243.527016
-0.940001 -241.075839
-0.930001 -238.607612
-0.920001 -236.123446
-0.910001 -233.624508
-0.900001 -231.111943
-0.890001 -228.586731
-0.880001 -226.050047
-0.870001 -223.502972
-0.860001 -220.946445
-0.850001 -218.381476
-0.840001 -215.809053
-0.830001 -213.230180
-0.820001 -210.645727
-0.810001 -208.056623
-0.800001 -205.463706
-0.790001 -202.867874
-0.780001 -200.269889
-0.770001 -197.670610
-0.760001 -195.070763
-0.750001 -192.471043
-0.740001 -189.872198
-0.730001 -187.274863
-0.720001 -184.679721
-0.710001 -182.087343
-0.700001 -179.498288
-0.690001 -176.913120
-0.680001 -174.332351
-0.670001 -171.756437
-0.660001 -169.185784
-0.650001 -166.620854
-0.640001 -164.061964
-0.630001 -161.509449
-0.620001 -158.963644
-0.610001 -156.424757
-0.600001 -153.893014
-0.590001 -151.368620
-0.580001 -148.851707
-0.570001 -146.342370
-0.560001 -143.840700
-0.550001 -141.346714
-0.540001 -138.860392
-0.530001 -136.381707
-0.520001 -133.910558
-0.510001 -131.446810
-0.500001 -128.990314
-0.490001 -126.540854
-0.480001 -124.098172
-0.470001 -121.662000
-0.460001 -119.231988
-0.450001 -116.807798
-0.440001 -114.388999
-0.430001 -111.975135
-0.420002 -109.565745
-0.410002 -107.160278
-0.400002 -104.758155
-0.390002 -102.358792
-0.380002 -99.961518
-0.370002 -97.565643
-0.360002 -95.170438
-0.350002 -92.775123
-0.340002 -90.378887
-0.330002 -87.980870
-0.320002 -85.580201
-0.310002 -83.175920
-0.300002 -80.767066
-0.290002 -78.352629
-0.280002 -75.931543
-0.270002 -73.502727
-0.260002 -71.065054
-0.250002 -68.617349
-0.240002 -66.158405
-0.230002 -63.686975
-0.220002 -61.201781
-0.210002 -58.701503
-0.200002 -56.184782
-0.190002 -53.650232
-0.180002 -51.096421
-0.170002 -48.521873
-0.160002 -45.925101
-0.150002 -43.304567
-0.140002 -40.658698
-0.130002 -37.985897
-0.120002 -35.284522
-0.110002 -32.552903
-0.100002 -29.789343
-0.090002 -26.992107
-0.080002 -24.159427
-0.070002 -21.289512
-0.060002 -18.380532
-0.050002 -15.430635
-0.040002 -12.437939
-0.030002 -9.400532
-0.020002 -6.316473
-0.010002 -3.183801
-0.000002 -0.000521
0.009998 3.235381
0.019998 6.525946
0.029998 9.873240
0.039998 13.279349
0.049998 16.746383
0.059998 20.276474
0.069998 23.871772
0.079998 27.534448
0.089998 31.266696
0.099998 35.070717
0.109998 38.948745
0.119998 42.903013
0.129998 46.935780
0.139998 51.049322
0.149998 55.245921
0.159998 59.527873
0.169998 63.897485
0.179998 68.357072
0.189998 72.908974
0.199998 77.555520
0.209998 82.299049
0.219998 87.141920
0.229998 92.086487
0.239998 97.135119
0.249998 102.290168
0.259998 107.554006
0.269998 112.928992
0.279998 118.417497
0.289998 124.021908
0.299998 129.744566
0.309998 135.587835
0.319998 141.554095
0.329998 147.645673
0.339998 153.864926
0.349998 160.214184
0.359998 166.695780
0.369998 173.312036
0.379998 180.065250
0.389998 186.957721
0.399998 193.991734
0.409998 201.169546
0.419998 208.493423
0.429998 215.965578
0.439998 223.588214
0.449998 231.363569
0.459998 239.293782
0.469998 247.381020
0.479998 255.627402
0.489998 264.035021
0.499998 272.605973
0.509998 281.342312
0.519998 290.246048
0.529998 299.319118
0.539998 308.563562
0.549998 317.981298
0.559998 327.574179
0.569998 337.344084
0.579998 347.292859
0.589998 357.422245
0.599998 367.734012
0.609998 378.229891
0.619998 388.911500
0.629998 399.780524
0.639998 410.838494
0.649998 422.086970
0.659998 433.527390
0.669998 445.161260
0.679998 456.989958
0.689998 469.014815
0.699998 481.237110
0.709998 493.658146
0.719998 506.279018
0.729998 519.100880
0.739998 532.124835
0.749998 545.351925
0.759998 558.783054
0.769998 572.419106
0.779998 586.260988
0.789998 600.309460
0.799998 614.565133
0.809998 629.028724
0.819998 643.700888
0.829998 658.582034
0.839998 673.672683
0.849998 688.973104
0.859998 704.483677
0.869998 720.204621
0.879998 736.136174
0.889998 752.278314
0.899998 768.631035
0.909998 785.194352
0.919998 801.968107
0.929998 818.952162
0.939998 836.146005
0.949998 853.549435
0.959998 871.161875
0.969998 888.982865
0.979998 907.011759
0.989998 925.247828
0.999998 943.690259
1.009998 962.338251
1.019998 981.190713
1.029998 1000.246671
1.039998 1019.504959
1.049998 1038.964320
1.059998 1058.623404
1.069998 1078.480879
1.079998 1098.535103
1.089998 1118.784557
1.099998 1139.227411
1.109998 1159.862174
1.119998 1180.686497
1.129998 1201.698806
1.139998 1222.896885
1.149998 1244.278306
1.159998 1265.841097
1.169998 1287.582741
1.179998 1309.500732
1.189998 1331.592462
1.199998 1353.855451
1.209998 1376.286546
1.219998 1398.883175
1.229998 1421.642206
1.239998 1444.560635
1.249997 1467.635118
1.259997 1490.862209
1.269997 1514.238820
1.279997 1537.761291
1.289997 1561.425974
1.299997 1585.229113
1.309997 1609.166964
1.319997 1633.235437
1.329997 1657.430692
1.339997 1681.748305
1.349997 1706.184100
1.359997 1730.733555
1.369997 1755.392634
1.379997 1780.156239
1.389997 1805.019878
1.399997 1829.978832
1.409997 1855.027791
1.419997 1880.162177
1.429997 1905.376581
1.439997 1930.665724
1.449997 1956.024339
1.459997 1981.447172
1.469997 2006.928129
1.479997 2032.461858
1.489997 2058.042289
1.499997 2083.663853
1.509997 2109.320259
1.519997 2135.005721
1.529997 2160.713366
1.539997 2186.437433
1.549997 2212.171320
1.559997 2237.908318
1.569997 2263.641855
1.579997 2289.365007
1.589997 2315.070986
1.599997 2340.753143
1.609997 2366.403748
1.619997 2392.015939
1.629997 2417.582262
1.639997 2443.095649
1.649997 2468.548192
1.659997 2493.932372
1.669997 2519.240563
1.679997 2544.464798
1.689997 2569.597491
1.699997 2594.630228
1.709997 2619.554742
1.719997 2644.363146
1.729997 2669.047216
1.739997 2693.598147
1.749997 2718.007761
1.759997 2742.267301
1.769997 2766.368160
1.779997 2790.301394
1.789997 2814.057731
1.799997 2837.628998
1.809997 2861.005505
1.819997 2884.178657
1.829997 2907.138587
1.839997 2929.876055
1.849997 2952.381966
1.859997 2974.646906
1.869997 2996.660440
1.879997 3018.413924
1.889997 3039.896997
1.899997 3061.099919
1.909997 3082.012872
1.919997 3102.625501
1.929997 3122.928523
1.939997 3142.911205
1.949997 3162.563204
1.959997 3181.874561
1.969997 3200.835016
1.979997 3219.433570
1.989997 3237.660730
1.999997 3255.505142
2.009997 3272.956551
2.019997 3290.003632
2.029997 3306.636674
2.039997 3322.844319
2.049997 3338.615599
2.059997 3353.939926
2.069997 3368.806441
2.079997 3383.203591
2.089997 3397.121062
2.099997 3410.546791
2.109997 3423.470788
2.119997 3435.881328
2.129997 3447.767283
2.139997 3459.117275
2.149997 3469.919285
2.159997 3480.163711
2.169997 3489.837653
2.179997 3498.930622
2.189997 3507.430888
2.199997 3515.327096
2.209997 3522.607479
2.219997 3529.261032
2.229997 3535.275951
2.239997 3540.640804
2.249997 3545.343766
2.259997 3549.374142
2.269997 3552.719704
2.279997 3555.368612
2.289997 3557.310503
2.299997 3558.532422
2.309997 3559.023629
2.319997 3558.772644
2.329997 3557.767283
2.339997 3555.996799
2.349997 3553.449382
2.359997 3550.112906
2.369997 3545.976985
2.379997 3541.028854
2.389997 3535.258152
2.399997 3528.653513
2.409997 3521.202612
2.419997 3512.894165
2.429996 3503.718194
2.439996 3493.661855
2.449996 3482.714908
2.459996 3470.865260
2.469996 3458.102117
2.479996 3444.415015
2.489996 3429.791435
2.499996 3414.221904
2.509996 3397.694329
2.519996 3380.198157
2.529996 3361.722877
2.539996 3342.257470
2.549996 3321.790997
2.559996 3300.313138
2.569996 3277.812832
2.579996 3254.280166
2.589996 3229.703988
2.599996 3204.074534
2.609996 3177.381839
2.619996 3149.615032
2.629996 3120.764337
2.639996 3090.819581
2.649996 3059.771163
2.659996 3027.609334
2.669996 2994.324000
2.679996 2959.905858
2.689996 2924.345690
2.699996 2887.633327
2.709996 2849.760619
2.719996 2810.717446
2.729996 2770.495259
2.739996 2729.085403
2.749996 2686.478398
2.759996 2642.666415
2.769996 2597.640621
2.779996 2551.392349
2.789996 2503.914114
2.799996 2455.197353
2.809996 2405.234014
2.819996 2354.016520
2.829996 2301.537272
2.839996 2247.788822
2.849996 2192.763735
2.859996 2136.454887
2.869996 2078.855314
2.879996 2019.958089
2.889996 1959.756954
2.899996 1898.244714
2.909996 1835.415466
2.919996 1771.263318
2.929996 1705.782007
2.939996 1638.965798
2.949996 1570.809142
2.959996 1501.306675
2.969996 1430.453473
2.979996 1358.243882
2.989996 1284.673632
2.999996 1209.737982
