-1.990000 -2004.477808
-1.980000 -1995.157860
-1.970000 -1985.642691
-1.960000 -1975.938254
-1.950000 -1966.049986
-1.940000 -1955.983489
-1.930000 -1945.744074
-1.920000 -1935.337901
-1.910000 -1924.769697
-1.900000 -1914.045269
-1.890000 -1903.169670
-1.880000 -1892.148352
-1.870000 -1880.986468
-1.860000 -1869.688641
-1.850000 -1858.260826
-1.840000 -1846.707043
-1.830000 -1835.032885
-1.820000 -1823.242702
-1.810000 -1811.341721
-1.800000 -1799.334155
-1.790000 -1787.225098
-1.780000 -1775.018862
-1.770000 -1762.719930
-1.760000 -1750.332956
-1.750000 -1737.861804
-1.740000 -1725.311473
-1.730000 -1712.685691
-1.720000 -1699.988837
-1.710000 -1687.224740
-1.700000 -1674.397644
-1.690000 -1661.511481
-1.680000 -1648.570117
-1.670000 -1635.577345
-1.660000 -1622.536893
-1.650000 -1609.452418
-1.640000 -1596.327509
-1.630000 -1583.165931
-1.620000 -1569.970649
-1.610000 -1556.745535
-1.600000 -1543.493905
-1.590000 -1530.218764
-1.580000 -1516.923538
-1.570000 -1503.611096
-1.560000 -1490.284852
-1.550000 -1476.947421
-1.540000 -1463.602082
-1.530000 -1450.251562
-1.520000 -1436.898398
-1.510000 -1423.545797
-1.500000 -1410.196165
-1.490000 -1396.852091
-1.480000 -1383.516342
-1.470001 -1370.191011
-1.460001 -1356.878861
-1.450001 -1343.582103
-1.440001 -1330.302887
-1.430001 -1317.043666
-1.420001 -1303.806466
-1.410001 -1290.593495
-1.400001 -1277.406661
-1.390001 -1264.248051
-1.380001 -1251.119573
-1.370001 -1238.023078
-1.360001 -1224.960357
-1.350001 -1211.933264
-1.340001 -1198.943359
-1.330001 -1185.992381
-1.320001 -1173.082017
-1.310001 -1160.213304
-1.300001 -1147.388292
-1.290001 -1134.608148
-1.280001 -1121.874225
-1.270001 -1109.187824
-1.260001 -1096.550309
-1.250001 -1083.962880
-1.240001 -1071.426683
-1.230001 -1058.942819
-1.220001 -1046.512340
-1.210001 -1034.136249
-1.200001 -1021.815505
-1.190001 -1009.551247
-1.180001 -997.344114
-1.170001 -985.194928
-1.160001 -973.104694
-1.150001 -961.074148
-1.140001 -949.103649
-1.130001 -937.194186
-1.120001 -925.346482
-1.110001 -913.560781
-1.100001 -901.837893
-1.090001 -890.178263
-1.080001 -878.582297
-1.070001 -867.050585
-1.060001 -855.583408
-1.050001 -844.181127
-1.040001 -832.844170
-1.030001 -821.572829
-1.020001 -810.367364
-1.010001 -799.228005
-1.000001 -788.154954
-0.990001 -777.148381
-0.980001 -766.208534
-0.970001 -755.335427
-0.960001 -744.529254
-0.950001 -733.790080
-0.940001 -723.117946
-0.930001 -712.512872
-0.920001 -701.974904
-0.910001 -691.503966
-0.900001 -681.100112
-0.890001 -670.763226
-0.880001 -660.493272
-0.870001 -650.290102
-0.860001 -640.153690
-0.850001 -630.083856
-0.840001 -620.080539
-0.830001 -610.143485
-0.820001 -600.272561
-0.810001 -590.467623
-0.800001 -580.728467
-0.790001 -571.054880
-0.780001 -561.446683
-0.770001 -551.903602
-0.760001 -542.425439
-0.750001 -533.011946
-0.740001 -523.662913
-0.730001 -514.378036
-0.720001 -505.157135
-0.710001 -495.999900
-0.700001 -486.906099
-0.690001 -477.875418
-0.680001 -468.907661
-0.670001 -460.002512
-0.660001 -451.159732
-0.650001 -442.379047
-0.640001 -433.660181
-0.630001 -425.002900
-0.620001 -416.406900
-0.610001 -407.871986
-0.600001 -399.397862
-0.590001 -390.984309
-0.580001 -382.631043
-0.570001 -374.337857
-0.560001 -366.104581
-0.550001 -357.930922
-0.540001 -349.816694
-0.530001 -341.761690
-0.520001 -333.765741
-0.510001 -325.828629
-0.500001 -317.950267
-0.490001 -310.130371
-0.480001 -302.368936
-0.470001 -294.665735
-0.460001 -287.020672
-0.450001 -279.433636
-0.440001 -271.904558
-0.430001 -264.433382
-0.420002 -257.020016
-0.410002 -249.664413
-0.400002 -242.366589
-0.390002 -235.126482
-0.380002 -227.944143
-0.370002 -220.819570
-0.360002 -213.752847
-0.350002 -206.743992
-0.340002 -199.793145
-0.330002 -192.900365
-0.320002 -186.065791
-0.310002 -179.289583
-0.300002 -172.571881
-0.290002 -165.912887
-0.280002 -159.312822
-0.270002 -152.771878
-0.260002 -146.290354
-0.250002 -139.868487
-0.240002 -133.506593
-0.230002 -127.204984
-0.220002 -120.964013
-0.210002 -114.784056
-0.200002 -108.665474
-0.190002 -102.608715
-0.180002 -96.614191
-0.170002 -90.682371
-0.160002 -84.813749
-0.150002 -79.008832
-0.140002 -73.268152
-0.130002 -67.592265
-0.120002 -61.981763
-0.110002 -56.437241
-0.100002 -50.959343
-0.090002 -45.548716
-0.080002 -40.206047
-0.070002 -34.932037
-0.060002 -29.727416
-0.050002 -24.592938
-0.040002 -19.529382
-0.030002 -14.537549
-0.020002 -9.618265
-0.010002 -4.772380
-0.000002 -0.000769
0.009998 4.695672
0.019998 9.316023
0.029998 13.859338
0.039998 18.324654
0.049998 22.710978
0.059998 27.017299
0.069998 31.242584
0.079998 35.385778
0.089998 39.445803
0.099998 43.421560
0.109998 47.311929
0.119998 51.115770
0.129998 54.831922
0.139998 58.459211
0.149998 61.996431
0.159998 65.442361
0.169998 68.795766
0.179998 72.055397
0.189998 75.219969
0.199998 78.288198
0.209998 81.258780
0.219998 84.130383
0.229998 86.901676
0.239998 89.571309
0.249998 92.137895
0.259998 94.600065
0.269998 96.956423
0.279998 99.205557
0.289998 101.346040
0.299998 103.376452
0.309998 105.295345
0.319998 107.101260
0.329998 108.792748
0.339998 110.368310
0.349998 111.826490
0.359998 113.165785
0.369998 114.384714
0.379998 115.481761
0.389998 116.455433
0.399998 117.304216
0.409998 118.026574
0.419998 118.621020
0.429998 119.086028
0.439998 119.420056
0.449998 119.621614
0.459998 119.689134
0.469998 119.621140
0.479998 119.416094
0.489998 119.072485
0.499998 118.588793
0.509998 117.963515
0.519998 117.195152
0.529998 116.282212
0.539998 115.223192
0.549998 114.016617
0.559998 112.661022
0.569998 111.154938
0.579998 109.496905
0.589998 107.685507
0.599998 105.719328
0.609998 103.596911
0.619998 101.316885
0.629998 98.877875
0.639998 96.278508
0.649998 93.517425
0.659998 90.593327
0.669998 87.504874
0.679998 84.250808
0.689998 80.829850
0.699998 77.240729
0.709998 73.482272
0.719998 69.553253
0.729998 65.452514
0.739998 61.178940
0.749998 56.731368
0.759998 52.108718
0.769998 47.309967
0.779998 42.334058
0.789998 37.180028
0.799998 31.846886
0.809998 26.333737
0.819998 20.639701
0.829998 14.763891
0.839998 8.705500
0.849998 2.463736
0.859998 -3.962107
0.869998 -10.572762
0.879998 -17.368878
0.889998 -24.351035
0.899998 -31.519865
0.909998 -38.875813
0.919998 -46.419422
0.929998 -54.151188
0.939998 -62.071367
0.949998 -70.180360
0.959998 -78.478420
0.969998 -86.965850
0.979998 -95.642851
0.989998 -104.509471
0.999998 -113.565805
1.009998 -122.811892
1.019998 -132.247822
1.029998 -141.873316
1.039998 -151.688350
1.049998 -161.692684
1.059998 -171.886072
1.069998 -182.268208
1.079998 -192.838670
1.089998 -203.597029
1.099998 -214.542792
1.109998 -225.675403
1.119998 -236.994185
1.129998 -248.498396
1.139998 -260.187281
1.149998 -272.060130
1.159998 -284.115943
1.169998 -296.353762
1.179998 -308.772556
1.189998 -321.371115
1.199998 -334.148379
1.209998 -347.102992
1.219998 -360.233750
1.229998 -373.539093
1.239998 -387.017610
1.249997 -400.667761
1.259997 -414.487872
1.269997 -428.476306
1.279997 -442.631117
1.289997 -456.950572
1.299997 -471.432800
1.309997 -486.075558
1.319997 -500.876994
1.329997 -515.834701
1.339997 -530.946548
1.349997 -546.210082
1.359997 -561.623007
1.369997 -577.182586
1.379997 -592.886476
1.389997 -608.731771
1.399997 -624.715960
1.409997 -640.835846
1.419997 -657.088868
1.429997 -673.471779
1.439997 -689.981605
1.449997 -706.614803
1.459997 -723.368466
1.469997 -740.239241
1.479997 -757.223319
1.489997 -774.317291
1.499997 -791.517902
1.509997 -808.820834
1.519997 -826.222655
1.529997 -843.719357
1.539997 -861.306842
1.549997 -878.981288
1.559997 -896.738174
1.569997 -914.573622
1.579997 -932.483051
1.589997 -950.461915
1.599997 -968.506065
1.609997 -986.610407
1.619997 -1004.770614
1.629997 -1022.981594
1.639997 -1041.238716
1.649997 -1059.536832
1.659997 -1077.870887
1.669997 -1096.235736
1.679997 -1114.626144
1.689997 -1133.036545
1.699997 -1151.462010
1.709997 -1169.896795
1.719997 -1188.335067
1.729997 -1206.771386
1.739997 -1225.199746
1.749997 -1243.614529
1.759997 -1262.009554
1.769997 -1280.378788
1.779997 -1298.716355
1.789997 -1317.015811
1.799997 -1335.270629
1.809997 -1353.475147
1.819997 -1371.622193
1.829997 -1389.705458
1.839997 -1407.718081
1.849997 -1425.653819
1.859997 -1443.505644
1.869997 -1461.266444
1.879997 -1478.929265
1.889997 -1496.487301
1.899997 -1513.933434
1.909997 -1531.260236
1.919997 -1548.460662
1.929997 -1565.526900
1.939997 -1582.451980
1.949997 -1599.227943
1.959997 -1615.847662
1.969997 -1632.303257
1.979997 -1648.586777
1.989997 -1664.690650
1.999997 -1680.607227
2.009997 -1696.328250
2.019997 -1711.845675
2.029997 -1727.151120
2.039997 -1742.236881
2.049997 -1757.095183
2.059997 -1771.716451
2.069997 -1786.093433
2.079997 -1800.217087
2.089997 -1814.079384
2.099997 -1827.671802
2.109997 -1840.985135
2.119997 -1854.011385
2.129997 -1866.741445
2.139997 -1879.166991
2.149997 -1891.278815
2.159997 -1903.068280
2.169997 -1914.526491
2.179997 -1925.644304
2.189997 -1936.412534
2.199997 -1946.822749
2.209997 -1956.865668
2.219997 -1966.531783
2.229997 -1975.812133
2.239997 -1984.697525
2.249997 -1993.179105
2.259997 -2001.246844
2.269997 -2008.892010
2.279997 -2016.104711
2.289997 -2022.876328
2.299997 -2029.196732
2.309997 -2035.056878
2.319997 -2040.447323
2.329997 -2045.358604
2.339997 -2049.780885
2.349997 -2053.705194
2.359997 -2057.121491
2.369997 -2060.020590
2.379997 -2062.392607
2.389997 -2064.228495
2.399997 -2065.517857
2.409997 -2066.252118
2.419997 -2066.420884
2.429996 -2066.015068
2.439996 -2065.024773
2.449996 -2063.440589
2.459996 -2061.252638
2.469996 -2058.451822
2.479996 -2055.028433
2.489996 -2050.972778
2.499996 -2046.275185
2.509996 -2040.926439
2.519996 -2034.916899
2.529996 -2028.237514
2.539996 -2020.877848
2.549996 -2012.829180
2.559996 -2004.081972
2.569996 -1994.626854
2.579996 -1984.454228
2.589996 -1973.555572
2.599996 -1961.920838
2.609996 -1949.540811
2.619996 -1936.406803
2.629996 -1922.508942
2.639996 -1907.838862
2.649996 -1892.387042
2.659996 -1876.144500
2.669996 -1859.102749
2.679996 -1841.252457
2.689996 -1822.584811
2.699996 -1803.091268
2.709996 -1782.762923
2.719996 -1761.591357
2.729996 -1739.567809
2.739996 -1716.683800
2.749996 -1692.931114
2.759996 -1668.301227
2.769996 -1642.785892
2.779996 -1616.376773
2.789996 -1589.066477
2.799996 -1560.846153
2.809996 -1531.708404
2.819996 -1501.645101
2.829996 -1470.648844
2.839996 -1438.711862
2.849996 -1405.826501
2.859996 -1371.985639
2.869996 -1337.181697
2.879996 -1301.407750
2.889996 -1264.656460
2.899996 -1226.920991
2.909996 -1188.194382
2.919996 -1148.470133
2.929996 -1107.741420
2.939996 -1066.001774
2.949996 -1023.245044
2.959996 -979.464817
2.969996 -934.655103
2.979996 -888.809790
2.989996 -841.923242
2.999996 -793.989787
