-1.990000 2034.755810
-1.980000 1999.478285
-1.970000 1964.120720
-1.960000 1928.698933
-1.950000 1893.227914
-1.940000 1857.724326
-1.930000 1822.203105
-1.920000 1786.679499
-1.910000 1751.168045
-1.900000 1715.683935
-1.890000 1680.240725
-1.880000 1644.852744
-1.870000 1609.534297
-1.860000 1574.298029
-1.850000 1539.157955
-1.840000 1504.126893
-1.830000 1469.217513
-1.820000 1434.441980
-1.810000 1399.813144
-1.800000 1365.342758
-1.790000 1331.042192
-1.780000 1296.923381
-1.770000 1262.996802
-1.760000 1229.273857
-1.750000 1195.765208
-1.740000 1162.481128
-1.730000 1129.431263
-1.720000 1096.625954
-1.710000 1064.074558
-1.700000 1031.786160
-1.690000 999.770674
-1.680000 968.035568
-1.670000 936.590227
-1.660000 905.442561
-1.650000 874.600824
-1.640000 844.072523
-1.630000 813.864781
-1.620000 783.985438
-1.610000 754.440853
-1.600000 725.238228
-1.590000 696.383653
-1.580000 667.883330
-1.570000 639.742961
-1.560000 611.968730
-1.550000 584.565590
-1.540000 557.538737
-1.530000 530.893237
-1.520000 504.633758
-1.510000 478.764572
-1.500000 453.290041
-1.490000 428.213709
-1.480000 403.539671
-1.470001 379.271297
-1.460001 355.411903
-1.450001 331.964027
-1.440001 308.930764
-1.430001 286.314675
-1.420001 264.117912
-1.410001 242.342706
-1.400001 220.990763
-1.390001 200.063507
-1.380001 179.562867
-1.370001 159.489775
-1.360001 139.845012
-1.350001 120.629564
-1.340001 101.843973
-1.330001 83.488751
-1.320001 65.563617
-1.310001 48.068919
-1.300001 31.004272
-1.290001 14.369161
-1.280001 -1.836831
-1.270001 -17.614660
-1.260001 -32.965525
-1.250001 -47.890169
-1.240001 -62.390270
-1.230001 -76.467276
-1.220001 -90.122984
-1.210001 -103.359129
-1.200001 -116.177961
-1.190001 -128.581550
-1.180001 -140.572298
-1.170001 -152.152879
-1.160001 -163.325783
-1.150001 -174.094074
-1.140001 -184.460600
-1.130001 -194.428521
-1.120001 -204.001085
-1.110001 -213.181844
-1.100001 -221.974317
-1.090001 -230.382050
-1.080001 -238.408961
-1.070001 -246.059064
-1.060001 -253.336307
-1.050001 -260.244918
-1.040001 -266.789186
-1.030001 -272.973563
-1.020001 -278.802530
-1.010001 -284.280673
-1.000001 -289.412731
-0.990001 -294.203540
-0.980001 -298.658003
-0.970001 -302.781141
-0.960001 -306.578032
-0.950001 -310.053768
-0.940001 -313.213716
-0.930001 -316.063194
-0.920001 -318.607499
-0.910001 -320.852213
-0.900001 -322.802791
-0.890001 -324.464869
-0.880001 -325.844097
-0.870001 -326.946199
-0.860001 -327.776906
-0.850001 -328.341997
-0.840001 -328.647390
-0.830001 -328.698970
-0.820001 -328.502662
-0.810001 -328.064360
-0.800001 -327.390186
-0.790001 -326.486091
-0.780001 -325.358115
-0.770001 -324.012362
-0.760001 -322.454869
-0.750001 -320.691810
-0.740001 -318.729204
-0.730001 -316.573221
-0.720001 -314.229953
-0.710001 -311.705533
-0.700001 -309.006070
-0.690001 -306.137668
-0.680001 -303.106457
-0.670001 -299.918462
-0.660001 -296.579805
-0.650001 -293.096532
-0.640001 -289.474665
-0.630001 -285.720186
-0.620001 -281.839100
-0.610001 -277.837347
-0.600001 -273.720830
-0.590001 -269.495416
-0.580001 -265.166934
-0.570001 -260.741199
-0.560001 -256.223917
-0.550001 -251.620809
-0.540001 -246.937511
-0.530001 -242.179591
-0.520001 -237.352621
-0.510001 -232.462020
-0.500001 -227.513237
-0.490001 -222.511567
-0.480001 -217.462352
-0.470001 -212.370734
-0.460001 -207.241899
-0.450001 -202.080843
-0.440001 -196.892596
-0.430001 -191.682039
-0.420002 -186.453974
-0.410002 -181.213155
-0.400002 -175.964224
-0.390002 -170.711733
-0.380002 -165.460148
-0.370002 -160.213847
-0.360002 -154.977118
-0.350002 -149.754105
-0.340002 -144.548931
-0.330002 -139.365554
-0.320002 -134.207868
-0.310002 -129.079637
-0.300002 -123.984526
-0.290002 -118.926110
-0.280002 -113.907823
-0.270002 -108.933026
-0.260002 -104.004921
-0.250002 -99.126644
-0.240002 -94.301186
-0.230002 -89.531418
-0.220002 -84.820131
-0.210002 -80.169947
-0.200002 -75.583404
-0.190002 -71.062896
-0.180002 -66.610717
-0.170002 -62.229015
-0.160002 -57.919829
-0.150002 -53.685064
-0.140002 -49.526503
-0.130002 -45.445799
-0.120002 -41.444489
-0.110002 -37.523964
-0.100002 -33.685496
-0.090002 -29.930226
-0.080002 -26.259166
-0.070002 -22.673197
-0.060002 -19.173069
-0.050002 -15.759403
-0.040002 -12.432685
-0.030002 -9.193273
-0.020002 -6.041394
-0.010002 -2.977141
-0.000002 -0.000476
0.009998 2.888768
0.019998 5.690894
0.029998 8.406330
0.039998 11.035642
0.049998 13.579519
0.059998 16.038788
0.069998 18.414400
0.079998 20.707439
0.089998 22.919115
0.099998 25.050770
0.109998 27.103869
0.119998 29.080007
0.129998 30.980909
0.139998 32.808414
0.149998 34.564494
0.159998 36.251246
0.169998 37.870885
0.179998 39.425745
0.189998 40.918287
0.199998 42.351088
0.209998 43.726846
0.219998 45.048365
0.229998 46.318578
0.239998 47.540529
0.249998 48.717365
0.259998 49.852350
0.269998 50.948866
0.279998 52.010385
0.289998 53.040508
0.299998 54.042910
0.309998 55.021407
0.319998 55.979879
0.329998 56.922326
0.339998 57.852838
0.349998 58.775604
0.359998 59.694901
0.369998 60.615103
0.379998 61.540671
0.389998 62.476161
0.399998 63.426183
0.409998 64.395465
0.419998 65.388796
0.429998 66.411045
0.439998 67.467165
0.449998 68.562167
0.459998 69.701147
0.469998 70.889259
0.479998 72.131721
0.489998 73.433820
0.499998 74.800896
0.509998 76.238365
0.519998 77.751670
0.529998 79.346319
0.539998 81.027871
0.549998 82.801924
0.559998 84.674134
0.569998 86.650176
0.579998 88.735774
0.589998 90.936690
0.599998 93.258724
0.609998 95.707663
0.619998 98.289377
0.629998 101.009708
0.639998 103.874560
0.649998 106.889817
0.659998 110.061375
0.669998 113.395205
0.679998 116.897153
0.689998 120.573245
0.699998 124.429318
0.709998 128.471369
0.719998 132.705270
0.729998 137.136921
0.739998 141.772260
0.749998 146.617135
0.759998 151.677395
0.769998 156.958875
0.779998 162.467381
0.789998 168.208701
0.799998 174.188520
0.809998 180.412619
0.819998 186.886538
0.829998 193.616015
0.839998 200.606518
0.849998 207.863617
0.859998 215.392740
0.869998 223.199275
0.879998 231.288570
0.889998 239.665909
0.899998 248.336435
0.909998 257.305309
0.919998 266.577596
0.929998 276.158204
0.939998 286.052080
0.949998 296.263985
0.959998 306.798539
0.969998 317.660514
0.979998 328.854236
0.989998 340.384305
0.999998 352.254886
1.009998 364.470189
1.019998 377.034283
1.029998 389.951227
1.039998 403.224726
1.049998 416.858568
1.059998 430.856366
1.069998 445.221439
1.079998 459.957324
1.089998 475.067257
1.099998 490.553960
1.109998 506.420575
1.119998 522.669771
1.129998 539.304399
1.139998 556.326550
1.149998 573.738761
1.159998 591.543081
1.169998 609.741504
1.179998 628.335972
1.189998 647.327860
1.199998 666.718710
1.209998 686.510001
1.219998 706.702577
1.229998 727.297673
1.239998 748.295763
1.249997 769.697361
1.259997 791.503140
1.269997 813.713114
1.279997 836.327215
1.289997 859.345058
1.299997 882.766406
1.309997 906.590818
1.319997 930.816938
1.329997 955.444142
1.339997 980.471002
1.349997 1005.895992
1.359997 1031.717484
1.369997 1057.933514
1.379997 1084.541891
1.389997 1111.540197
1.399997 1138.926149
1.409997 1166.696509
1.419997 1194.848290
1.429997 1223.378387
1.439997 1252.283100
1.449997 1281.558606
1.459997 1311.201208
1.469997 1341.206114
1.479997 1371.569138
1.489997 1402.285480
1.499997 1433.350215
1.509997 1464.757681
1.519997 1496.503058
1.529997 1528.580055
1.539997 1560.982612
1.549997 1593.704900
1.559997 1626.739856
1.569997 1660.080891
1.579997 1693.721397
1.589997 1727.653406
1.599997 1761.869786
1.609997 1796.362163
1.619997 1831.123119
1.629997 1866.143383
1.639997 1901.415247
1.649997 1936.929759
1.659997 1972.676724
1.669997 2008.647382
1.679997 2044.832460
1.689997 2081.221078
1.699997 2117.803662
1.709997 2154.569278
1.719997 2191.507202
1.729997 2228.605959
1.739997 2265.855488
1.749997 2303.242566
1.759997 2340.756344
1.769997 2378.384501
1.779997 2416.114205
1.789997 2453.933072
1.799997 2491.828680
1.809997 2529.786436
1.819997 2567.793855
1.829997 2605.836759
1.839997 2643.901173
1.849997 2681.972854
1.859997 2720.036825
1.869997 2758.079014
1.879997 2796.083675
1.889997 2834.035508
1.899997 2871.919405
1.909997 2909.718612
1.919997 2947.417501
1.929997 2984.999264
1.939997 3022.447298
1.949997 3059.744969
1.959997 3096.875611
1.969997 3133.820496
1.979997 3170.562237
1.989997 3207.083861
1.999997 3243.366137
2.009997 3279.391851
2.019997 3315.140770
2.029997 3350.594326
2.039997 3385.733881
2.049997 3420.540120
2.059997 3454.992632
2.069997 3489.073149
2.079997 3522.759522
2.089997 3556.033024
2.099997 3588.872987
2.109997 3621.257480
2.119997 3653.167510
2.129997 3684.579893
2.139997 3715.474163
2.149997 3745.829219
2.159997 3775.622122
2.169997 3804.831782
2.179997 3833.435688
2.189997 3861.412341
2.199997 3888.738055
2.209997 3915.389779
2.219997 3941.346234
2.229997 3966.582831
2.239997 3991.076770
2.249997 4014.805069
2.259997 4037.743814
2.269997 4059.868945
2.279997 4081.156998
2.289997 4101.584713
2.299997 4121.125377
2.309997 4139.756919
2.319997 4157.454548
2.329997 4174.191936
2.339997 4189.946905
2.349997 4204.692888
2.359997 4218.405333
2.369997 4231.059561
2.379997 4242.629761
2.389997 4253.091046
2.399997 4262.418419
2.409997 4270.585797
2.419997 4277.567040
2.429996 4283.337870
2.439996 4287.871667
2.449996 4291.142724
2.459996 4293.125882
2.469996 4293.794375
2.479996 4293.122932
2.489996 4291.085613
2.499996 4287.656145
2.509996 4282.807948
2.519996 4276.515869
2.529996 4268.752721
2.539996 4259.493579
2.549996 4248.712083
2.559996 4236.381080
2.569996 4222.475602
2.579996 4206.969584
2.589996 4189.836213
2.599996 4171.049753
2.609996 4150.584734
2.619996 4128.413738
2.629996 4104.512366
2.639996 4078.854758
2.649996 4051.412806
2.659996 4022.164068
2.669996 3991.080609
2.679996 3958.137354
2.689996 3923.309709
2.699996 3886.571014
2.709996 3847.896449
2.719996 3807.261269
2.729996 3764.640025
2.739996 3720.007046
2.749996 3673.339471
2.759996 3624.610396
2.769996 3573.796825
2.779996 3520.873351
2.789996 3465.817189
2.799996 3408.602632
2.809996 3349.207194
2.819996 3287.606261
2.829996 3223.776719
2.839996 3157.695326
2.849996 3089.339605
2.859996 3018.685591
2.869996 2945.711260
2.879996 2870.394492
2.889996 2792.712390
2.899996 2712.643819
2.909996 2630.166438
2.919996 2545.259351
2.929996 2457.901241
2.939996 2368.071494
2.949996 2275.749185
2.959996 2180.914462
2.969996 2083.547362
2.979996 1983.627443
2.989996 1881.136690
2.999996 1776.054895
