-1.990000 1610.498052
-1.980000 1593.630704
-1.970000 1576.689475
-1.960000 1559.683203
-1.950000 1542.619678
-1.940000 1525.506760
-1.930000 1508.353298
-1.920000 1491.166168
-1.910000 1473.953922
-1.900000 1456.723357
-1.890000 1439.481571
-1.880000 1422.236904
-1.870000 1404.994991
-1.860000 1387.764104
-1.850000 1370.550033
-1.840000 1353.359583
-1.830000 1336.199405
-1.820000 1319.075530
-1.810000 1301.994069
-1.800000 1284.961221
-1.790000 1267.982556
-1.780000 1251.063969
-1.770000 1234.210965
-1.760000 1217.428899
-1.750000 1200.722973
-1.740000 1184.098001
-1.730000 1167.559125
-1.720000 1151.111098
-1.710000 1134.758526
-1.700000 1118.506107
-1.690000 1102.357665
-1.680000 1086.317604
-1.670000 1070.390427
-1.660000 1054.579276
-1.650000 1038.888362
-1.640000 1023.321025
-1.630000 1007.880888
-1.620000 992.571126
-1.610000 977.395201
-1.600000 962.355765
-1.590000 947.455940
-1.580000 932.698468
-1.570000 918.085952
-1.560000 903.620739
-1.550000 889.305164
-1.540000 875.141795
-1.530000 861.132458
-1.520000 847.278970
-1.510000 833.583691
-1.500000 820.047694
-1.490000 806.672840
-1.480000 793.460562
-1.470001 780.412044
-1.460001 767.528840
-1.450001 754.811588
-1.440001 742.261662
-1.430001 729.879467
-1.420001 717.666140
-1.410001 705.622041
-1.400001 693.747777
-1.390001 682.043725
-1.380001 670.510214
-1.370001 659.147343
-1.360001 647.955229
-1.350001 636.933704
-1.340001 626.082796
-1.330001 615.402313
-1.320001 604.891730
-1.310001 594.550719
-1.300001 584.378681
-1.290001 574.375162
-1.280001 564.539379
-1.270001 554.870404
-1.260001 545.367513
-1.250001 536.029664
-1.240001 526.855850
-1.230001 517.844866
-1.220001 508.995543
-1.210001 500.306637
-1.200001 491.776712
-1.190001 483.404375
-1.180001 475.188050
-1.170001 467.126259
-1.160001 459.217291
-1.150001 451.459510
-1.140001 443.851048
-1.130001 436.390175
-1.120001 429.074935
-1.110001 421.903370
-1.100001 414.873580
-1.090001 407.983421
-1.080001 401.230835
-1.070001 394.613662
-1.060001 388.129726
-1.050001 381.776778
-1.040001 375.552582
-1.030001 369.454733
-1.020001 363.480943
-1.010001 357.628867
-1.000001 351.895996
-0.990001 346.279944
-0.980001 340.778147
-0.970001 335.388239
-0.960001 330.107607
-0.950001 324.933687
-0.940001 319.863974
-0.930001 314.895795
-0.920001 310.026635
-0.910001 305.253815
-0.900001 300.574724
-0.890001 295.986735
-0.880001 291.487242
-0.870001 287.073537
-0.860001 282.742980
-0.850001 278.492931
-0.840001 274.320703
-0.830001 270.223704
-0.820001 266.199280
-0.810001 262.244758
-0.800001 258.357546
-0.790001 254.534948
-0.780001 250.774480
-0.770001 247.073498
-0.760001 243.429375
-0.750001 239.839610
-0.740001 236.301678
-0.730001 232.813056
-0.720001 229.371246
-0.710001 225.973754
-0.700001 222.618195
-0.690001 219.302155
-0.680001 216.023227
-0.670001 212.779101
-0.660001 209.567457
-0.650001 206.386034
-0.640001 203.232571
-0.630001 200.104882
-0.620001 197.000841
-0.610001 193.918328
-0.600001 190.855232
-0.590001 187.809576
-0.580001 184.779393
-0.570001 181.762716
-0.560001 178.757694
-0.550001 175.762495
-0.540001 172.775371
-0.530001 169.794566
-0.520001 166.818440
-0.510001 163.845396
-0.500001 160.873850
-0.490001 157.902363
-0.480001 154.929473
-0.470001 151.953819
-0.460001 148.974092
-0.450001 145.989073
-0.440001 142.997565
-0.430001 139.998466
-0.420002 136.990740
-0.410002 133.973406
-0.400002 130.945551
-0.390002 127.906347
-0.380002 124.855032
-0.370002 121.790906
-0.360002 118.713341
-0.350002 115.621792
-0.340002 112.515780
-0.330002 109.394915
-0.320002 106.258848
-0.310002 103.107340
-0.300002 99.940222
-0.290002 96.757388
-0.280002 93.558812
-0.270002 90.344547
-0.260002 87.114738
-0.250002 83.869592
-0.240002 80.609384
-0.230002 77.334506
-0.220002 74.045390
-0.210002 70.742579
-0.200002 67.426667
-0.190002 64.098348
-0.180002 60.758389
-0.170002 57.407639
-0.160002 54.047022
-0.150002 50.677544
-0.140002 47.300295
-0.130002 43.916443
-0.120002 40.527236
-0.110002 37.133996
-0.100002 33.738131
-0.090002 30.341127
-0.080002 26.944545
-0.070002 23.550030
-0.060002 20.159301
-0.050002 16.774157
-0.040002 13.396474
-0.030002 10.028203
-0.020002 6.671374
-0.010002 3.328093
-0.000002 0.000539
0.009998 -3.309033
0.019998 -6.598295
0.029998 -9.864845
0.039998 -13.106208
0.049998 -16.319837
0.059998 -19.503117
0.069998 -22.653361
0.079998 -25.767811
0.089998 -28.843645
0.099998 -31.877970
0.109998 -34.867829
0.119998 -37.810199
0.129998 -40.701994
0.139998 -43.540063
0.149998 -46.321198
0.159998 -49.042120
0.169998 -51.699496
0.179998 -54.289941
0.189998 -56.810006
0.199998 -59.256193
0.209998 -61.624935
0.219998 -63.912632
0.229998 -66.115621
0.239998 -68.230179
0.249998 -70.252565
0.259998 -72.178959
0.269998 -74.005515
0.279998 -75.728336
0.289998 -77.343488
0.299998 -78.846988
0.309998 -80.234825
0.319998 -81.502938
0.329998 -82.647236
0.339998 -83.663608
0.349998 -84.547885
0.359998 -85.295898
0.369998 -85.903419
0.379998 -86.366213
0.389998 -86.680016
0.399998 -86.840549
0.409998 -86.843498
0.419998 -86.684534
0.429998 -86.359327
0.439998 -85.863508
0.449998 -85.192715
0.459998 -84.342575
0.469998 -83.308683
0.479998 -82.086672
0.489998 -80.672110
0.499998 -79.060634
0.509998 -77.247812
0.519998 -75.229270
0.529998 -73.000621
0.539998 -70.557466
0.549998 -67.895429
0.559998 -65.010155
0.569998 -61.897287
0.579998 -58.552498
0.589998 -54.971449
0.599998 -51.149888
0.609998 -47.083518
0.619998 -42.768085
0.629998 -38.199397
0.639998 -33.373239
0.649998 -28.285467
0.659998 -22.931969
0.669998 -17.308653
0.679998 -11.411468
0.689998 -5.236423
0.699998 1.220429
0.709998 7.963004
0.719998 14.995172
0.729998 22.320729
0.739998 29.943416
0.749998 37.866960
0.759998 46.094965
0.769998 54.631014
0.779998 63.478627
0.789998 72.641213
0.799998 82.122199
0.809998 91.924853
0.819998 102.052412
0.829998 112.508015
0.839998 123.294719
0.849998 134.415548
0.859998 145.873417
0.869998 157.671062
0.879998 169.811293
0.889998 182.296710
0.899998 195.129868
0.909998 208.313225
0.919998 221.849092
0.929998 235.739775
0.939998 249.987330
0.949998 264.593903
0.959998 279.561287
0.969998 294.891408
0.979998 310.585932
0.989998 326.646460
0.999998 343.074422
1.009998 359.871181
1.019998 377.038028
1.029998 394.575973
1.039998 412.486110
1.049998 430.769087
1.059998 449.425842
1.069998 468.456810
1.079998 487.862447
1.089998 507.643180
1.099998 527.799029
1.109998 548.330083
1.119998 569.236236
1.129998 590.517234
1.139998 612.172565
1.149998 634.201730
1.159998 656.604082
1.169998 679.378535
1.179998 702.524413
1.189998 726.040088
1.199998 749.924566
1.209998 774.176122
1.219998 798.793211
1.229998 823.773892
1.239998 849.116285
1.249997 874.818114
1.259997 900.877045
1.269997 927.290687
1.279997 954.056130
1.289997 981.170515
1.299997 1008.630869
1.309997 1036.434098
1.319997 1064.576752
1.329997 1093.055259
1.339997 1121.865387
1.349997 1151.003908
1.359997 1180.466221
1.369997 1210.248251
1.379997 1240.345020
1.389997 1270.752314
1.399997 1301.465013
1.409997 1332.478044
1.419997 1363.786384
1.429997 1395.384333
1.439997 1427.265996
1.449997 1459.426008
1.459997 1491.857596
1.469997 1524.555489
1.479997 1557.512275
1.489997 1590.722044
1.499997 1624.177471
1.509997 1657.871763
1.519997 1691.797435
1.529997 1725.947292
1.539997 1760.313204
1.549997 1794.888060
1.559997 1829.663326
1.569997 1864.630508
1.579997 1899.781644
1.589997 1935.107834
1.599997 1970.600221
1.609997 2006.249742
1.619997 2042.047132
1.629997 2077.982923
1.639997 2114.047199
1.649997 2150.230571
1.659997 2186.522230
1.669997 2222.912625
1.679997 2259.390784
1.689997 2295.946264
1.699997 2332.567934
1.709997 2369.244703
1.719997 2405.965281
1.729997 2442.718659
1.739997 2479.492180
1.749997 2516.274677
1.759997 2553.053581
1.769997 2589.817325
1.779997 2626.552467
1.789997 2663.247285
1.799997 2699.887949
1.809997 2736.462345
1.819997 2772.956263
1.829997 2809.356724
1.839997 2845.649617
1.849997 2881.822051
1.859997 2917.859068
1.869997 2953.746933
1.879997 2989.471021
1.889997 3025.016761
1.899997 3060.369400
1.909997 3095.514464
1.919997 3130.435689
1.929997 3165.119165
1.939997 3199.548511
1.949997 3233.708091
1.959997 3267.582554
1.969997 3301.155471
1.979997 3334.410925
1.989997 3367.332831
1.999997 3399.904050
2.009997 3432.108650
2.019997 3463.929553
2.029997 3495.348976
2.039997 3526.351142
2.049997 3556.917930
2.059997 3587.032383
2.069997 3616.676744
2.079997 3645.833760
2.089997 3674.484543
2.099997 3702.611992
2.109997 3730.198010
2.119997 3757.223955
2.129997 3783.671480
2.139997 3809.522524
2.149997 3834.758486
2.159997 3859.359831
2.169997 3883.308144
2.179997 3906.585283
2.189997 3929.170592
2.199997 3951.046906
2.209997 3972.192982
2.219997 3992.590259
2.229997 4012.220058
2.239997 4031.061669
2.249997 4049.095470
2.259997 4066.302887
2.269997 4082.662984
2.279997 4098.156272
2.289997 4112.762438
2.299997 4126.462574
2.309997 4139.235500
2.319997 4151.061446
2.329997 4161.919512
2.339997 4171.790524
2.349997 4180.653831
2.359997 4188.489096
2.369997 4195.275263
2.379997 4200.993288
2.389997 4205.621709
2.399997 4209.140068
2.409997 4211.528213
2.419997 4212.765314
2.429996 4212.831183
2.439996 4211.704978
2.449996 4209.366491
2.459996 4205.794888
2.469996 4200.970265
2.479996 4194.870900
2.489996 4187.477223
2.499996 4178.768760
2.509996 4168.724777
2.519996 4157.324584
2.529996 4144.548386
2.539996 4130.375567
2.549996 4114.786393
2.559996 4097.759536
2.569996 4079.275640
2.579996 4059.314063
2.589996 4037.855540
2.599996 4014.879573
2.609996 3990.365771
2.619996 3964.294593
2.629996 3936.647046
2.639996 3907.403006
2.649996 3876.542714
2.659996 3844.047210
2.669996 3809.896501
2.679996 3774.071848
2.689996 3736.554599
2.699996 3697.324943
2.709996 3656.364088
2.719996 3613.654576
2.729996 3569.176256
2.739996 3522.911937
2.749996 3474.842614
2.759996 3424.950240
2.769996 3373.218000
2.779996 3319.626723
2.789996 3264.159243
2.799996 3206.799195
2.809996 3147.528067
2.819996 3086.329234
2.829996 3023.186833
2.839996 2958.083066
2.849996 2891.002179
2.859996 2821.928020
2.869996 2750.844400
2.879996 2677.735901
2.889996 2602.586572
2.899996 2525.382184
2.909996 2446.107033
2.919996 2364.746210
2.929996 2281.285926
2.939996 2195.711561
2.949996 2108.009218
2.959996 2018.165448
2.969996 1926.166882
2.979996 1832.000281
2.989996 1735.652737
2.999996 1637.112233
