-1.990000 3405.571388
-1.980000 3368.404559
-1.970000 3330.949101
-1.960000 3293.223947
-1.950000 3255.246011
-1.940000 3217.032878
-1.930000 3178.601683
-1.920000 3139.969330
-1.910000 3101.153412
-1.900000 3062.169920
-1.890000 3023.035294
-1.880000 2983.765514
-1.870000 2944.376553
-1.860000 2904.883918
-1.850000 2865.303342
-1.840000 2825.649621
-1.830000 2785.937776
-1.820000 2746.182353
-1.810000 2706.397654
-1.800000 2666.598451
-1.790000 2626.798564
-1.780000 2587.011088
-1.770000 2547.249827
-1.760000 2507.528342
-1.750000 2467.858509
-1.740000 2428.254358
-1.730000 2388.727994
-1.720000 2349.291030
-1.710000 2309.956282
-1.700000 2270.734626
-1.690000 2231.638386
-1.680000 2192.678187
-1.670000 2153.864888
-1.660000 2115.210078
-1.650000 2076.723396
-1.640000 2038.415452
-1.630000 2000.296122
-1.620000 1962.375283
-1.610000 1924.662812
-1.600000 1887.167365
-1.590000 1849.897844
-1.580000 1812.863883
-1.570000 1776.073412
-1.560000 1739.534853
-1.550000 1703.256386
-1.540000 1667.245468
-1.530000 1631.510046
-1.520000 1596.057590
-1.510000 1560.894846
-1.500000 1526.028813
-1.490000 1491.466258
-1.480000 1457.213472
-1.470001 1423.276762
-1.460001 1389.661839
-1.450001 1356.374917
-1.440001 1323.421014
-1.430001 1290.805651
-1.420001 1258.533887
-1.410001 1226.610437
-1.400001 1195.040041
-1.390001 1163.827221
-1.380001 1132.975804
-1.370001 1102.490245
-1.360001 1072.374067
-1.350001 1042.630350
-1.340001 1013.263514
-1.330001 984.275632
-1.320001 955.670479
-1.310001 927.450439
-1.300001 899.617939
-1.290001 872.175563
-1.280001 845.125349
-1.270001 818.469261
-1.260001 792.209309
-1.250001 766.346618
-1.240001 740.883059
-1.230001 715.819741
-1.220001 691.157597
-1.210001 666.897385
-1.200001 643.040261
-1.190001 619.586297
-1.180001 596.536195
-1.170001 573.889923
-1.160001 551.647629
-1.150001 529.809297
-1.140001 508.374200
-1.130001 487.342567
-1.120001 466.713256
-1.110001 446.485837
-1.100001 426.659373
-1.090001 407.232813
-1.080001 388.204994
-1.070001 369.574726
-1.060001 351.340362
-1.050001 333.500553
-1.040001 316.053554
-1.030001 298.997500
-1.020001 282.330506
-1.010001 266.050467
-1.000001 250.155369
-0.990001 234.642774
-0.980001 219.510346
-0.970001 204.755637
-0.960001 190.375948
-0.950001 176.368680
-0.940001 162.731038
-0.930001 149.460131
-0.920001 136.552980
-0.910001 124.006422
-0.900001 111.817499
-0.890001 99.982788
-0.880001 88.499074
-0.870001 77.363067
-0.860001 66.571171
-0.850001 56.119953
-0.840001 46.005733
-0.830001 36.225040
-0.820001 26.773938
-0.810001 17.648838
-0.800001 8.845811
-0.790001 0.361095
-0.780001 -7.809291
-0.770001 -15.669265
-0.760001 -23.222871
-0.750001 -30.474105
-0.740001 -37.427041
-0.730001 -44.085845
-0.720001 -50.454568
-0.710001 -56.537371
-0.700001 -62.338435
-0.690001 -67.862002
-0.680001 -73.112251
-0.670001 -78.093434
-0.660001 -82.809774
-0.650001 -87.265505
-0.640001 -91.464902
-0.630001 -95.412244
-0.620001 -99.111734
-0.610001 -102.567648
-0.600001 -105.784254
-0.590001 -108.765793
-0.580001 -111.516429
-0.570001 -114.040446
-0.560001 -116.342028
-0.550001 -118.425341
-0.540001 -120.294529
-0.530001 -121.953762
-0.520001 -123.407116
-0.510001 -124.658689
-0.500001 -125.712515
-0.490001 -126.572624
-0.480001 -127.242966
-0.470001 -127.727498
-0.460001 -128.030120
-0.450001 -128.154675
-0.440001 -128.105001
-0.430001 -127.884810
-0.420002 -127.497858
-0.410002 -126.947782
-0.400002 -126.238217
-0.390002 -125.372692
-0.380002 -124.354704
-0.370002 -123.187691
-0.360002 -121.875039
-0.350002 -120.420038
-0.340002 -118.825948
-0.330002 -117.095937
-0.320002 -115.233119
-0.310002 -113.240536
-0.300002 -111.121158
-0.290002 -108.877891
-0.280002 -106.513529
-0.270002 -104.030846
-0.260002 -101.432483
-0.250002 -98.721039
-0.240002 -95.899023
-0.230002 -92.968853
-0.220002 -89.932881
-0.210002 -86.793359
-0.200002 -83.552462
-0.190002 -80.212285
-0.180002 -76.774817
-0.170002 -73.241978
-0.160002 -69.615584
-0.150002 -65.897375
-0.140002 -62.088989
-0.130002 -58.191977
-0.120002 -54.207800
-0.110002 -50.137818
-0.100002 -45.983307
-0.090002 -41.745440
-0.080002 -37.425302
-0.070002 -33.023880
-0.060002 -28.542066
-0.050002 -23.980658
-0.040002 -19.340354
-0.030002 -14.621757
-0.020002 -9.825378
-0.010002 -4.951624
-0.000002 -0.000810
0.009998 5.026845
0.019998 10.131223
0.029998 15.312298
0.039998 20.570145
0.049998 25.904928
0.059998 31.316919
0.069998 36.806473
0.079998 42.374049
0.089998 48.020201
0.099998 53.745567
0.109998 59.550896
0.119998 65.437014
0.129998 71.404846
0.139998 77.455425
0.149998 83.589839
0.159998 89.809307
0.169998 96.115101
0.179998 102.508621
0.189998 108.991314
0.199998 115.564733
0.209998 122.230544
0.219998 128.990449
0.229998 135.846256
0.239998 142.799857
0.249998 149.853240
0.259998 157.008436
0.269998 164.267586
0.279998 171.632900
0.289998 179.106647
0.299998 186.691221
0.309998 194.389021
0.319998 202.202569
0.329998 210.134421
0.339998 218.187238
0.349998 226.363711
0.359998 234.666632
0.369998 243.098797
0.379998 251.663145
0.389998 260.362611
0.399998 269.200209
0.409998 278.179009
0.419998 287.302106
0.429998 296.572700
0.439998 305.994012
0.449998 315.569285
0.459998 325.301861
0.469998 335.195041
0.479998 345.252303
0.489998 355.477028
0.499998 365.872628
0.509998 376.442742
0.519998 387.190806
0.529998 398.120403
0.539998 409.235061
0.549998 420.538453
0.559998 432.034244
0.569998 443.725989
0.579998 455.617456
0.589998 467.712224
0.599998 480.014052
0.609998 492.526570
0.619998 505.253552
0.629998 518.198633
0.639998 531.365593
0.649998 544.758061
0.659998 558.379808
0.669998 572.234412
0.679998 586.325661
0.689998 600.657104
0.699998 615.232501
0.709998 630.055321
0.719998 645.129321
0.729998 660.457999
0.739998 676.044859
0.749998 691.893455
0.759998 708.007308
0.769998 724.389731
0.779998 741.044294
0.789998 757.974180
0.799998 775.182782
0.809998 792.673359
0.819998 810.449025
0.829998 828.513015
0.839998 846.868327
0.849998 865.518076
0.859998 884.465220
0.869998 903.712558
0.879998 923.262905
0.889998 943.119099
0.899998 963.283708
0.909998 983.759314
0.919998 1004.548512
0.929998 1025.653615
0.939998 1047.076942
0.949998 1068.820718
0.959998 1090.887071
0.969998 1113.278029
0.979998 1135.995516
0.989998 1159.041351
0.999998 1182.417140
1.009998 1206.124788
1.019998 1230.165364
1.029998 1254.540541
1.039998 1279.251245
1.049998 1304.298906
1.059998 1329.684303
1.069998 1355.408399
1.079998 1381.471917
1.089998 1407.875229
1.099998 1434.619107
1.109998 1461.703529
1.119998 1489.128983
1.129998 1516.895262
1.139998 1545.002224
1.149998 1573.449464
1.159998 1602.236866
1.169998 1631.363595
1.179998 1660.828767
1.189998 1690.631443
1.199998 1720.770969
1.209998 1751.245503
1.219998 1782.053936
1.229998 1813.194416
1.239998 1844.665369
1.249997 1876.464581
1.259997 1908.589999
1.269997 1941.039154
1.279997 1973.809621
1.289997 2006.898668
1.299997 2040.303372
1.309997 2074.020494
1.319997 2108.046834
1.329997 2142.378756
1.339997 2177.012423
1.349997 2211.944505
1.359997 2247.170039
1.369997 2282.685283
1.379997 2318.485569
1.389997 2354.565778
1.399997 2390.921295
1.409997 2427.546808
1.419997 2464.437029
1.429997 2501.586211
1.439997 2538.988140
1.449997 2576.637349
1.459997 2614.527419
1.469997 2652.651708
1.479997 2691.003342
1.489997 2729.575464
1.499997 2768.360741
1.509997 2807.351853
1.519997 2846.541003
1.529997 2885.920405
1.539997 2925.482278
1.549997 2965.217146
1.559997 3005.117486
1.569997 3045.174076
1.579997 3085.377210
1.589997 3125.718406
1.599997 3166.187964
1.609997 3206.775455
1.619997 3247.471671
1.629997 3288.265212
1.639997 3329.146627
1.649997 3370.104758
1.659997 3411.128450
1.669997 3452.205813
1.679997 3493.326661
1.689997 3534.478131
1.699997 3575.648574
1.709997 3616.825608
1.719997 3657.997093
1.729997 3699.149917
1.739997 3740.270727
1.749997 3781.347367
1.759997 3822.365514
1.769997 3863.311803
1.779997 3904.171668
1.789997 3944.931497
1.799997 3985.576480
1.809997 4026.092280
1.819997 4066.464082
1.829997 4106.675884
1.839997 4146.712867
1.849997 4186.559500
1.859997 4226.199545
1.869997 4265.617466
1.879997 4304.796093
1.889997 4343.718493
1.899997 4382.369823
1.909997 4420.730833
1.919997 4458.785752
1.929997 4496.516272
1.939997 4533.904785
1.949997 4570.933003
1.959997 4607.584231
1.969997 4643.838382
1.979997 4679.677420
1.989997 4715.082640
1.999997 4750.035121
2.009997 4784.515462
2.019997 4818.504409
2.029997 4851.982159
2.039997 4884.928529
2.049997 4917.323141
2.059997 4949.147152
2.069997 4980.379351
2.079997 5010.997926
2.089997 5040.984293
2.099997 5070.315417
2.109997 5098.971479
2.119997 5126.930367
2.129997 5154.171052
2.139997 5180.671495
2.149997 5206.409908
2.159997 5231.363112
2.169997 5255.510623
2.179997 5278.829348
2.189997 5301.296851
2.199997 5322.890151
2.209997 5343.586520
2.219997 5363.363084
2.229997 5382.196826
2.239997 5400.064210
2.249997 5416.942338
2.259997 5432.807040
2.269997 5447.634793
2.279997 5461.402694
2.289997 5474.085865
2.299997 5485.660808
2.309997 5496.103547
2.319997 5505.389644
2.329997 5513.494580
2.339997 5520.394806
2.349997 5526.065620
2.359997 5530.482248
2.369997 5533.619174
2.379997 5535.454219
2.389997 5535.960374
2.399997 5535.113961
2.409997 5532.889903
2.419997 5529.263406
2.429996 5524.208993
2.439996 5517.702439
2.449996 5509.718830
2.459996 5500.232609
2.469996 5489.218835
2.479996 5476.652549
2.489996 5462.508781
2.499996 5446.762555
2.509996 5429.388320
2.519996 5410.362270
2.529996 5389.657182
2.539996 5367.250958
2.549996 5343.116458
2.559996 5317.229390
2.569996 5289.564406
2.579996 5260.097801
2.589996 5228.803804
2.599996 5195.658277
2.609996 5160.636621
2.619996 5123.712845
2.629996 5084.864961
2.639996 5044.066202
2.649996 5001.293746
2.659996 4956.522054
2.669996 4909.728456
2.679996 4860.888550
2.689996 4809.976806
2.699996 4756.972551
2.709996 4701.849689
2.719996 4644.585667
2.729996 4585.157621
2.739996 4523.541657
2.749996 4459.715230
2.759996 4393.654836
2.769996 4325.338992
2.779996 4254.744559
2.789996 4181.848997
2.799996 4106.630650
2.809996 4029.067717
2.819996 3949.138601
2.829996 3866.821629
2.839996 3782.096259
2.849996 3694.940421
2.859996 3605.334338
2.869996 3513.257581
2.879996 3418.689217
2.889996 3321.610150
2.899996 3222.000505
2.909996 3119.840498
2.919996 3015.111135
2.929996 2907.794743
2.939996 2797.871605
2.949996 2685.324028
2.959996 2570.134208
2.969996 2452.284494
2.979996 2331.757920
2.989996 2208.537671
2.999996 2082.607277
