-1.990000 2036.565243
-1.980000 2018.405818
-1.970000 2000.110192
-1.960000 1981.688299
-1.950000 1963.149028
-1.940000 1944.501350
-1.930000 1925.755003
-1.920000 1906.917641
-1.910000 1887.998828
-1.900000 1869.005915
-1.890000 1849.948176
-1.880000 1830.833355
-1.870000 1811.669509
-1.860000 1792.464547
-1.850000 1773.226345
-1.840000 1753.962398
-1.830000 1734.680050
-1.820000 1715.386847
-1.810000 1696.089241
-1.800000 1676.794956
-1.790000 1657.510497
-1.780000 1638.242456
-1.770000 1618.997754
-1.760000 1599.782205
-1.750000 1580.602671
-1.740000 1561.464786
-1.730000 1542.374392
-1.720000 1523.337545
-1.710000 1504.359669
-1.700000 1485.446283
-1.690000 1466.603120
-1.680000 1447.834918
-1.670000 1429.146752
-1.660000 1410.543552
-1.650000 1392.030345
-1.640000 1373.611403
-1.630000 1355.291221
-1.620000 1337.074392
-1.610000 1318.964758
-1.600000 1300.966261
-1.590000 1283.083312
-1.580000 1265.319327
-1.570000 1247.677827
-1.560000 1230.162195
-1.550000 1212.776283
-1.540000 1195.522833
-1.530000 1178.405060
-1.520000 1161.425680
-1.510000 1144.587760
-1.500000 1127.893872
-1.490000 1111.346577
-1.480000 1094.947940
-1.470001 1078.700752
-1.460001 1062.606821
-1.450001 1046.668196
-1.440001 1030.886802
-1.430001 1015.264559
-1.420001 999.802902
-1.410001 984.503269
-1.400001 969.367339
-1.390001 954.396311
-1.380001 939.591088
-1.370001 924.953119
-1.360001 910.483201
-1.350001 896.181959
-1.340001 882.050446
-1.330001 868.089068
-1.320001 854.298365
-1.310001 840.678653
-1.300001 827.230382
-1.290001 813.953662
-1.280001 800.848623
-1.270001 787.915296
-1.260001 775.153500
-1.250001 762.563016
-1.240001 750.143709
-1.230001 737.895062
-1.220001 725.816643
-1.210001 713.907991
-1.200001 702.168271
-1.190001 690.596912
-1.180001 679.193256
-1.170001 667.956115
-1.160001 656.884620
-1.150001 645.977826
-1.140001 635.234601
-1.130001 624.653687
-1.120001 614.233868
-1.110001 603.973913
-1.100001 593.872417
-1.090001 583.927858
-1.080001 574.138706
-1.070001 564.503481
-1.060001 555.020588
-1.050001 545.688219
-1.040001 536.504727
-1.030001 527.468357
-1.020001 518.577200
-1.010001 509.829408
-1.000001 501.223085
-0.990001 492.756187
-0.980001 484.426736
-0.970001 476.232762
-0.960001 468.172056
-0.950001 460.242579
-0.940001 452.442153
-0.930001 444.768575
-0.920001 437.219610
-0.910001 429.793095
-0.900001 422.486745
-0.890001 415.298251
-0.880001 408.225237
-0.870001 401.265499
-0.860001 394.416626
-0.850001 387.676286
-0.840001 381.042089
-0.830001 374.511633
-0.820001 368.082554
-0.810001 361.752459
-0.800001 355.518948
-0.790001 349.379597
-0.780001 343.332003
-0.770001 337.373765
-0.760001 331.502482
-0.750001 325.715740
-0.740001 320.011171
-0.730001 314.386375
-0.720001 308.839001
-0.710001 303.366652
-0.700001 297.967004
-0.690001 292.637728
-0.680001 287.376494
-0.670001 282.181029
-0.660001 277.049041
-0.650001 271.978264
-0.640001 266.966510
-0.630001 262.011543
-0.620001 257.111210
-0.610001 252.263350
-0.600001 247.465851
-0.590001 242.716634
-0.580001 238.013653
-0.570001 233.354880
-0.560001 228.738359
-0.550001 224.162153
-0.540001 219.624334
-0.530001 215.123063
-0.520001 210.656529
-0.510001 206.222963
-0.500001 201.820626
-0.490001 197.447856
-0.480001 193.103009
-0.470001 188.784507
-0.460001 184.490805
-0.450001 180.220439
-0.440001 175.971984
-0.430001 171.744054
-0.420002 167.535334
-0.410002 163.344561
-0.400002 159.170521
-0.390002 155.012091
-0.380002 150.868149
-0.370002 146.737692
-0.360002 142.619753
-0.350002 138.513407
-0.340002 134.417821
-0.330002 130.332209
-0.320002 126.255866
-0.310002 122.188143
-0.300002 118.128437
-0.290002 114.076241
-0.280002 110.031113
-0.270002 105.992646
-0.260002 101.960550
-0.250002 97.934555
-0.240002 93.914496
-0.230002 89.900256
-0.220002 85.891813
-0.210002 81.889182
-0.200002 77.892486
-0.190002 73.901885
-0.180002 69.917636
-0.170002 65.940054
-0.160002 61.969527
-0.150002 58.006521
-0.140002 54.051575
-0.130002 50.105287
-0.120002 46.168351
-0.110002 42.241512
-0.100002 38.325597
-0.090002 34.421502
-0.080002 30.530199
-0.070002 26.652733
-0.060002 22.790218
-0.050002 18.943841
-0.040002 15.114863
-0.030002 11.304612
-0.020002 7.514492
-0.010002 3.745975
-0.000002 0.000606
0.009998 -3.720002
0.019998 -7.414165
0.029998 -11.080130
0.039998 -14.716078
0.049998 -18.320116
0.059998 -21.890289
0.069998 -25.424573
0.079998 -28.920877
0.089998 -32.377044
0.099998 -35.790856
0.109998 -39.160027
0.119998 -42.482207
0.129998 -45.754988
0.139998 -48.975895
0.149998 -52.142400
0.159998 -55.251909
0.169998 -58.301768
0.179998 -61.289269
0.189998 -64.211648
0.199998 -67.066077
0.209998 -69.849688
0.219998 -72.559553
0.229998 -75.192687
0.239998 -77.746057
0.249998 -80.216576
0.259998 -82.601124
0.269998 -84.896517
0.279998 -87.099538
0.289998 -89.206907
0.299998 -91.215329
0.309998 -93.121447
0.319998 -94.921870
0.329998 -96.613148
0.339998 -98.191844
0.349998 -99.654438
0.359998 -100.997392
0.369998 -102.217128
0.379998 -103.310056
0.389998 -104.272550
0.399998 -105.100954
0.409998 -105.791574
0.419998 -106.340694
0.429998 -106.744598
0.439998 -106.999550
0.449998 -107.101760
0.459998 -107.047443
0.469998 -106.832801
0.479998 -106.454036
0.489998 -105.907306
0.499998 -105.188778
0.509998 -104.294604
0.519998 -103.220965
0.529998 -101.963991
0.539998 -100.519823
0.549998 -98.884621
0.559998 -97.054539
0.569998 -95.025721
0.579998 -92.794356
0.589998 -90.356586
0.599998 -87.708604
0.609998 -84.846611
0.619998 -81.766810
0.629998 -78.465433
0.639998 -74.938740
0.649998 -71.182968
0.659998 -67.194449
0.669998 -62.969488
0.679998 -58.504417
0.689998 -53.795655
0.699998 -48.839560
0.709998 -43.632599
0.719998 -38.171279
0.729998 -32.452085
0.739998 -26.471607
0.749998 -20.226455
0.759998 -13.713267
0.769998 -6.928749
0.779998 0.130319
0.789998 7.467192
0.799998 15.084917
0.809998 22.986678
0.819998 31.175383
0.829998 39.654096
0.839998 48.425640
0.849998 57.492859
0.859998 66.858507
0.869998 76.525288
0.879998 86.495810
0.889998 96.772606
0.899998 107.358105
0.909998 118.254681
0.919998 129.464767
0.929998 140.990351
0.939998 152.833722
0.949998 164.996784
0.959998 177.481597
0.969998 190.289978
0.979998 203.423597
0.989998 216.884228
0.999998 230.673291
1.009998 244.792356
1.019998 259.242684
1.029998 274.025533
1.039998 289.142050
1.049998 304.593218
1.059998 320.379908
1.069998 336.503032
1.079998 352.963121
1.089998 369.760851
1.099998 386.896453
1.109998 404.370415
1.119998 422.182880
1.129998 440.333753
1.139998 458.823140
1.149998 477.650683
1.159998 496.816111
1.169998 516.319021
1.179998 536.158590
1.189998 556.334192
1.199998 576.844891
1.209998 597.689551
1.219998 618.867176
1.229998 640.376283
1.239998 662.215407
1.249997 684.382997
1.259997 706.877230
1.269997 729.696133
1.279997 752.837576
1.289997 776.299271
1.299997 800.078775
1.309997 824.173835
1.319997 848.581571
1.329997 873.298935
1.339997 898.322955
1.349997 923.650493
1.359997 949.277886
1.369997 975.202021
1.379997 1001.418659
1.389997 1027.924347
1.399997 1054.714864
1.409997 1081.785935
1.419997 1109.133110
1.429997 1136.752006
1.439997 1164.637462
1.449997 1192.784985
1.459997 1221.189179
1.469997 1249.844709
1.479997 1278.746185
1.489997 1307.888157
1.499997 1337.264508
1.509997 1366.869304
1.519997 1396.696428
1.529997 1426.739337
1.539997 1456.991670
1.549997 1487.446271
1.559997 1518.096533
1.569997 1548.935418
1.579997 1579.955460
1.589997 1611.149128
1.599997 1642.508827
1.609997 1674.026654
1.619997 1705.694641
1.629997 1737.504268
1.639997 1769.447192
1.649997 1801.515373
1.659997 1833.699121
1.669997 1865.990020
1.679997 1898.378252
1.689997 1930.855512
1.699997 1963.411367
1.709997 1996.036653
1.719997 2028.721292
1.729997 2061.454781
1.739997 2094.227397
1.749997 2127.028268
1.759997 2159.846820
1.769997 2192.672295
1.779997 2225.493752
1.789997 2258.299589
1.799997 2291.078979
1.809997 2323.819722
1.819997 2356.510630
1.829997 2389.139383
1.839997 2421.694196
1.849997 2454.162399
1.859997 2486.531619
1.869997 2518.790006
1.879997 2550.923669
1.889997 2582.920412
1.899997 2614.766240
1.909997 2646.448843
1.919997 2677.954124
1.929997 2709.268512
1.939997 2740.378043
1.949997 2771.269047
1.959997 2801.927235
1.969997 2832.338610
1.979997 2862.488115
1.989997 2892.361664
1.999997 2921.944341
2.009997 2951.220913
2.019997 2980.176491
2.029997 3008.795995
2.039997 3037.063697
2.049997 3064.964815
2.059997 3092.482906
2.069997 3119.602684
2.079997 3146.308082
2.089997 3172.582896
2.099997 3198.411217
2.109997 3223.776162
2.119997 3248.661982
2.129997 3273.051132
2.139997 3296.928642
2.149997 3320.275702
2.159997 3343.076684
2.169997 3365.314200
2.179997 3386.970561
2.189997 3408.029375
2.199997 3428.472741
2.209997 3448.283259
2.219997 3467.444207
2.229997 3485.936426
2.239997 3503.742242
2.249997 3520.845412
2.259997 3537.226540
2.269997 3552.867693
2.279997 3567.752336
2.289997 3581.860136
2.299997 3595.174404
2.309997 3607.675441
2.319997 3619.346396
2.329997 3630.168176
2.339997 3640.122359
2.349997 3649.190467
2.359997 3657.353282
2.369997 3664.592929
2.379997 3670.890789
2.389997 3676.227535
2.399997 3680.584493
2.409997 3683.943610
2.419997 3686.285486
2.429996 3687.591366
2.439996 3687.842476
2.449996 3687.019404
2.459996 3685.104603
2.469996 3682.078637
2.479996 3677.921498
2.489996 3672.616798
2.499996 3666.143355
2.509996 3658.483581
2.519996 3649.618139
2.529996 3639.528303
2.539996 3628.195373
2.549996 3615.601223
2.559996 3601.726121
2.569996 3586.552551
2.579996 3570.060898
2.589996 3552.233194
2.599996 3533.050488
2.609996 3512.494908
2.619996 3490.547641
2.629996 3467.190931
2.639996 3442.406123
2.649996 3416.175136
2.659996 3388.479972
2.669996 3359.302719
2.679996 3328.625562
2.689996 3296.430782
2.699996 3262.700766
2.709996 3227.417599
2.719996 3190.564315
2.729996 3152.123250
2.739996 3112.077283
2.749996 3070.409794
2.759996 3027.103535
2.769996 2982.141788
2.779996 2935.508327
2.789996 2887.185692
2.799996 2837.158982
2.809996 2785.410765
2.819996 2731.926083
2.829996 2676.688244
2.839996 2619.682585
2.849996 2560.892829
2.859996 2500.304625
2.869996 2437.902135
2.879996 2373.670840
2.889996 2307.596387
2.899996 2239.664130
2.909996 2169.859673
2.919996 2098.169310
2.929996 2024.579109
2.939996 1949.076193
2.949996 1871.646317
2.959996 1792.277257
2.969996 1710.955717
2.979996 1627.669395
2.989996 1542.406358
2.999996 1455.154032
