-1.990000 4330.151536
-1.980000 4295.211976
-1.970000 4259.885439
-1.960000 4224.188661
-1.950000 4188.140860
-1.940000 4151.759234
-1.930000 4115.061668
-1.920000 4078.064913
-1.910000 4040.787330
-1.900000 4003.245226
-1.890000 3965.455600
-1.880000 3927.434295
-1.870000 3889.198321
-1.860000 3850.763528
-1.850000 3812.145767
-1.840000 3773.360657
-1.830000 3734.423113
-1.820000 3695.349228
-1.810000 3656.152497
-1.800000 3616.849018
-1.790000 3577.452042
-1.780000 3537.976961
-1.770000 3498.436304
-1.760000 3458.844506
-1.750000 3419.215527
-1.740000 3379.561646
-1.730000 3339.896337
-1.720000 3300.232113
-1.710000 3260.581486
-1.700000 3220.956964
-1.690000 3181.370330
-1.680000 3141.833366
-1.670000 3102.357609
-1.660000 3062.953869
-1.650000 3023.633926
-1.640000 2984.408345
-1.630000 2945.287450
-1.620000 2906.282050
-1.610000 2867.401009
-1.600000 2828.655384
-1.590000 2790.054288
-1.580000 2751.607078
-1.570000 2713.322871
-1.560000 2675.210059
-1.550000 2637.278259
-1.540000 2599.534897
-1.530000 2561.988627
-1.520000 2524.647137
-1.510000 2487.518364
-1.500000 2450.609285
-1.490000 2413.927373
-1.480000 2377.479625
-1.470001 2341.272811
-1.460001 2305.313470
-1.450001 2269.607670
-1.440001 2234.161742
-1.430001 2198.981063
-1.420001 2164.071998
-1.410001 2129.439239
-1.400001 2095.088226
-1.390001 2061.023941
-1.380001 2027.251146
-1.370001 1993.774391
-1.360001 1960.598014
-1.350001 1927.725663
-1.340001 1895.161733
-1.330001 1862.909936
-1.320001 1830.973540
-1.310001 1799.355612
-1.300001 1768.059731
-1.290001 1737.088328
-1.280001 1706.444350
-1.270001 1676.130311
-1.260001 1646.148535
-1.250001 1616.500692
-1.240001 1587.189195
-1.230001 1558.215807
-1.220001 1529.581649
-1.210001 1501.288584
-1.200001 1473.337378
-1.190001 1445.729313
-1.180001 1418.465268
-1.170001 1391.545726
-1.160001 1364.971683
-1.150001 1338.742844
-1.140001 1312.859656
-1.130001 1287.322399
-1.120001 1262.130648
-1.110001 1237.284266
-1.100001 1212.782964
-1.090001 1188.625870
-1.080001 1164.812514
-1.070001 1141.341850
-1.060001 1118.213123
-1.050001 1095.425016
-1.040001 1072.976503
-1.030001 1050.865796
-1.020001 1029.091719
-1.010001 1007.652549
-1.000001 986.546446
-0.990001 965.771657
-0.980001 945.326009
-0.970001 925.207624
-0.960001 905.414110
-0.950001 885.943173
-0.940001 866.792614
-0.930001 847.959542
-0.920001 829.441756
-0.910001 811.236180
-0.900001 793.340280
-0.890001 775.751002
-0.880001 758.465494
-0.870001 741.480636
-0.860001 724.793322
-0.850001 708.400420
-0.840001 692.298540
-0.830001 676.484457
-0.820001 660.954694
-0.810001 645.705808
-0.800001 630.734293
-0.790001 616.036500
-0.780001 601.608905
-0.770001 587.447756
-0.760001 573.549345
-0.750001 559.909877
-0.740001 546.525641
-0.730001 533.392639
-0.720001 520.507048
-0.710001 507.865011
-0.700001 495.462482
-0.690001 483.295589
-0.680001 471.360318
-0.670001 459.652600
-0.660001 448.168463
-0.650001 436.903881
-0.640001 425.854746
-0.630001 415.017051
-0.620001 404.386677
-0.610001 393.959644
-0.600001 383.731829
-0.590001 373.699152
-0.580001 363.857606
-0.570001 354.203090
-0.560001 344.731617
-0.550001 335.439146
-0.540001 326.321654
-0.530001 317.375202
-0.520001 308.595807
-0.510001 299.979512
-0.500001 291.522421
-0.490001 283.220632
-0.480001 275.070338
-0.470001 267.067677
-0.460001 259.208910
-0.450001 251.490227
-0.440001 243.908023
-0.430001 236.458598
-0.420002 229.138330
-0.410002 221.943670
-0.400002 214.871116
-0.390002 207.917198
-0.380002 201.078521
-0.370002 194.351748
-0.360002 187.733554
-0.350002 181.220745
-0.340002 174.810140
-0.330002 168.498649
-0.320002 162.283223
-0.310002 156.160914
-0.300002 150.128804
-0.290002 144.184073
-0.280002 138.323977
-0.270002 132.545818
-0.260002 126.847017
-0.250002 121.225033
-0.240002 115.677412
-0.230002 110.201809
-0.220002 104.795934
-0.210002 99.457580
-0.200002 94.184649
-0.190002 88.975100
-0.180002 83.826995
-0.170002 78.738473
-0.160002 73.707781
-0.150002 68.733237
-0.140002 63.813261
-0.130002 58.946355
-0.120002 54.131134
-0.110002 49.366284
-0.100002 44.650600
-0.090002 39.982963
-0.080002 35.362360
-0.070002 30.787866
-0.060002 26.258660
-0.050002 21.774014
-0.040002 17.333302
-0.030002 12.935994
-0.020002 8.581659
-0.010002 4.269968
-0.000002 0.000690
0.009998 -4.226307
0.019998 -8.411053
0.029998 -12.553480
0.039998 -16.653417
0.049998 -20.710596
0.059998 -24.724650
0.069998 -28.695106
0.079998 -32.621397
0.089998 -36.502852
0.099998 -40.338708
0.109998 -44.128091
0.119998 -47.870042
0.129998 -51.563496
0.139998 -55.207291
0.149998 -58.800169
0.159998 -62.340773
0.169998 -65.827647
0.179998 -69.259260
0.189998 -72.633953
0.199998 -75.950002
0.209998 -79.205579
0.219998 -82.398757
0.229998 -85.527537
0.239998 -88.589805
0.249998 -91.583384
0.259998 -94.505990
0.269998 -97.355256
0.279998 -100.128739
0.289998 -102.823894
0.299998 -105.438120
0.309998 -107.968710
0.319998 -110.412890
0.329998 -112.767793
0.339998 -115.030482
0.349998 -117.197952
0.359998 -119.267128
0.369998 -121.234829
0.379998 -123.097845
0.389998 -124.852866
0.399998 -126.496533
0.409998 -128.025415
0.419998 -129.436000
0.429998 -130.724755
0.439998 -131.888033
0.449998 -132.922182
0.459998 -133.823468
0.469998 -134.588075
0.479998 -135.212218
0.489998 -135.691951
0.499998 -136.023376
0.509998 -136.202504
0.519998 -136.225307
0.529998 -136.087709
0.539998 -135.785619
0.549998 -135.314893
0.559998 -134.671353
0.569998 -133.850791
0.579998 -132.848975
0.589998 -131.661632
0.599998 -130.284499
0.609998 -128.713248
0.619998 -126.943538
0.629998 -124.971060
0.639998 -122.791435
0.649998 -120.400309
0.659998 -117.793284
0.669998 -114.965983
0.679998 -111.914026
0.689998 -108.633024
0.699998 -105.118590
0.709998 -101.366362
0.719998 -97.371947
0.729998 -93.130981
0.739998 -88.639156
0.749998 -83.892100
0.759998 -78.885520
0.769998 -73.615148
0.779998 -68.076697
0.789998 -62.265953
0.799998 -56.178689
0.809998 -49.810758
0.819998 -43.158025
0.829998 -36.216399
0.839998 -28.981829
0.849998 -21.450336
0.859998 -13.617967
0.869998 -5.480822
0.879998 2.965016
0.889998 11.723167
0.899998 20.797523
0.909998 30.191624
0.919998 39.909038
0.929998 49.953454
0.939998 60.328150
0.949998 71.036570
0.959998 82.081927
0.969998 93.467504
0.979998 105.196395
0.989998 117.271605
0.999998 129.696047
1.009998 142.472638
1.019998 155.603995
1.029998 169.092940
1.039998 182.941829
1.049998 197.153168
1.059998 211.729249
1.069998 226.672358
1.079998 241.984394
1.089998 257.667514
1.099998 273.723372
1.109998 290.153878
1.119998 306.960487
1.129998 324.144684
1.139998 341.707765
1.149998 359.651056
1.159998 377.975409
1.169998 396.681867
1.179998 415.770990
1.189998 435.243639
1.199998 455.100075
1.209998 475.340627
1.219998 495.965525
1.229998 516.974729
1.239998 538.367858
1.249997 560.144946
1.259997 582.305107
1.269997 604.847748
1.279997 627.772220
1.289997 651.077349
1.299997 674.761900
1.309997 698.824456
1.319997 723.263538
1.329997 748.077244
1.339997 773.263838
1.349997 798.821043
1.359997 824.746505
1.369997 851.037796
1.379997 877.692173
1.389997 904.706694
1.399997 932.078216
1.409997 959.803273
1.419997 987.878798
1.429997 1016.300611
1.439997 1045.065232
1.449997 1074.167940
1.459997 1103.604832
1.469997 1133.370823
1.479997 1163.461822
1.489997 1193.872553
1.499997 1224.597520
1.509997 1255.631249
1.519997 1286.968530
1.529997 1318.602959
1.539997 1350.528635
1.549997 1382.739676
1.559997 1415.228997
1.569997 1447.989284
1.579997 1481.014702
1.589997 1514.297233
1.599997 1547.829603
1.609997 1581.604060
1.619997 1615.612377
1.629997 1649.846821
1.639997 1684.298451
1.649997 1718.959305
1.659997 1753.819727
1.669997 1788.871038
1.679997 1824.103592
1.689997 1859.508233
1.699997 1895.074596
1.709997 1930.793045
1.719997 1966.652739
1.729997 2002.643080
1.739997 2038.753953
1.749997 2074.973798
1.759997 2111.291539
1.769997 2147.695376
1.779997 2184.173516
1.789997 2220.714160
1.799997 2257.305034
1.809997 2293.933624
1.819997 2330.587414
1.829997 2367.253176
1.839997 2403.917685
1.849997 2440.567712
1.859997 2477.188855
1.869997 2513.768352
1.879997 2550.291331
1.889997 2586.743857
1.899997 2623.110370
1.909997 2659.377394
1.919997 2695.529139
1.929997 2731.549826
1.939997 2767.424823
1.949997 2803.138121
1.959997 2838.673269
1.969997 2874.014499
1.979997 2909.145813
1.989997 2944.049204
1.999997 2978.709136
2.009997 3013.109001
2.019997 3047.229385
2.029997 3081.054376
2.039997 3114.565800
2.049997 3147.745938
2.059997 3180.576428
2.069997 3213.039357
2.079997 3245.115532
2.089997 3276.786641
2.099997 3308.034165
2.109997 3338.838754
2.119997 3369.180044
2.129997 3399.040402
2.139997 3428.398268
2.149997 3457.235419
2.159997 3485.531180
2.169997 3513.264919
2.179997 3540.416844
2.189997 3566.965390
2.199997 3592.892011
2.209997 3618.174020
2.219997 3642.790178
2.229997 3666.720258
2.239997 3689.943086
2.249997 3712.435815
2.259997 3734.178514
2.269997 3755.148439
2.279997 3775.323484
2.289997 3794.682155
2.299997 3813.202082
2.309997 3830.861138
2.319997 3847.636360
2.329997 3863.506459
2.339997 3878.447533
2.349997 3892.438055
2.359997 3905.452911
2.369997 3917.471404
2.379997 3928.469962
2.389997 3938.425613
2.399997 3947.314307
2.409997 3955.113257
2.419997 3961.799906
2.429996 3967.349041
2.439996 3971.738936
2.449996 3974.944924
2.459996 3976.944492
2.469996 3977.713205
2.479996 3977.227525
2.489996 3975.463574
2.499996 3972.397453
2.509996 3968.005822
2.519996 3962.265300
2.529996 3955.151626
2.539996 3946.640281
2.549996 3936.708961
2.559996 3925.331791
2.569996 3912.487254
2.579996 3898.150070
2.589996 3882.297118
2.599996 3864.904256
2.609996 3845.948144
2.619996 3825.404971
2.629996 3803.250502
2.639996 3779.461770
2.649996 3754.015826
2.659996 3726.888386
2.669996 3698.056184
2.679996 3667.496459
2.689996 3635.184785
2.699996 3601.099012
2.709996 3565.216600
2.719996 3527.513467
2.729996 3487.967306
2.739996 3446.555499
2.749996 3403.255172
2.759996 3358.044333
2.769996 3310.900021
2.779996 3261.800175
2.789996 3210.724219
2.799996 3157.648309
2.809996 3102.551839
2.819996 3045.412712
2.829996 2986.209970
2.839996 2924.922508
2.849996 2861.528842
2.859996 2796.008837
2.869996 2728.341958
2.879996 2658.507118
2.889996 2586.484281
2.899996 2512.254568
2.909996 2435.797154
2.919996 2357.093356
2.929996 2276.123383
2.939996 2192.868983
2.949996 2107.310925
2.959996 2019.430884
2.969996 1929.211304
2.979996 1836.633534
2.989996 1741.680575
2.999996 1644.335054
