-1.990000 2019.803350
-1.980000 1990.335263
-1.970000 1960.712368
-1.960000 1930.948263
-1.950000 1901.056486
-1.940000 1871.050975
-1.930000 1840.944016
-1.920000 1810.749655
-1.910000 1780.479940
-1.900000 1750.148340
-1.890000 1719.766771
-1.880000 1689.347655
-1.870000 1658.903701
-1.860000 1628.446272
-1.850000 1597.987948
-1.840000 1567.539603
-1.830000 1537.113214
-1.820000 1506.719631
-1.810000 1476.369986
-1.800000 1446.075579
-1.790000 1415.846690
-1.780000 1385.693764
-1.770000 1355.627292
-1.760000 1325.657336
-1.750000 1295.794005
-1.740000 1266.046854
-1.730000 1236.425245
-1.720000 1206.938704
-1.710000 1177.596324
-1.700000 1148.407245
-1.690000 1119.379926
-1.680000 1090.523237
-1.670000 1061.845247
-1.660000 1033.354312
-1.650000 1005.058351
-1.640000 976.965332
-1.630000 949.082414
-1.620000 921.417294
-1.610000 893.977352
-1.600000 866.768795
-1.590000 839.799342
-1.580000 813.075056
-1.570000 786.602412
-1.560000 760.387815
-1.550000 734.437352
-1.540000 708.756187
-1.530000 683.350754
-1.520000 658.226074
-1.510000 633.387466
-1.500000 608.840178
-1.490000 584.588783
-1.480000 560.638271
-1.470001 536.992835
-1.460001 513.656968
-1.450001 490.634703
-1.440001 467.929977
-1.430001 445.546512
-1.420001 423.487998
-1.410001 401.757761
-1.400001 380.358883
-1.390001 359.294449
-1.380001 338.567305
-1.370001 318.180116
-1.360001 298.135432
-1.350001 278.435449
-1.340001 259.082367
-1.330001 240.078153
-1.320001 221.424428
-1.310001 203.123173
-1.300001 185.175493
-1.290001 167.582974
-1.280001 150.346394
-1.270001 133.466892
-1.260001 116.945387
-1.250001 100.782231
-1.240001 84.978142
-1.230001 69.533389
-1.220001 54.448089
-1.210001 39.722261
-1.200001 25.355720
-1.190001 11.348357
-1.180001 -2.300427
-1.170001 -15.591200
-1.160001 -28.524511
-1.150001 -41.101440
-1.140001 -53.322870
-1.130001 -65.189989
-1.120001 -76.704037
-1.110001 -87.866443
-1.100001 -98.678712
-1.090001 -109.142502
-1.080001 -119.259710
-1.070001 -129.032140
-1.060001 -138.461930
-1.050001 -147.551076
-1.040001 -156.301981
-1.030001 -164.717058
-1.020001 -172.798754
-1.010001 -180.549680
-1.000001 -187.972659
-0.990001 -195.070360
-0.980001 -201.845816
-0.970001 -208.302109
-0.960001 -214.442217
-0.950001 -220.269542
-0.940001 -225.787329
-0.930001 -230.998993
-0.920001 -235.908060
-0.910001 -240.518143
-0.900001 -244.832893
-0.890001 -248.856041
-0.880001 -252.591474
-0.870001 -256.043102
-0.860001 -259.214893
-0.850001 -262.111022
-0.840001 -264.735435
-0.830001 -267.092515
-0.820001 -269.186431
-0.810001 -271.021511
-0.800001 -272.602207
-0.790001 -273.932917
-0.780001 -275.018182
-0.770001 -275.862490
-0.760001 -276.470524
-0.750001 -276.846872
-0.740001 -276.996287
-0.730001 -276.923465
-0.720001 -276.633223
-0.710001 -276.130353
-0.700001 -275.419706
-0.690001 -274.506221
-0.680001 -273.394712
-0.670001 -272.090218
-0.660001 -270.597663
-0.650001 -268.922057
-0.640001 -267.068388
-0.630001 -265.041721
-0.620001 -262.847081
-0.610001 -260.489524
-0.600001 -257.974153
-0.590001 -255.306025
-0.580001 -252.490225
-0.570001 -249.531838
-0.560001 -246.435953
-0.550001 -243.207691
-0.540001 -239.852121
-0.530001 -236.374321
-0.520001 -232.779365
-0.510001 -229.072332
-0.500001 -225.258287
-0.490001 -221.342238
-0.480001 -217.329235
-0.470001 -213.224266
-0.460001 -209.032329
-0.450001 -204.758395
-0.440001 -200.407387
-0.430001 -195.984214
-0.420002 -191.493755
-0.410002 -186.940885
-0.400002 -182.330395
-0.390002 -177.667091
-0.380002 -172.955718
-0.370002 -168.200981
-0.360002 -163.407535
-0.350002 -158.580026
-0.340002 -153.723022
-0.330002 -148.841068
-0.320002 -143.938647
-0.310002 -139.020188
-0.300002 -134.090102
-0.290002 -129.152693
-0.280002 -124.212267
-0.270002 -119.273033
-0.260002 -114.339156
-0.250002 -109.414731
-0.240002 -104.503818
-0.230002 -99.610387
-0.220002 -94.738370
-0.210002 -89.891609
-0.200002 -85.073888
-0.190002 -80.288929
-0.180002 -75.540378
-0.170002 -70.831808
-0.160002 -66.166724
-0.150002 -61.548560
-0.140002 -56.980668
-0.130002 -52.466329
-0.120002 -48.008749
-0.110002 -43.611043
-0.100002 -39.276263
-0.090002 -35.007374
-0.080002 -30.807255
-0.070002 -26.678710
-0.060002 -22.624456
-0.050002 -18.647128
-0.040002 -14.749274
-0.030002 -10.933359
-0.020002 -7.201758
-0.010002 -3.556761
-0.000002 -0.000570
0.009998 3.464701
0.019998 6.837030
0.029998 10.114481
0.039998 13.295212
0.049998 16.377469
0.059998 19.359592
0.069998 22.240012
0.079998 25.017250
0.089998 27.689922
0.099998 30.256736
0.109998 32.716497
0.119998 35.068090
0.129998 37.310514
0.139998 39.442846
0.149998 41.464265
0.159998 43.374032
0.169998 45.171524
0.179998 46.856187
0.189998 48.427584
0.199998 49.885348
0.209998 51.229227
0.219998 52.459052
0.229998 53.574751
0.239998 54.576345
0.249998 55.463943
0.259998 56.237753
0.269998 56.898070
0.279998 57.445288
0.289998 57.879888
0.299998 58.202438
0.309998 58.413608
0.319998 58.514144
0.329998 58.504896
0.339998 58.386793
0.349998 58.160849
0.359998 57.828178
0.369998 57.389971
0.379998 56.847508
0.389998 56.202150
0.399998 55.455356
0.409998 54.608658
0.419998 53.663670
0.429998 52.622092
0.439998 51.485695
0.449998 50.256348
0.459998 48.935985
0.469998 47.526619
0.479998 46.030338
0.489998 44.449321
0.499998 42.785807
0.509998 41.042095
0.519998 39.220593
0.529998 37.323743
0.539998 35.354085
0.549998 33.314209
0.559998 31.206789
0.569998 29.034518
0.579998 26.800197
0.589998 24.506728
0.599998 22.156952
0.609998 19.753891
0.619998 17.300556
0.629998 14.800048
0.639998 12.255506
0.649998 9.670122
0.659998 7.047140
0.669998 4.389872
0.679998 1.701659
0.689998 -1.014129
0.699998 -3.754042
0.709998 -6.514583
0.719998 -9.292256
0.729998 -12.083464
0.739998 -14.884655
0.749998 -17.692157
0.759998 -20.502349
0.769998 -23.311452
0.779998 -26.115826
0.789998 -28.911653
0.799998 -31.695153
0.809998 -34.462567
0.819998 -37.210002
0.829998 -39.933680
0.839998 -42.629624
0.849998 -45.294044
0.859998 -47.923001
0.869998 -50.512586
0.879998 -53.058908
0.889998 -55.557995
0.899998 -58.005918
0.909998 -60.398741
0.919998 -62.732554
0.929998 -65.003374
0.939998 -67.207318
0.949998 -69.340360
0.959998 -71.398679
0.969998 -73.378290
0.979998 -75.275344
0.989998 -77.085905
0.999998 -78.806103
1.009998 -80.432086
1.019998 -81.959971
1.029998 -83.386104
1.039998 -84.706519
1.049998 -85.917484
1.059998 -87.015349
1.069998 -87.996312
1.079998 -88.856815
1.089998 -89.593069
1.099998 -90.201646
1.109998 -90.678834
1.119998 -91.021234
1.129998 -91.225356
1.139998 -91.287812
1.149998 -91.205070
1.159998 -90.974007
1.169998 -90.591223
1.179998 -90.053539
1.189998 -89.357862
1.199998 -88.501049
1.209998 -87.480043
1.219998 -86.291798
1.229998 -84.933617
1.239998 -83.402589
1.249997 -81.695842
1.259997 -79.810780
1.269997 -77.744852
1.279997 -75.495382
1.289997 -73.059976
1.299997 -70.436236
1.309997 -67.621932
1.319997 -64.614804
1.329997 -61.412708
1.339997 -58.013767
1.349997 -54.415751
1.359997 -50.617088
1.369997 -46.615794
1.379997 -42.410460
1.389997 -37.999358
1.399997 -33.381162
1.409997 -28.554407
1.419997 -23.517792
1.429997 -18.270426
1.439997 -12.810921
1.449997 -7.138849
1.459997 -1.252920
1.469997 4.847370
1.479997 11.162537
1.489997 17.693217
1.499997 24.439505
1.509997 31.401863
1.519997 38.580264
1.529997 45.974740
1.539997 53.585140
1.549997 61.411122
1.559997 69.452340
1.569997 77.708197
1.579997 86.178328
1.589997 94.861509
1.599997 103.756987
1.609997 112.863756
1.619997 122.180795
1.629997 131.706395
1.639997 141.439320
1.649997 151.377707
1.659997 161.520159
1.669997 171.864531
1.679997 182.408897
1.689997 193.151008
1.699997 204.088527
1.709997 215.219035
1.719997 226.539783
1.729997 238.048177
1.739997 249.741412
1.749997 261.615873
1.759997 273.669119
1.769997 285.897113
1.779997 298.296810
1.789997 310.863993
1.799997 323.595371
1.809997 336.486778
1.819997 349.534020
1.829997 362.732922
1.839997 376.078803
1.849997 389.567240
1.859997 403.193829
1.869997 416.953070
1.879997 430.840134
1.889997 444.849797
1.899997 458.976912
1.909997 473.215770
1.919997 487.560135
1.929997 502.005540
1.939997 516.544690
1.949997 531.171830
1.959997 545.881156
1.969997 560.665350
1.979997 575.518408
1.989997 590.433270
1.999997 605.402727
2.009997 620.420821
2.019997 635.479433
2.029997 650.570865
2.039997 665.688393
2.049997 680.823933
2.059997 695.969259
2.069997 711.117287
2.079997 726.259167
2.089997 741.386761
2.099997 756.491464
2.109997 771.565367
2.119997 786.598835
2.129997 801.583663
2.139997 816.510559
2.149997 831.370198
2.159997 846.153622
2.169997 860.851120
2.179997 875.453051
2.189997 889.950032
2.199997 904.331942
2.209997 918.588827
2.219997 932.710694
2.229997 946.686837
2.239997 960.507195
2.249997 974.161475
2.259997 987.638308
2.269997 1000.927904
2.279997 1014.018554
2.289997 1026.899742
2.299997 1039.559904
2.309997 1051.987824
2.319997 1064.172614
2.329997 1076.102105
2.339997 1087.765266
2.349997 1099.149982
2.359997 1110.244560
2.369997 1121.037537
2.379997 1131.515729
2.389997 1141.668231
2.399997 1151.482093
2.409997 1160.945522
2.419997 1170.045640
2.429996 1178.769581
2.439996 1187.105743
2.449996 1195.040837
2.459996 1202.562212
2.469996 1209.657054
2.479996 1216.312318
2.489996 1222.515265
2.499996 1228.252336
2.509996 1233.510795
2.519996 1238.277464
2.529996 1242.538746
2.539996 1246.281975
2.549996 1249.492888
2.559996 1252.158426
2.569996 1254.265064
2.579996 1255.799620
2.589996 1256.748333
2.599996 1257.097034
2.609996 1256.833039
2.619996 1255.941616
2.629996 1254.409270
2.639996 1252.223048
2.649996 1249.368536
2.659996 1245.831794
2.669996 1241.599545
2.679996 1236.657367
2.689996 1230.991943
2.699996 1224.588967
2.709996 1217.434783
2.719996 1209.515920
2.729996 1200.817708
2.739996 1191.327374
2.749996 1181.030381
2.759996 1169.912824
2.769996 1157.961360
2.779996 1145.161937
2.789996 1131.501066
2.799996 1116.964775
2.809996 1101.539876
2.819996 1085.212162
2.829996 1067.968214
2.839996 1049.795081
2.849996 1030.678319
2.859996 1010.605361
2.869996 989.562477
2.879996 967.536560
2.889996 944.514180
2.899996 920.482128
2.909996 895.427737
2.919996 869.337658
2.929996 842.199151
2.939996 813.999394
2.949996 784.725619
2.959996 754.365430
2.969996 722.905828
2.979996 690.334970
2.989996 656.640340
2.999996 621.809800
