-1.990000 700.917641
-1.980000 696.588392
-1.970000 692.187627
-1.960000 687.717777
-1.950000 683.181308
-1.940000 678.580551
-1.930000 673.917925
-1.920000 669.195713
-1.910000 664.416288
-1.900000 659.581883
-1.890000 654.694764
-1.880000 649.757175
-1.870000 644.771390
-1.860000 639.739542
-1.850000 634.663739
-1.840000 629.546238
-1.830000 624.389036
-1.820000 619.194340
-1.810000 613.964094
-1.800000 608.700391
-1.790000 603.405242
-1.780000 598.080567
-1.770000 592.728383
-1.760000 587.350556
-1.750000 581.949107
-1.740000 576.525729
-1.730000 571.082328
-1.720000 565.620781
-1.710000 560.142818
-1.700000 554.650262
-1.690000 549.144786
-1.680000 543.628097
-1.670000 538.101872
-1.660000 532.567762
-1.650000 527.027328
-1.640000 521.482283
-1.630000 515.934073
-1.620000 510.384354
-1.610000 504.834514
-1.600000 499.286064
-1.590000 493.740454
-1.580000 488.199138
-1.570000 482.663482
-1.560000 477.134852
-1.550000 471.614555
-1.540000 466.103962
-1.530000 460.604295
-1.520000 455.116807
-1.510000 449.642723
-1.500000 444.183272
-1.490000 438.739593
-1.480000 433.312857
-1.470001 427.904117
-1.460001 422.514460
-1.450001 417.145005
-1.440001 411.796723
-1.430001 406.470616
-1.420001 401.167693
-1.410001 395.888870
-1.400001 390.635132
-1.390001 385.407254
-1.380001 380.206163
-1.370001 375.032733
-1.360001 369.887719
-1.350001 364.771941
-1.340001 359.686133
-1.330001 354.631062
-1.320001 349.607410
-1.310001 344.615865
-1.300001 339.657087
-1.290001 334.731714
-1.280001 329.840356
-1.270001 324.983629
-1.260001 320.162009
-1.250001 315.376092
-1.240001 310.626392
-1.230001 305.913370
-1.220001 301.237494
-1.210001 296.599208
-1.200001 291.998961
-1.190001 287.437066
-1.180001 282.914012
-1.170001 278.430039
-1.160001 273.985535
-1.150001 269.580811
-1.140001 265.216098
-1.130001 260.891747
-1.120001 256.607923
-1.110001 252.364906
-1.100001 248.162847
-1.090001 244.001959
-1.080001 239.882408
-1.070001 235.804342
-1.060001 231.767834
-1.050001 227.773048
-1.040001 223.820073
-1.030001 219.908955
-1.020001 216.039751
-1.010001 212.212483
-1.000001 208.427185
-0.990001 204.683848
-0.980001 200.982472
-0.970001 197.323013
-0.960001 193.705428
-0.950001 190.129631
-0.940001 186.595595
-0.930001 183.103168
-0.920001 179.652270
-0.910001 176.242794
-0.900001 172.874582
-0.890001 169.547487
-0.880001 166.261363
-0.870001 163.016013
-0.860001 159.811264
-0.850001 156.646907
-0.840001 153.522734
-0.830001 150.438525
-0.820001 147.394060
-0.810001 144.389063
-0.800001 141.423316
-0.790001 138.496523
-0.780001 135.608412
-0.770001 132.758725
-0.760001 129.947160
-0.750001 127.173397
-0.740001 124.437140
-0.730001 121.738084
-0.720001 119.075886
-0.710001 116.450216
-0.700001 113.860748
-0.690001 111.307120
-0.680001 108.788990
-0.670001 106.306005
-0.660001 103.857784
-0.650001 101.443989
-0.640001 99.064213
-0.630001 96.718107
-0.620001 94.405275
-0.610001 92.125332
-0.600001 89.877892
-0.590001 87.662565
-0.580001 85.478949
-0.570001 83.326658
-0.560001 81.205284
-0.550001 79.114429
-0.540001 77.053690
-0.530001 75.022659
-0.520001 73.020930
-0.510001 71.048101
-0.500001 69.103773
-0.490001 67.187528
-0.480001 65.298953
-0.470001 63.437668
-0.460001 61.603253
-0.450001 59.795294
-0.440001 58.013410
-0.430001 56.257190
-0.420002 54.526236
-0.410002 52.820154
-0.400002 51.138545
-0.390002 49.481026
-0.380002 47.847205
-0.370002 46.236702
-0.360002 44.649130
-0.350002 43.084116
-0.340002 41.541286
-0.330002 40.020271
-0.320002 38.520709
-0.310002 37.042239
-0.300002 35.584506
-0.290002 34.147163
-0.280002 32.729865
-0.270002 31.332274
-0.260002 29.954061
-0.250002 28.594897
-0.240002 27.254462
-0.230002 25.932444
-0.220002 24.628537
-0.210002 23.342442
-0.200002 22.073866
-0.190002 20.822523
-0.180002 19.588137
-0.170002 18.370437
-0.160002 17.169158
-0.150002 15.984049
-0.140002 14.814862
-0.130002 13.661357
-0.120002 12.523308
-0.110002 11.400488
-0.100002 10.292688
-0.090002 9.199701
-0.080002 8.121332
-0.070002 7.057396
-0.060002 6.007712
-0.050002 4.972114
-0.040002 3.950442
-0.030002 2.942546
-0.020002 1.948285
-0.010002 0.967529
-0.000002 0.000156
0.009998 -0.953946
0.019998 -1.894880
0.029998 -2.822737
0.039998 -3.737600
0.049998 -4.639543
0.059998 -5.528627
0.069998 -6.404908
0.079998 -7.268426
0.089998 -8.119216
0.099998 -8.957300
0.109998 -9.782693
0.119998 -10.595398
0.129998 -11.395407
0.139998 -12.182704
0.149998 -12.957263
0.159998 -13.719047
0.169998 -14.468009
0.179998 -15.204094
0.189998 -15.927235
0.199998 -16.637356
0.209998 -17.334372
0.219998 -18.018186
0.229998 -18.688694
0.239998 -19.345782
0.249998 -19.989326
0.259998 -20.619190
0.269998 -21.235234
0.279998 -21.837306
0.289998 -22.425244
0.299998 -22.998878
0.309998 -23.558028
0.319998 -24.102509
0.329998 -24.632120
0.339998 -25.146661
0.349998 -25.645913
0.359998 -26.129659
0.369998 -26.597663
0.379998 -27.049691
0.389998 -27.485496
0.399998 -27.904822
0.409998 -28.307411
0.419998 -28.692994
0.429998 -29.061291
0.439998 -29.412019
0.449998 -29.744894
0.459998 -30.059608
0.469998 -30.355869
0.479998 -30.633361
0.489998 -30.891768
0.499998 -31.130771
0.509998 -31.350039
0.519998 -31.549244
0.529998 -31.728043
0.539998 -31.886090
0.549998 -32.023043
0.559998 -32.138543
0.569998 -32.232236
0.579998 -32.303760
0.589998 -32.352749
0.599998 -32.378830
0.609998 -32.381638
0.619998 -32.360789
0.629998 -32.315907
0.639998 -32.246612
0.649998 -32.152519
0.659998 -32.033243
0.669998 -31.888390
0.679998 -31.717574
0.689998 -31.520409
0.699998 -31.296495
0.709998 -31.045441
0.719998 -30.766856
0.729998 -30.460344
0.739998 -30.125512
0.749998 -29.761968
0.759998 -29.369319
0.769998 -28.947177
0.779998 -28.495136
0.789998 -28.012825
0.799998 -27.499853
0.809998 -26.955827
0.819998 -26.380375
0.829998 -25.773112
0.839998 -25.133660
0.849998 -24.461651
0.859998 -23.756712
0.869998 -23.018475
0.879998 -22.246590
0.889998 -21.440691
0.899998 -20.600431
0.909998 -19.725459
0.919998 -18.815438
0.929998 -17.870037
0.939998 -16.888924
0.949998 -15.871780
0.959998 -14.818287
0.969998 -13.728147
0.979998 -12.601045
0.989998 -11.436698
0.999998 -10.234830
1.009998 -8.995146
1.019998 -7.717394
1.029998 -6.401321
1.039998 -5.046682
1.049998 -3.653229
1.059998 -2.220726
1.069998 -0.748984
1.079998 0.762225
1.089998 2.313093
1.099998 3.903787
1.109998 5.534503
1.119998 7.205383
1.129998 8.916584
1.139998 10.668217
1.149998 12.460448
1.159998 14.293320
1.169998 16.166985
1.179998 18.081499
1.189998 20.036925
1.199998 22.033326
1.209998 24.070718
1.219998 26.149149
1.229998 28.268606
1.239998 30.429076
1.249997 32.630543
1.259997 34.872954
1.269997 37.156245
1.279997 39.480366
1.289997 41.845204
1.299997 44.250631
1.309997 46.696544
1.319997 49.182805
1.329997 51.709202
1.339997 54.275577
1.349997 56.881753
1.359997 59.527445
1.369997 62.212466
1.379997 64.936568
1.389997 67.699405
1.399997 70.500704
1.409997 73.340183
1.419997 76.217453
1.429997 79.132146
1.439997 82.083875
1.449997 85.072276
1.459997 88.096904
1.469997 91.157307
1.479997 94.253011
1.489997 97.383520
1.499997 100.548330
1.509997 103.746887
1.519997 106.978641
1.529997 110.243022
1.539997 113.539420
1.549997 116.867173
1.559997 120.225671
1.569997 123.614218
1.579997 127.032098
1.589997 130.478599
1.599997 133.953032
1.609997 137.454560
1.619997 140.982371
1.629997 144.535718
1.639997 148.113676
1.649997 151.715420
1.659997 155.340100
1.669997 158.986719
1.679997 162.654375
1.689997 166.342084
1.699997 170.048851
1.709997 173.773715
1.719997 177.515570
1.729997 181.273376
1.739997 185.046008
1.749997 188.832404
1.759997 192.631360
1.769997 196.441764
1.779997 200.262419
1.789997 204.092016
1.799997 207.929455
1.809997 211.773376
1.819997 215.622512
1.829997 219.475511
1.839997 223.331055
1.849997 227.187773
1.859997 231.044266
1.869997 234.899171
1.879997 238.750954
1.889997 242.598229
1.899997 246.439412
1.909997 250.273041
1.919997 254.097569
1.929997 257.911398
1.939997 261.713018
1.949997 265.500724
1.959997 269.272875
1.969997 273.027945
1.979997 276.764100
1.989997 280.479573
1.999997 284.172792
2.009997 287.842035
2.019997 291.485327
2.029997 295.101013
2.039997 298.687151
2.049997 302.241945
2.059997 305.763573
2.069997 309.250032
2.079997 312.699536
2.089997 316.110065
2.099997 319.479657
2.109997 322.806383
2.119997 326.088211
2.129997 329.323091
2.139997 332.509006
2.149997 335.643916
2.159997 338.725763
2.169997 341.752339
2.179997 344.721650
2.189997 347.631478
2.199997 350.479639
2.209997 353.264003
2.219997 355.982425
2.229997 358.632690
2.239997 361.212471
2.249997 363.719569
2.259997 366.151722
2.269997 368.506697
2.279997 370.782154
2.289997 372.975782
2.299997 375.085349
2.309997 377.108425
2.319997 379.042613
2.329997 380.885638
2.339997 382.635209
2.349997 384.288801
2.359997 385.843969
2.369997 387.298472
2.379997 388.649713
2.389997 389.895341
2.399997 391.032951
2.409997 392.060045
2.419997 392.974200
2.429996 393.772820
2.439996 394.453546
2.449996 395.013926
2.459996 395.451309
2.469996 395.763309
2.479996 395.947456
2.489996 396.001123
2.499996 395.921829
2.509996 395.707199
2.519996 395.354451
2.529996 394.861239
2.539996 394.225030
2.549996 393.443185
2.559996 392.513276
2.569996 391.432632
2.579996 390.198887
2.589996 388.809535
2.599996 387.261851
2.609996 385.553433
2.619996 383.681689
2.629996 381.644187
2.639996 379.438345
2.649996 377.061676
2.659996 374.511582
2.669996 371.785672
2.679996 368.881420
2.689996 365.796305
2.699996 362.527846
2.709996 359.073568
2.719996 355.431058
2.729996 351.597832
2.739996 347.571494
2.749996 343.349491
2.759996 338.929451
2.769996 334.309034
2.779996 329.485822
2.789996 324.457410
2.799996 319.221413
2.809996 313.775504
2.819996 308.117369
2.829996 302.244673
2.839996 296.155065
2.849996 289.846393
2.859996 283.316342
2.869996 276.562623
2.879996 269.583100
2.889996 262.375558
2.899996 254.937806
2.909996 247.267652
2.919996 239.363013
2.929996 231.221801
2.939996 222.841925
2.949996 214.221324
2.959996 205.358011
2.969996 196.249935
2.979996 186.895184
2.989996 177.291792
2.999996 167.437862
