-1.990000 4770.819068
-1.980000 4733.179292
-1.970000 4695.068931
-1.960000 4656.506839
-1.950000 4617.513924
-1.940000 4578.108641
-1.930000 4538.310137
-1.920000 4498.136897
-1.910000 4457.608113
-1.900000 4416.741848
-1.890000 4375.556875
-1.880000 4334.070825
-1.870000 4292.301577
-1.860000 4250.266323
-1.850000 4207.982498
-1.840000 4165.467785
-1.830000 4122.738706
-1.820000 4079.811554
-1.810000 4036.703336
-1.800000 3993.430364
-1.790000 3950.008479
-1.780000 3906.453051
-1.770000 3862.779216
-1.760000 3819.003788
-1.750000 3775.140237
-1.740000 3731.204434
-1.730000 3687.210329
-1.720000 3643.172600
-1.710000 3599.105445
-1.700000 3555.022097
-1.690000 3510.937487
-1.680000 3466.863155
-1.670000 3422.813794
-1.660000 3378.801675
-1.650000 3334.839555
-1.640000 3290.939704
-1.630000 3247.114152
-1.620000 3203.375419
-1.610000 3159.734806
-1.600000 3116.203862
-1.590000 3072.793891
-1.580000 3029.515472
-1.570000 2986.379669
-1.560000 2943.396822
-1.550000 2900.577271
-1.540000 2857.931362
-1.530000 2815.467733
-1.520000 2773.197472
-1.510000 2731.128253
-1.500000 2689.270441
-1.490000 2647.632210
-1.480000 2606.222476
-1.470001 2565.048944
-1.460001 2524.120299
-1.450001 2483.444509
-1.440001 2443.028579
-1.430001 2402.880737
-1.420001 2363.007045
-1.410001 2323.415512
-1.400001 2284.112227
-1.390001 2245.104019
-1.380001 2206.397007
-1.370001 2167.997329
-1.360001 2129.910899
-1.350001 2092.142932
-1.340001 2054.698904
-1.330001 2017.584307
-1.320001 1980.803707
-1.310001 1944.362402
-1.300001 1908.264059
-1.290001 1872.513787
-1.280001 1837.115074
-1.270001 1802.072138
-1.260001 1767.388760
-1.250001 1733.068050
-1.240001 1699.113616
-1.230001 1665.528402
-1.220001 1632.315387
-1.210001 1599.477125
-1.200001 1567.016436
-1.190001 1534.935036
-1.180001 1503.235820
-1.170001 1471.919907
-1.160001 1440.989594
-1.150001 1410.446316
-1.140001 1380.291556
-1.130001 1350.526395
-1.120001 1321.151748
-1.110001 1292.169013
-1.100001 1263.578324
-1.090001 1235.380309
-1.080001 1207.575645
-1.070001 1180.164201
-1.060001 1153.146334
-1.050001 1126.521816
-1.040001 1100.290266
-1.030001 1074.451578
-1.020001 1049.005075
-1.010001 1023.949937
-1.000001 999.285207
-0.990001 975.010403
-0.980001 951.124084
-0.970001 927.624887
-0.960001 904.511718
-0.950001 881.782955
-0.940001 859.437048
-0.930001 837.471934
-0.920001 815.886216
-0.910001 794.677646
-0.900001 773.844106
-0.890001 753.383420
-0.880001 733.293349
-0.870001 713.571408
-0.860001 694.215104
-0.850001 675.221847
-0.840001 656.588859
-0.830001 638.313314
-0.820001 620.392391
-0.810001 602.823089
-0.800001 585.602325
-0.790001 568.726936
-0.780001 552.193766
-0.770001 535.999501
-0.760001 520.140669
-0.750001 504.613984
-0.740001 489.415840
-0.730001 474.542697
-0.720001 459.990913
-0.710001 445.756868
-0.700001 431.836730
-0.690001 418.226813
-0.680001 404.923227
-0.670001 391.922076
-0.660001 379.219460
-0.650001 366.811401
-0.640001 354.693959
-0.630001 342.863014
-0.620001 331.314562
-0.610001 320.044496
-0.600001 309.048687
-0.590001 298.323016
-0.580001 287.863347
-0.570001 277.665455
-0.560001 267.725174
-0.550001 258.038305
-0.540001 248.600627
-0.530001 239.407960
-0.520001 230.456057
-0.510001 221.740686
-0.500001 213.257679
-0.490001 205.002766
-0.480001 196.971788
-0.470001 189.160522
-0.460001 181.564787
-0.450001 174.180416
-0.440001 167.003257
-0.430001 160.029193
-0.420002 153.254075
-0.410002 146.673843
-0.400002 140.284424
-0.390002 134.081786
-0.380002 128.061931
-0.370002 122.220878
-0.360002 116.554717
-0.350002 111.059520
-0.340002 105.731453
-0.330002 100.566680
-0.320002 95.561440
-0.310002 90.712008
-0.300002 86.014697
-0.290002 81.465876
-0.280002 77.061978
-0.270002 72.799459
-0.260002 68.674860
-0.250002 64.684757
-0.240002 60.825797
-0.230002 57.094685
-0.220002 53.488191
-0.210002 50.003134
-0.200002 46.636415
-0.190002 43.384989
-0.180002 40.245890
-0.170002 37.216205
-0.160002 34.293112
-0.150002 31.473841
-0.140002 28.755709
-0.130002 26.136102
-0.120002 23.612484
-0.110002 21.182391
-0.100002 18.843443
-0.090002 16.593332
-0.080002 14.429838
-0.070002 12.350815
-0.060002 10.354203
-0.050002 8.438022
-0.040002 6.600380
-0.030002 4.839463
-0.020002 3.153547
-0.010002 1.540992
-0.000002 0.000245
0.009998 -1.470163
0.019998 -2.871609
0.029998 -4.205384
0.039998 -5.472693
0.049998 -6.674648
0.059998 -7.812276
0.069998 -8.886510
0.079998 -9.898198
0.089998 -10.848095
0.099998 -11.736868
0.109998 -12.565094
0.119998 -13.333256
0.129998 -14.041752
0.139998 -14.690888
0.149998 -15.280878
0.159998 -15.811850
0.169998 -16.283840
0.179998 -16.696793
0.189998 -17.050570
0.199998 -17.344939
0.209998 -17.579581
0.219998 -17.754088
0.229998 -17.867968
0.239998 -17.920637
0.249998 -17.911430
0.259998 -17.839595
0.269998 -17.704290
0.279998 -17.504597
0.289998 -17.239510
0.299998 -16.907939
0.309998 -16.508712
0.319998 -16.040585
0.329998 -15.502224
0.339998 -14.892218
0.349998 -14.209079
0.359998 -13.451246
0.369998 -12.617077
0.379998 -11.704861
0.389998 -10.712806
0.399998 -9.639057
0.409998 -8.481685
0.419998 -7.238690
0.429998 -5.908003
0.439998 -4.487491
0.449998 -2.974953
0.459998 -1.368135
0.469998 0.335296
0.479998 2.137708
0.489998 4.041555
0.499998 6.049333
0.509998 8.163609
0.519998 10.386973
0.529998 12.722089
0.539998 15.171673
0.549998 17.738469
0.559998 20.425304
0.569998 23.235005
0.579998 26.170460
0.589998 29.234620
0.599998 32.430426
0.609998 35.760903
0.619998 39.229078
0.629998 42.838036
0.639998 46.590856
0.649998 50.490698
0.659998 54.540666
0.669998 58.743978
0.679998 63.103798
0.689998 67.623367
0.699998 72.305913
0.709998 77.154657
0.719998 82.172891
0.729998 87.363858
0.739998 92.730825
0.749998 98.277085
0.759998 104.005891
0.769998 109.920559
0.779998 116.024337
0.789998 122.320467
0.799998 128.812270
0.809998 135.502947
0.819998 142.395750
0.829998 149.493893
0.839998 156.800574
0.849998 164.318988
0.859998 172.052287
0.869998 180.003571
0.879998 188.175934
0.889998 196.572509
0.899998 205.196252
0.909998 214.050201
0.919998 223.137305
0.929998 232.460448
0.939998 242.022564
0.949998 251.826319
0.959998 261.874671
0.969998 272.170231
0.979998 282.715650
0.989998 293.513545
0.999998 304.566498
1.009998 315.876872
1.019998 327.447064
1.029998 339.279637
1.039998 351.376558
1.049998 363.740243
1.059998 376.372608
1.069998 389.275752
1.079998 402.451690
1.089998 415.902138
1.099998 429.629044
1.109998 443.633887
1.119998 457.918321
1.129998 472.483903
1.139998 487.331817
1.149998 502.463528
1.159998 517.880178
1.169998 533.582796
1.179998 549.572418
1.189998 565.849794
1.199998 582.415503
1.209998 599.270400
1.219998 616.414939
1.229998 633.849335
1.239998 651.573961
1.249997 669.588950
1.259997 687.894072
1.269997 706.489485
1.279997 725.374514
1.289997 744.549220
1.299997 764.012472
1.309997 783.763873
1.319997 803.802709
1.329997 824.127585
1.339997 844.737726
1.349997 865.631612
1.359997 886.807808
1.369997 908.264779
1.379997 930.000417
1.389997 952.013290
1.399997 974.300964
1.409997 996.861564
1.419997 1019.692022
1.429997 1042.790249
1.439997 1066.153320
1.449997 1089.778201
1.459997 1113.661923
1.469997 1137.801101
1.479997 1162.192657
1.489997 1186.832121
1.499997 1211.716297
1.509997 1236.841080
1.519997 1262.202424
1.529997 1287.795610
1.539997 1313.616217
1.549997 1339.659396
1.559997 1365.920349
1.569997 1392.393843
1.579997 1419.074697
1.589997 1445.957050
1.599997 1473.035575
1.609997 1500.304263
1.619997 1527.757151
1.629997 1555.387347
1.639997 1583.188734
1.649997 1611.154753
1.659997 1639.278398
1.669997 1667.552462
1.679997 1695.969538
1.689997 1724.522498
1.699997 1753.203042
1.709997 1782.003877
1.719997 1810.916535
1.729997 1839.932345
1.739997 1869.043395
1.749997 1898.240602
1.759997 1927.515398
1.769997 1956.858048
1.779997 1986.259331
1.789997 2015.710057
1.799997 2045.199872
1.809997 2074.719884
1.819997 2104.258142
1.829997 2133.805810
1.839997 2163.351712
1.849997 2192.884705
1.859997 2222.394381
1.869997 2251.868719
1.879997 2281.297361
1.889997 2310.667649
1.899997 2339.968118
1.909997 2369.187324
1.919997 2398.312237
1.929997 2427.330779
1.939997 2456.229983
1.949997 2484.996913
1.959997 2513.619339
1.969997 2542.083246
1.979997 2570.375778
1.989997 2598.482314
1.999997 2626.390496
2.009997 2654.084948
2.019997 2681.552104
2.029997 2708.777327
2.039997 2735.746158
2.049997 2762.443511
2.059997 2788.854988
2.069997 2814.965348
2.079997 2840.758960
2.089997 2866.220232
2.099997 2891.333606
2.109997 2916.083346
2.119997 2940.453748
2.129997 2964.427481
2.139997 2987.989333
2.149997 3011.122058
2.159997 3033.809483
2.169997 3056.034451
2.179997 3077.779454
2.189997 3099.028432
2.199997 3119.762967
2.209997 3139.966089
2.219997 3159.620470
2.229997 3178.707662
2.239997 3197.210053
2.249997 3215.109312
2.259997 3232.387920
2.269997 3249.026898
2.279997 3265.007342
2.289997 3280.312440
2.299997 3294.921555
2.309997 3308.816885
2.319997 3321.979400
2.329997 3334.389609
2.339997 3346.028275
2.349997 3356.876757
2.359997 3366.915254
2.369997 3376.124564
2.379997 3384.484708
2.389997 3391.976632
2.399997 3398.579852
2.409997 3404.275140
2.419997 3409.042195
2.429996 3412.861616
2.439996 3415.712648
2.449996 3417.575125
2.459996 3418.429440
2.469996 3418.255293
2.479996 3417.031738
2.489996 3414.739295
2.499996 3411.357523
2.509996 3406.865657
2.519996 3401.243203
2.529996 3394.469641
2.539996 3386.525263
2.549996 3377.388116
2.559996 3367.039001
2.569996 3355.457049
2.579996 3342.621407
2.589996 3328.511499
2.599996 3313.107515
2.609996 3296.388620
2.619996 3278.333044
2.629996 3258.922474
2.639996 3238.134954
2.649996 3215.950744
2.659996 3192.348735
2.669996 3167.309473
2.679996 3140.812399
2.689996 3112.837033
2.699996 3083.363603
2.709996 3052.371961
2.719996 3019.841639
2.729996 2985.752872
2.739996 2950.086156
2.749996 2912.821670
2.759996 2873.939151
2.769996 2833.419557
2.779996 2791.243384
2.789996 2747.391418
2.799996 2701.843727
2.809996 2654.582175
2.819996 2605.587261
2.829996 2554.839981
2.839996 2502.321932
2.849996 2448.014969
2.859996 2391.899694
2.869996 2333.959101
2.879996 2274.174421
2.889996 2212.527400
2.899996 2149.001197
2.909996 2083.577905
2.919996 2016.240303
2.929996 1946.970944
2.939996 1875.753237
2.949996 1802.570749
2.959996 1727.406682
2.969996 1650.244361
2.979996 1571.068699
2.989996 1489.863457
2.999996 1406.612882
