-1.990000 1581.482237
-1.980000 1555.175473
-1.970000 1528.861985
-1.960000 1502.554103
-1.950000 1476.263923
-1.940000 1450.002742
-1.930000 1423.782983
-1.920000 1397.615012
-1.910000 1371.510327
-1.900000 1345.479963
-1.890000 1319.533911
-1.880000 1293.683077
-1.870000 1267.937556
-1.860000 1242.306615
-1.850000 1216.800924
-1.840000 1191.429039
-1.830000 1166.200213
-1.820000 1141.124057
-1.810000 1116.208285
-1.800000 1091.462508
-1.790000 1066.894083
-1.780000 1042.510957
-1.770000 1018.321201
-1.760000 994.332052
-1.750000 970.551290
-1.740000 946.985441
-1.730000 923.641758
-1.720000 900.526056
-1.710000 877.645423
-1.700000 855.005996
-1.690000 832.612890
-1.680000 810.472749
-1.670000 788.590047
-1.660000 766.970062
-1.650000 745.618819
-1.640000 724.539931
-1.630000 703.738303
-1.620000 683.218198
-1.610000 662.983715
-1.600000 643.038796
-1.590000 623.386801
-1.580000 604.031299
-1.570000 584.975645
-1.560000 566.222800
-1.550000 547.775329
-1.540000 529.635897
-1.530000 511.806897
-1.520000 494.290640
-1.510000 477.088749
-1.500000 460.203314
-1.490000 443.635556
-1.480000 427.387049
-1.470001 411.458989
-1.460001 395.852199
-1.450001 380.567674
-1.440001 365.605798
-1.430001 350.967105
-1.420001 336.651733
-1.410001 322.659881
-1.400001 308.991420
-1.390001 295.645776
-1.380001 282.622712
-1.370001 269.921731
-1.360001 257.541542
-1.350001 245.481556
-1.340001 233.740482
-1.330001 222.317142
-1.320001 211.209992
-1.310001 200.417306
-1.300001 189.937473
-1.290001 179.768821
-1.280001 169.908802
-1.270001 160.355633
-1.260001 151.106720
-1.250001 142.159627
-1.240001 133.512044
-1.230001 125.160866
-1.220001 117.103469
-1.210001 109.336731
-1.200001 101.857612
-1.190001 94.663038
-1.180001 87.749507
-1.170001 81.113608
-1.160001 74.751879
-1.150001 68.660469
-1.140001 62.835879
-1.130001 57.274088
-1.120001 51.971317
-1.110001 46.923282
-1.100001 42.126102
-1.090001 37.575324
-1.080001 33.266873
-1.070001 29.196271
-1.060001 25.359153
-1.050001 21.750924
-1.040001 18.366972
-1.030001 15.202728
-1.020001 12.253481
-1.010001 9.514485
-1.000001 6.980762
-0.990001 4.647642
-0.980001 2.510071
-0.970001 0.563157
-0.960001 -1.198213
-0.950001 -2.779039
-0.940001 -4.184380
-0.930001 -5.419379
-0.920001 -6.489131
-0.910001 -7.398833
-0.900001 -8.153750
-0.890001 -8.759020
-0.880001 -9.219850
-0.870001 -9.541548
-0.860001 -9.729340
-0.850001 -9.788436
-0.840001 -9.724138
-0.830001 -9.541660
-0.820001 -9.246300
-0.810001 -8.843329
-0.800001 -8.337917
-0.790001 -7.735289
-0.780001 -7.040701
-0.770001 -6.259319
-0.760001 -5.396376
-0.750001 -4.456910
-0.740001 -3.446059
-0.730001 -2.368949
-0.720001 -1.230633
-0.710001 -0.036085
-0.700001 1.209719
-0.690001 2.501785
-0.680001 3.835283
-0.670001 5.205352
-0.660001 6.607202
-0.650001 8.036094
-0.640001 9.487365
-0.630001 10.956354
-0.620001 12.438525
-0.610001 13.929388
-0.600001 15.424481
-0.590001 16.919467
-0.580001 18.410016
-0.570001 19.891950
-0.560001 21.361098
-0.550001 22.813400
-0.540001 24.244860
-0.530001 25.651590
-0.520001 27.029752
-0.510001 28.375628
-0.500001 29.685558
-0.490001 30.955994
-0.480001 32.183490
-0.470001 33.364649
-0.460001 34.496217
-0.450001 35.575041
-0.440001 36.598017
-0.430001 37.562201
-0.420002 38.464709
-0.410002 39.302800
-0.400002 40.073803
-0.390002 40.775192
-0.380002 41.404514
-0.370002 41.959466
-0.360002 42.437826
-0.350002 42.837511
-0.340002 43.156525
-0.330002 43.393027
-0.320002 43.545259
-0.310002 43.611600
-0.300002 43.590550
-0.290002 43.480719
-0.280002 43.280849
-0.270002 42.989809
-0.260002 42.606582
-0.250002 42.130279
-0.240002 41.560144
-0.230002 40.895532
-0.220002 40.135946
-0.210002 39.280999
-0.200002 38.330438
-0.190002 37.284143
-0.180002 36.142116
-0.170002 34.904498
-0.160002 33.571549
-0.150002 32.143666
-0.140002 30.621376
-0.130002 29.005331
-0.120002 27.296318
-0.110002 25.495256
-0.100002 23.603192
-0.090002 21.621298
-0.080002 19.550885
-0.070002 17.393391
-0.060002 15.150380
-0.050002 12.823550
-0.040002 10.414724
-0.030002 7.925856
-0.020002 5.359027
-0.010002 2.716446
-0.000002 0.000447
0.009998 -2.786508
0.019998 -5.641833
0.029998 -8.562818
0.039998 -11.546627
0.049998 -14.590306
0.059998 -17.690772
0.069998 -20.844829
0.079998 -24.049158
0.089998 -27.300320
0.099998 -30.594762
0.109998 -33.928817
0.119998 -37.298693
0.129998 -40.700499
0.139998 -44.130223
0.149998 -47.583742
0.159998 -51.056833
0.169998 -54.545148
0.179998 -58.044256
0.189998 -61.549606
0.199998 -65.056554
0.209998 -68.560348
0.219998 -72.056140
0.229998 -75.538992
0.239998 -79.003860
0.249998 -82.445621
0.259998 -85.859041
0.269998 -89.238822
0.279998 -92.579561
0.289998 -95.875785
0.299998 -99.121923
0.309998 -102.312344
0.319998 -105.441327
0.329998 -108.503080
0.339998 -111.491717
0.349998 -114.401330
0.359998 -117.225908
0.369998 -119.959370
0.379998 -122.595597
0.389998 -125.128411
0.399998 -127.551540
0.409998 -129.858696
0.419998 -132.043514
0.429998 -134.099630
0.439998 -136.020545
0.449998 -137.799810
0.459998 -139.430880
0.469998 -140.907177
0.479998 -142.222140
0.489998 -143.369096
0.499998 -144.341399
0.509998 -145.132374
0.519998 -145.735297
0.529998 -146.143469
0.539998 -146.350134
0.549998 -146.348540
0.559998 -146.131944
0.569998 -145.693562
0.579998 -145.026610
0.589998 -144.124369
0.599998 -142.980063
0.609998 -141.586900
0.619998 -139.938181
0.629998 -138.027123
0.639998 -135.847087
0.649998 -133.391329
0.659998 -130.653213
0.669998 -127.626112
0.679998 -124.303366
0.689998 -120.678482
0.699998 -116.744875
0.709998 -112.496117
0.719998 -107.925689
0.729998 -103.027261
0.739998 -97.794475
0.749998 -92.221064
0.759998 -86.300787
0.769998 -80.027575
0.779998 -73.395193
0.789998 -66.397756
0.799998 -59.029303
0.809998 -51.283886
0.819998 -43.155838
0.829998 -34.639425
0.839998 -25.729021
0.849998 -16.419142
0.859998 -6.704424
0.869998 3.420510
0.879998 13.960868
0.889998 24.921720
0.899998 36.308029
0.909998 48.124662
0.919998 60.376443
0.929998 73.067851
0.939998 86.203558
0.949998 99.787788
0.959998 113.824901
0.969998 128.318947
0.979998 143.273811
0.989998 158.693381
0.999998 174.581376
1.009998 190.941184
1.019998 207.776243
1.029998 225.089808
1.039998 242.884790
1.049998 261.164141
1.059998 279.930545
1.069998 299.186561
1.079998 318.934471
1.089998 339.176589
1.099998 359.914835
1.109998 381.151105
1.119998 402.886889
1.129998 425.123593
1.139998 447.862539
1.149998 471.104906
1.159998 494.851399
1.169998 519.102625
1.179998 543.858873
1.189998 569.120558
1.199998 594.887828
1.209998 621.160334
1.219998 647.937388
1.229998 675.218770
1.239998 703.003462
1.249997 731.290044
1.259997 760.077792
1.269997 789.364357
1.279997 819.148665
1.289997 849.428243
1.299997 880.201075
1.309997 911.464435
1.319997 943.215703
1.329997 975.451659
1.339997 1008.169306
1.349997 1041.364920
1.359997 1075.034881
1.369997 1109.174951
1.379997 1143.781236
1.389997 1178.848740
1.399997 1214.372805
1.409997 1250.348628
1.419997 1286.770298
1.429997 1323.632963
1.439997 1360.930049
1.449997 1398.655561
1.459997 1436.803469
1.469997 1475.366744
1.479997 1514.338565
1.489997 1553.711958
1.499997 1593.478327
1.509997 1633.630991
1.519997 1674.161279
1.529997 1715.061095
1.539997 1756.321446
1.549997 1797.933544
1.559997 1839.888559
1.569997 1882.176401
1.579997 1924.787666
1.589997 1967.712419
1.599997 2010.939218
1.609997 2054.458526
1.619997 2098.259544
1.629997 2142.329716
1.639997 2186.658637
1.649997 2231.234148
1.659997 2276.044043
1.669997 2321.075828
1.679997 2366.317201
1.689997 2411.755086
1.699997 2457.375873
1.709997 2503.166633
1.719997 2549.112932
1.729997 2595.200297
1.739997 2641.415168
1.749997 2687.742008
1.759997 2734.166682
1.769997 2780.673320
1.779997 2827.246251
1.789997 2873.869758
1.799997 2920.527837
1.809997 2967.203963
1.819997 3013.881806
1.829997 3060.543330
1.839997 3107.172588
1.849997 3153.750524
1.859997 3200.260395
1.869997 3246.683773
1.879997 3293.002424
1.889997 3339.197841
1.899997 3385.250323
1.909997 3431.141292
1.919997 3476.852127
1.929997 3522.360957
1.939997 3567.649785
1.949997 3612.697599
1.959997 3657.483823
1.969997 3701.987852
1.979997 3746.188381
1.989997 3790.064306
1.999997 3833.594719
2.009997 3876.757799
2.019997 3919.530366
2.029997 3961.891463
2.039997 4003.818337
2.049997 4045.288011
2.059997 4086.277716
2.069997 4126.764456
2.079997 4166.724587
2.089997 4206.135101
2.099997 4244.971497
2.109997 4283.210340
2.119997 4320.827560
2.129997 4357.797637
2.139997 4394.097351
2.149997 4429.701208
2.159997 4464.583949
2.169997 4498.721748
2.179997 4532.086959
2.189997 4564.656592
2.199997 4596.403862
2.209997 4627.301451
2.219997 4657.325816
2.229997 4686.449315
2.239997 4714.646115
2.249997 4741.889076
2.259997 4768.152068
2.269997 4793.408055
2.279997 4817.630621
2.289997 4840.792832
2.299997 4862.866540
2.309997 4883.825315
2.319997 4903.641511
2.329997 4922.287387
2.339997 4939.735810
2.349997 4955.958144
2.359997 4970.927763
2.369997 4984.617233
2.379997 4996.996324
2.389997 5008.039166
2.399997 5017.717093
2.409997 5026.001077
2.419997 5032.864333
2.429996 5038.277415
2.439996 5042.212781
2.449996 5044.641575
2.459996 5045.535244
2.469996 5044.867049
2.479996 5042.606553
2.489996 5038.727263
2.499996 5033.198205
2.509996 5025.994022
2.519996 5017.084656
2.529996 5006.441282
2.539996 4994.036231
2.549996 4979.840741
2.559996 4963.828264
2.569996 4945.969026
2.579996 4926.234440
2.589996 4904.598055
2.599996 4881.030365
2.609996 4855.504012
2.619996 4827.991688
2.629996 4798.463262
2.639996 4766.895445
2.649996 4733.255518
2.659996 4697.519392
2.669996 4659.659302
2.679996 4619.647642
2.689996 4577.456971
2.699996 4533.060855
2.709996 4486.432157
2.719996 4437.543928
2.729996 4386.370980
2.739996 4332.885134
2.749996 4277.063040
2.759996 4218.875464
2.769996 4158.299363
2.779996 4095.308189
2.789996 4029.876384
2.799996 3961.979953
2.809996 3891.592473
2.819996 3818.690409
2.829996 3743.250358
2.839996 3665.246152
2.849996 3584.655513
2.859996 3501.453527
2.869996 3415.618888
2.879996 3327.126771
2.889996 3235.955338
2.899996 3142.082001
2.909996 3045.484968
2.919996 2946.141863
2.929996 2844.032390
2.939996 2739.134828
2.949996 2631.427913
2.959996 2520.891901
2.969996 2407.506622
2.979996 2291.252938
2.989996 2172.110494
2.999996 2050.061239
