-1.990000 229.598216
-1.980000 214.136283
-1.970000 198.811983
-1.960000 183.631698
-1.950000 168.601507
-1.940000 153.728040
-1.930000 139.017632
-1.920000 124.475694
-1.910000 110.108078
-1.900000 95.920570
-1.890000 81.918138
-1.880000 68.106259
-1.870000 54.489650
-1.860000 41.073716
-1.850000 27.862283
-1.840000 14.860335
-1.830000 2.071918
-1.820000 -10.498869
-1.810000 -22.847930
-1.800000 -34.971940
-1.790000 -46.867041
-1.780000 -58.529846
-1.770000 -69.957267
-1.760000 -81.146451
-1.750000 -92.094300
-1.740000 -102.798251
-1.730000 -113.255851
-1.720000 -123.464699
-1.710000 -133.422444
-1.700000 -143.127690
-1.690000 -152.578239
-1.680000 -161.772244
-1.670000 -170.708505
-1.660000 -179.385624
-1.650000 -187.802546
-1.640000 -195.958135
-1.630000 -203.851475
-1.620000 -211.482111
-1.610000 -218.849381
-1.600000 -225.953080
-1.590000 -232.792791
-1.580000 -239.368614
-1.570000 -245.680373
-1.560000 -251.728524
-1.550000 -257.513490
-1.540000 -263.035774
-1.530000 -268.295656
-1.520000 -273.294471
-1.510000 -278.032839
-1.500000 -282.512002
-1.490000 -286.733034
-1.480000 -290.697626
-1.470001 -294.406808
-1.460001 -297.862469
-1.450001 -301.066015
-1.440001 -304.019523
-1.430001 -306.724947
-1.420001 -309.184361
-1.410001 -311.400077
-1.400001 -313.374338
-1.390001 -315.109563
-1.380001 -316.608277
-1.370001 -317.873177
-1.360001 -318.907001
-1.350001 -319.712650
-1.340001 -320.293009
-1.330001 -320.651236
-1.320001 -320.790408
-1.310001 -320.713634
-1.300001 -320.424588
-1.290001 -319.926383
-1.280001 -319.222686
-1.270001 -318.317130
-1.260001 -317.213254
-1.250001 -315.914848
-1.240001 -314.425778
-1.230001 -312.749982
-1.220001 -310.891294
-1.210001 -308.853788
-1.200001 -306.641661
-1.190001 -304.258999
-1.180001 -301.710004
-1.170001 -298.999049
-1.160001 -296.130277
-1.150001 -293.108223
-1.140001 -289.937244
-1.130001 -286.621964
-1.120001 -283.166665
-1.110001 -279.576056
-1.100001 -275.854718
-1.090001 -272.007265
-1.080001 -268.038348
-1.070001 -263.952699
-1.060001 -259.754970
-1.050001 -255.450052
-1.040001 -251.042589
-1.030001 -246.537355
-1.020001 -241.939241
-1.010001 -237.252947
-1.000001 -232.483543
-0.990001 -227.635542
-0.980001 -222.713977
-0.970001 -217.723630
-0.960001 -212.669384
-0.950001 -207.556167
-0.940001 -202.388705
-0.930001 -197.171770
-0.920001 -191.910318
-0.910001 -186.609147
-0.900001 -181.273037
-0.890001 -175.906661
-0.880001 -170.514955
-0.870001 -165.102548
-0.860001 -159.674141
-0.850001 -154.234545
-0.840001 -148.788265
-0.830001 -143.340005
-0.820001 -137.894342
-0.810001 -132.455862
-0.800001 -127.029023
-0.790001 -121.618351
-0.780001 -116.228243
-0.770001 -110.863049
-0.760001 -105.527200
-0.750001 -100.224927
-0.740001 -94.960473
-0.730001 -89.737985
-0.720001 -84.561634
-0.710001 -79.435452
-0.700001 -74.363470
-0.690001 -69.349615
-0.680001 -64.397732
-0.670001 -59.511676
-0.660001 -54.695154
-0.650001 -49.951862
-0.640001 -45.285347
-0.630001 -40.699174
-0.620001 -36.196795
-0.610001 -31.781529
-0.600001 -27.456707
-0.590001 -23.225505
-0.580001 -19.091067
-0.570001 -15.056422
-0.560001 -11.124491
-0.550001 -7.298193
-0.540001 -3.580242
-0.530001 0.026644
-0.520001 3.519885
-0.510001 6.896996
-0.500001 10.155573
-0.490001 13.293321
-0.480001 16.308018
-0.470001 19.197566
-0.460001 21.959970
-0.450001 24.593322
-0.440001 27.095831
-0.430001 29.465781
-0.420002 31.701603
-0.410002 33.801801
-0.400002 35.764997
-0.390002 37.589924
-0.380002 39.275420
-0.370002 40.820430
-0.360002 42.224023
-0.350002 43.485349
-0.340002 44.603717
-0.330002 45.578494
-0.320002 46.409198
-0.310002 47.095447
-0.300002 47.636983
-0.290002 48.033639
-0.280002 48.285396
-0.270002 48.392317
-0.260002 48.354609
-0.250002 48.172575
-0.240002 47.846644
-0.230002 47.377356
-0.220002 46.765373
-0.210002 46.011469
-0.200002 45.116535
-0.190002 44.081582
-0.180002 42.907730
-0.170002 41.596227
-0.160002 40.148426
-0.150002 38.565803
-0.140002 36.849947
-0.130002 35.002562
-0.120002 33.025468
-0.110002 30.920604
-0.100002 28.690009
-0.090002 26.335857
-0.080002 23.860414
-0.070002 21.266074
-0.060002 18.555340
-0.050002 15.730817
-0.040002 12.795234
-0.030002 9.751419
-0.020002 6.602316
-0.010002 3.350975
-0.000002 0.000552
0.009998 -3.445688
0.019998 -6.984378
0.029998 -10.612043
0.039998 -14.325108
0.049998 -18.119893
0.059998 -21.992621
0.069998 -25.939412
0.079998 -29.956289
0.089998 -34.039178
0.099998 -38.183910
0.109998 -42.386217
0.119998 -46.641748
0.129998 -50.946052
0.139998 -55.294594
0.149998 -59.682742
0.159998 -64.105790
0.169998 -68.558935
0.179998 -73.037298
0.189998 -77.535909
0.199998 -82.049735
0.209998 -86.573660
0.219998 -91.102479
0.229998 -95.630926
0.239998 -100.153657
0.249998 -104.665256
0.259998 -109.160247
0.269998 -113.633090
0.279998 -118.078152
0.289998 -122.489792
0.299998 -126.862258
0.309998 -131.189765
0.319998 -135.466464
0.329998 -139.686474
0.339998 -143.843832
0.349998 -147.932549
0.359998 -151.946567
0.369998 -155.879827
0.379998 -159.726187
0.389998 -163.479479
0.399998 -167.133493
0.409998 -170.682014
0.419998 -174.118759
0.429998 -177.437464
0.439998 -180.631753
0.449998 -183.695328
0.459998 -186.621807
0.469998 -189.404814
0.479998 -192.037946
0.489998 -194.514788
0.499998 -196.828928
0.509998 -198.973944
0.519998 -200.943407
0.529998 -202.730861
0.539998 -204.329883
0.549998 -205.734089
0.559998 -206.937006
0.569998 -207.932235
0.579998 -208.713406
0.589998 -209.274134
0.599998 -209.608053
0.609998 -209.708818
0.619998 -209.570107
0.629998 -209.185683
0.639998 -208.549230
0.649998 -207.654557
0.659998 -206.495510
0.669998 -205.065904
0.679998 -203.359649
0.689998 -201.370683
0.699998 -199.093035
0.709998 -196.520724
0.719998 -193.647886
0.729998 -190.468616
0.739998 -186.977230
0.749998 -183.167947
0.759998 -179.035179
0.769998 -174.573282
0.779998 -169.776811
0.789998 -164.640336
0.799998 -159.158530
0.809998 -153.326105
0.819998 -147.137857
0.829998 -140.588785
0.839998 -133.673890
0.849998 -126.388203
0.859998 -118.727009
0.869998 -110.685537
0.879998 -102.259330
0.889998 -93.443781
0.899998 -84.234558
0.909998 -74.627421
0.919998 -64.618171
0.929998 -54.202903
0.939998 -43.377664
0.949998 -32.138649
0.959998 -20.482282
0.969998 -8.404996
0.979998 4.096519
0.989998 17.025610
0.999998 30.385204
1.009998 44.178416
1.019998 58.408038
1.029998 73.076528
1.039998 88.186635
1.049998 103.740562
1.059998 119.740484
1.069998 136.188604
1.079998 153.086534
1.089998 170.436363
1.099998 188.239179
1.109998 206.496545
1.119998 225.209854
1.129998 244.379720
1.139998 264.007347
1.149998 284.093097
1.159998 304.637533
1.169998 325.641036
1.179998 347.103515
1.189998 369.025085
1.199998 391.405441
1.209998 414.244028
1.219998 437.540203
1.229998 461.292897
1.239998 485.501268
1.249997 510.163953
1.259997 535.279239
1.269997 560.845813
1.279997 586.861571
1.289997 613.324311
1.299997 640.231972
1.309997 667.581569
1.319997 695.370723
1.329997 723.596365
1.339997 752.255087
1.349997 781.343492
1.359997 810.857959
1.369997 840.794520
1.379997 871.149462
1.389997 901.918122
1.399997 933.095964
1.409997 964.677981
1.419997 996.659294
1.429997 1029.034907
1.439997 1061.798627
1.449997 1094.945227
1.459997 1128.468883
1.469997 1162.362682
1.479997 1196.621169
1.489997 1231.236340
1.499997 1266.202380
1.509997 1301.511773
1.519997 1337.156512
1.529997 1373.129446
1.539997 1409.422932
1.549997 1446.027986
1.559997 1482.936718
1.569997 1520.140506
1.579997 1557.629989
1.589997 1595.396661
1.599997 1633.430668
1.609997 1671.722274
1.619997 1710.261983
1.629997 1749.039079
1.639997 1788.044055
1.649997 1827.265089
1.659997 1866.692303
1.669997 1906.314108
1.679997 1946.118915
1.689997 1986.095372
1.699997 2026.231638
1.709997 2066.515987
1.719997 2106.935120
1.729997 2147.476820
1.739997 2188.128026
1.749997 2228.876154
1.759997 2269.707174
1.769997 2310.608256
1.779997 2351.565129
1.789997 2392.563524
1.799997 2433.589887
1.809997 2474.628758
1.819997 2515.665634
1.829997 2556.685772
1.839997 2597.673960
1.849997 2638.614282
1.859997 2679.491534
1.869997 2720.289110
1.879997 2760.991580
1.889997 2801.582353
1.899997 2842.043921
1.909997 2882.360873
1.919997 2922.514573
1.929997 2962.489848
1.939997 3002.266951
1.949997 3041.829360
1.959997 3081.159192
1.969997 3120.238131
1.979997 3159.047658
1.989997 3197.569497
1.999997 3235.784725
2.009997 3273.674702
2.019997 3311.220026
2.029997 3348.401236
2.039997 3385.198854
2.049997 3421.593648
2.059997 3457.565116
2.069997 3493.093872
2.079997 3528.158631
2.089997 3562.739866
2.099997 3596.816382
2.109997 3630.368295
2.119997 3663.374080
2.129997 3695.812475
2.139997 3727.662479
2.149997 3758.903338
2.159997 3789.512102
2.169997 3819.467725
2.179997 3848.748602
2.189997 3877.332584
2.199997 3905.197787
2.209997 3932.321405
2.219997 3958.681689
2.229997 3984.255590
2.239997 4009.021108
2.249997 4032.954587
2.259997 4056.034177
2.269997 4078.236395
2.279997 4099.538417
2.289997 4119.916212
2.299997 4139.348239
2.309997 4157.809921
2.319997 4175.278433
2.329997 4191.729790
2.339997 4207.141003
2.349997 4221.488302
2.359997 4234.747169
2.369997 4246.895108
2.379997 4257.907834
2.389997 4267.761367
2.399997 4276.431364
2.409997 4283.895095
2.419997 4290.127809
2.429996 4295.106043
2.439996 4298.804399
2.449996 4301.200952
2.459996 4302.270287
2.469996 4301.988571
2.479996 4300.331963
2.489996 4297.276324
2.499996 4292.798121
2.509996 4286.872658
2.519996 4279.477012
2.529996 4270.585427
2.539996 4260.175880
2.549996 4248.224107
2.559996 4234.705107
2.569996 4219.596652
2.579996 4202.874398
2.589996 4184.514623
2.599996 4164.494439
2.609996 4142.788764
2.619996 4119.376362
2.629996 4094.232356
2.639996 4067.333720
2.649996 4038.658213
2.659996 4008.182287
2.669996 3975.882997
2.679996 3941.737527
2.689996 3905.724480
2.699996 3867.819989
2.709996 3828.001673
2.719996 3786.248104
2.729996 3742.537557
2.739996 3696.846916
2.749996 3649.155582
2.759996 3599.441582
2.769996 3547.683874
2.779996 3493.860888
2.789996 3437.951967
2.799996 3379.936299
2.809996 3319.793290
2.819996 3257.502879
2.829996 3193.044900
2.839996 3126.399133
2.849996 3057.546200
2.859996 2986.466941
2.869996 2913.142150
2.879996 2837.552635
2.889996 2759.679999
2.899996 2679.505620
2.909996 2597.012317
2.919996 2512.181119
2.929996 2424.995186
2.939996 2335.437671
2.949996 2243.490662
2.959996 2149.138700
2.969996 2052.364919
2.979996 1953.153529
2.989996 1851.488600
2.999996 1747.355451
