-1.990000 -2895.888518
-1.980000 -2863.316667
-1.970000 -2830.550733
-1.960000 -2797.606485
-1.950000 -2764.499691
-1.940000 -2731.245659
-1.930000 -2697.860151
-1.920000 -2664.357326
-1.910000 -2630.752246
-1.900000 -2597.059514
-1.890000 -2563.293262
-1.880000 -2529.467850
-1.870000 -2495.596467
-1.860000 -2461.693226
-1.850000 -2427.770831
-1.840000 -2393.842917
-1.830000 -2359.922407
-1.820000 -2326.020802
-1.810000 -2292.151481
-1.800000 -2258.326165
-1.790000 -2224.556800
-1.780000 -2190.854854
-1.770000 -2157.231545
-1.760000 -2123.698327
-1.750000 -2090.265690
-1.740000 -2056.944837
-1.730000 -2023.745768
-1.720000 -1990.678114
-1.710000 -1957.752467
-1.700000 -1924.978331
-1.690000 -1892.364845
-1.680000 -1859.921386
-1.670000 -1827.656728
-1.660000 -1795.579278
-1.650000 -1763.698172
-1.640000 -1732.021093
-1.630000 -1700.555967
-1.620000 -1669.310724
-1.610000 -1638.292691
-1.600000 -1607.508833
-1.590000 -1576.966490
-1.580000 -1546.672278
-1.570000 -1516.632698
-1.560000 -1486.854144
-1.550000 -1457.342408
-1.540000 -1428.103785
-1.530000 -1399.143364
-1.520000 -1370.466617
-1.510000 -1342.078909
-1.500000 -1313.984897
-1.490000 -1286.189254
-1.480000 -1258.696920
-1.470001 -1231.511521
-1.460001 -1204.637315
-1.450001 -1178.078223
-1.440001 -1151.837588
-1.430001 -1125.919146
-1.420001 -1100.325696
-1.410001 -1075.060675
-1.400001 -1050.126468
-1.390001 -1025.525620
-1.380001 -1001.260593
-1.370001 -977.333410
-1.360001 -953.746255
-1.350001 -930.500639
-1.340001 -907.598477
-1.330001 -885.040837
-1.320001 -862.828901
-1.310001 -840.963956
-1.300001 -819.446519
-1.290001 -798.277456
-1.280001 -777.457045
-1.270001 -756.985621
-1.260001 -736.863409
-1.250001 -717.090285
-1.240001 -697.665903
-1.230001 -678.590101
-1.220001 -659.862263
-1.210001 -641.481618
-1.200001 -623.447296
-1.190001 -605.758389
-1.180001 -588.413722
-1.170001 -571.411808
-1.160001 -554.751353
-1.150001 -538.430864
-1.140001 -522.448263
-1.130001 -506.802064
-1.120001 -491.489982
-1.110001 -476.510207
-1.100001 -461.860094
-1.090001 -447.537530
-1.080001 -433.539929
-1.070001 -419.864724
-1.060001 -406.509154
-1.050001 -393.470400
-1.040001 -380.745433
-1.030001 -368.331358
-1.020001 -356.224967
-1.010001 -344.422981
-1.000001 -332.922185
-0.990001 -321.718910
-0.980001 -310.809915
-0.970001 -300.191388
-0.960001 -289.859743
-0.950001 -279.811262
-0.940001 -270.042054
-0.930001 -260.548256
-0.920001 -251.325815
-0.910001 -242.370784
-0.900001 -233.678985
-0.890001 -225.246372
-0.880001 -217.068655
-0.870001 -209.141538
-0.860001 -201.460797
-0.850001 -194.021997
-0.840001 -186.820822
-0.830001 -179.852759
-0.820001 -173.113349
-0.810001 -166.598122
-0.800001 -160.302491
-0.790001 -154.221952
-0.780001 -148.351911
-0.770001 -142.687693
-0.760001 -137.224732
-0.750001 -131.958395
-0.740001 -126.884040
-0.730001 -121.996992
-0.720001 -117.292578
-0.710001 -112.766180
-0.700001 -108.413112
-0.690001 -104.228712
-0.680001 -100.208364
-0.670001 -96.347396
-0.660001 -92.641196
-0.650001 -89.085167
-0.640001 -85.674695
-0.630001 -82.405242
-0.620001 -79.272241
-0.610001 -76.271185
-0.600001 -73.397582
-0.590001 -70.646981
-0.580001 -68.014961
-0.570001 -65.497156
-0.560001 -63.089198
-0.550001 -60.786805
-0.540001 -58.585723
-0.530001 -56.481753
-0.520001 -54.470722
-0.510001 -52.548553
-0.500001 -50.711187
-0.490001 -48.954632
-0.480001 -47.274972
-0.470001 -45.668333
-0.460001 -44.130914
-0.450001 -42.658976
-0.440001 -41.248861
-0.430001 -39.896964
-0.420002 -38.599772
-0.410002 -37.353825
-0.400002 -36.155760
-0.390002 -35.002280
-0.380002 -33.890173
-0.370002 -32.816313
-0.360002 -31.777648
-0.350002 -30.771219
-0.340002 -29.794159
-0.330002 -28.843679
-0.320002 -27.917089
-0.310002 -27.011790
-0.300002 -26.125271
-0.290002 -25.255124
-0.280002 -24.399036
-0.270002 -23.554788
-0.260002 -22.720265
-0.250002 -21.893447
-0.240002 -21.072420
-0.230002 -20.255372
-0.220002 -19.440593
-0.210002 -18.626483
-0.200002 -17.811540
-0.190002 -16.994375
-0.180002 -16.173705
-0.170002 -15.348353
-0.160002 -14.517254
-0.150002 -13.679453
-0.140002 -12.834103
-0.130002 -11.980470
-0.120002 -11.117933
-0.110002 -10.245979
-0.100002 -9.364210
-0.090002 -8.472342
-0.080002 -7.570202
-0.070002 -6.657731
-0.060002 -5.734985
-0.050002 -4.802133
-0.040002 -3.859458
-0.030002 -2.907355
-0.020002 -1.946336
-0.010002 -0.977024
-0.000002 -0.000159
0.009998 0.983408
0.019998 1.972714
0.029998 2.966679
0.039998 3.964115
0.049998 4.963717
0.059998 5.964074
0.069998 6.963658
0.079998 7.960836
0.089998 8.953861
0.099998 9.940879
0.109998 10.919926
0.119998 11.888933
0.129998 12.845720
0.139998 13.788006
0.149998 14.713401
0.159998 15.619414
0.169998 16.503450
0.179998 17.362812
0.189998 18.194702
0.199998 18.996225
0.209998 19.764387
0.219998 20.496098
0.229998 21.188169
0.239998 21.837326
0.249998 22.440190
0.259998 22.993305
0.269998 23.493114
0.279998 23.935982
0.289998 24.318184
0.299998 24.635910
0.309998 24.885268
0.319998 25.062288
0.329998 25.162920
0.339998 25.183042
0.349998 25.118447
0.359998 24.964863
0.369998 24.717951
0.379998 24.373292
0.389998 23.926413
0.399998 23.372772
0.409998 22.707762
0.419998 21.926725
0.429998 21.024933
0.439998 19.997618
0.449998 18.839951
0.459998 17.547056
0.469998 16.114006
0.479998 14.535837
0.489998 12.807532
0.499998 10.924049
0.509998 8.880282
0.519998 6.671135
0.529998 4.291439
0.539998 1.736016
0.549998 -1.000345
0.559998 -3.922873
0.569998 -7.036811
0.579998 -10.347443
0.589998 -13.860045
0.599998 -17.579915
0.609998 -21.512353
0.619998 -25.662662
0.629998 -30.036168
0.639998 -34.638189
0.649998 -39.474004
0.659998 -44.548938
0.669998 -49.868290
0.679998 -55.437288
0.689998 -61.261259
0.699998 -67.345416
0.709998 -73.694995
0.719998 -80.315171
0.729998 -87.211101
0.739998 -94.387979
0.749998 -101.850834
0.759998 -109.604775
0.769998 -117.654786
0.779998 -126.005849
0.789998 -134.662960
0.799998 -143.630872
0.809998 -152.914495
0.819998 -162.518531
0.829998 -172.447731
0.839998 -182.706665
0.849998 -193.299952
0.859998 -204.232067
0.869998 -215.507435
0.879998 -227.130332
0.889998 -239.105090
0.899998 -251.435815
0.909998 -264.126670
0.919998 -277.181578
0.929998 -290.604488
0.939998 -304.399081
0.949998 -318.569130
0.959998 -333.118277
0.969998 -348.049909
0.979998 -363.367372
0.989998 -379.073972
0.999998 -395.172797
1.009998 -411.666912
1.019998 -428.559156
1.029998 -445.852261
1.039998 -463.548962
1.049998 -481.651567
1.059998 -500.162533
1.069998 -519.083967
1.079998 -538.418095
1.089998 -558.166674
1.099998 -578.331524
1.109998 -598.914257
1.119998 -619.916271
1.129998 -641.338860
1.139998 -663.183040
1.149998 -685.450050
1.159998 -708.140516
1.169998 -731.254944
1.179998 -754.793889
1.189998 -778.757500
1.199998 -803.145972
1.209998 -827.959202
1.219998 -853.196728
1.229998 -878.858298
1.239998 -904.942835
1.249997 -931.449755
1.259997 -958.378106
1.269997 -985.726387
1.279997 -1013.493122
1.289997 -1041.676749
1.299997 -1070.275143
1.309997 -1099.286556
1.319997 -1128.707967
1.329997 -1158.537789
1.339997 -1188.772563
1.349997 -1219.409555
1.359997 -1250.445453
1.369997 -1281.877076
1.379997 -1313.700420
1.389997 -1345.911967
1.399997 -1378.507129
1.409997 -1411.482046
1.419997 -1444.831900
1.429997 -1478.551997
1.439997 -1512.636920
1.449997 -1547.081737
1.459997 -1581.880787
1.469997 -1617.028047
1.479997 -1652.517849
1.489997 -1688.343554
1.499997 -1724.499122
1.509997 -1760.977289
1.519997 -1797.771270
1.529997 -1834.873661
1.539997 -1872.276803
1.549997 -1909.973148
1.559997 -1947.954523
1.569997 -1986.212501
1.579997 -2024.738513
1.589997 -2063.523856
1.599997 -2102.559810
1.609997 -2141.836171
1.619997 -2181.343939
1.629997 -2221.072875
1.639997 -2261.013207
1.649997 -2301.154170
1.659997 -2341.485462
1.669997 -2381.995305
1.679997 -2422.673353
1.689997 -2463.508268
1.699997 -2504.487475
1.709997 -2545.599833
1.719997 -2586.832479
1.729997 -2628.173255
1.739997 -2669.608772
1.749997 -2711.126582
1.759997 -2752.713248
1.769997 -2794.354830
1.779997 -2836.038085
1.789997 -2877.748069
1.799997 -2919.471487
1.809997 -2961.192399
1.819997 -3002.896983
1.829997 -3044.569731
1.839997 -3086.195114
1.849997 -3127.757817
1.859997 -3169.241091
1.869997 -3210.629811
1.879997 -3251.906488
1.889997 -3293.055018
1.899997 -3334.058114
1.909997 -3374.899162
1.919997 -3415.560377
1.929997 -3456.023729
1.939997 -3496.271861
1.949997 -3536.286483
1.959997 -3576.048613
1.969997 -3615.540390
1.979997 -3654.742133
1.989997 -3693.635503
1.999997 -3732.199914
2.009997 -3770.417457
2.019997 -3808.267285
2.029997 -3845.729267
2.039997 -3882.783253
2.049997 -3919.408867
2.059997 -3955.585518
2.069997 -3991.291967
2.079997 -4026.507624
2.089997 -4061.209983
2.099997 -4095.378467
2.109997 -4128.992276
2.119997 -4162.027055
2.129997 -4194.462040
2.139997 -4226.275416
2.149997 -4257.443534
2.159997 -4287.945026
2.169997 -4317.755483
2.179997 -4346.852365
2.189997 -4375.212544
2.199997 -4402.813119
2.209997 -4429.629829
2.219997 -4455.638665
2.229997 -4480.817785
2.239997 -4505.140150
2.249997 -4528.583990
2.259997 -4551.122788
2.269997 -4572.734074
2.279997 -4593.392581
2.289997 -4613.073302
2.299997 -4631.751478
2.309997 -4649.402228
2.319997 -4666.001265
2.329997 -4681.520974
2.339997 -4695.938639
2.349997 -4709.227520
2.359997 -4721.361868
2.369997 -4732.317215
2.379997 -4742.066941
2.389997 -4750.586055
2.399997 -4757.848138
2.409997 -4763.827055
2.419997 -4768.497911
2.429996 -4771.833791
2.439996 -4773.808087
2.449996 -4774.396350
2.459996 -4773.570939
2.469996 -4771.306071
2.479996 -4767.576520
2.489996 -4762.354322
2.499996 -4755.614801
2.509996 -4747.330597
2.519996 -4737.475827
2.529996 -4726.024593
2.539996 -4712.950710
2.549996 -4698.227462
2.559996 -4681.828183
2.569996 -4663.726794
2.579996 -4643.898290
2.589996 -4622.316103
2.599996 -4598.953743
2.609996 -4573.785796
2.619996 -4546.785414
2.629996 -4517.927795
2.639996 -4487.186735
2.649996 -4454.537064
2.659996 -4419.951855
2.669996 -4383.407043
2.679996 -4344.875078
2.689996 -4304.333381
2.699996 -4261.755942
2.709996 -4217.116123
2.719996 -4170.391557
2.729996 -4121.555502
2.739996 -4070.584210
2.749996 -4017.452897
2.759996 -3962.137701
2.769996 -3904.613826
2.779996 -3844.858452
2.789996 -3782.846813
2.799996 -3718.555748
2.809996 -3651.961624
2.819996 -3583.041355
2.829996 -3511.772669
2.839996 -3438.131985
2.849996 -3362.097468
2.859996 -3283.646627
2.869996 -3202.757514
2.879996 -3119.407927
2.889996 -3033.577454
2.899996 -2945.243464
2.909996 -2854.386737
2.919996 -2760.985497
2.929996 -2665.019469
2.939996 -2566.468874
2.949996 -2465.314010
2.959996 -2361.535667
2.969996 -2255.114079
2.979996 -2146.031223
2.989996 -2034.268370
2.999996 -1919.807489
