-1.990000 -2014.794294
-1.980000 -1988.769168
-1.970000 -1962.625517
-1.960000 -1936.376201
-1.950000 -1910.033898
-1.940000 -1883.609629
-1.930000 -1857.115468
-1.920000 -1830.563649
-1.910000 -1803.964842
-1.900000 -1777.330671
-1.890000 -1750.671878
-1.880000 -1723.999590
-1.870000 -1697.324277
-1.860000 -1670.656330
-1.850000 -1644.006181
-1.840000 -1617.384065
-1.830000 -1590.799200
-1.820000 -1564.261785
-1.810000 -1537.781350
-1.800000 -1511.366520
-1.790000 -1485.027382
-1.780000 -1458.772045
-1.770000 -1432.609132
-1.760000 -1406.548028
-1.750000 -1380.596125
-1.740000 -1354.761697
-1.730000 -1329.053060
-1.720000 -1303.477373
-1.710000 -1278.042562
-1.700000 -1252.755510
-1.690000 -1227.623631
-1.680000 -1202.653782
-1.670000 -1177.852745
-1.660000 -1153.226865
-1.650000 -1128.782903
-1.640000 -1104.526451
-1.630000 -1080.463640
-1.620000 -1056.600533
-1.610000 -1032.942270
-1.600000 -1009.494714
-1.590000 -986.262504
-1.580000 -963.250763
-1.570000 -940.464729
-1.560000 -917.908481
-1.550000 -895.586765
-1.540000 -873.504022
-1.530000 -851.663841
-1.520000 -830.070238
-1.510000 -808.727537
-1.500000 -787.638421
-1.490000 -766.806796
-1.480000 -746.235481
-1.470001 -725.927849
-1.460001 -705.886553
-1.450001 -686.114136
-1.440001 -666.613336
-1.430001 -647.386540
-1.420001 -628.435605
-1.410001 -609.762466
-1.400001 -591.369500
-1.390001 -573.257835
-1.380001 -555.429284
-1.370001 -537.885022
-1.360001 -520.626307
-1.350001 -503.654306
-1.340001 -486.969731
-1.330001 -470.573387
-1.320001 -454.466048
-1.310001 -438.647809
-1.300001 -423.119332
-1.290001 -407.880634
-1.280001 -392.931625
-1.270001 -378.272398
-1.260001 -363.902621
-1.250001 -349.821942
-1.240001 -336.029623
-1.230001 -322.525487
-1.220001 -309.308397
-1.210001 -296.377468
-1.200001 -283.731976
-1.190001 -271.370595
-1.180001 -259.292138
-1.170001 -247.495135
-1.160001 -235.978286
-1.150001 -224.739845
-1.140001 -213.778322
-1.130001 -203.091787
-1.120001 -192.678379
-1.110001 -182.536160
-1.100001 -172.662880
-1.090001 -163.056521
-1.080001 -153.714810
-1.070001 -144.635330
-1.060001 -135.815631
-1.050001 -127.253182
-1.040001 -118.945419
-1.030001 -110.889572
-1.020001 -103.082942
-1.010001 -95.522620
-1.000001 -88.205739
-0.990001 -81.129289
-0.980001 -74.290272
-0.970001 -67.685540
-0.960001 -61.311893
-0.950001 -55.166152
-0.940001 -49.244994
-0.930001 -43.545104
-0.920001 -38.063108
-0.910001 -32.795507
-0.900001 -27.738899
-0.890001 -22.889725
-0.880001 -18.244409
-0.870001 -13.799377
-0.860001 -9.550981
-0.850001 -5.495560
-0.840001 -1.629408
-0.830001 2.051169
-0.820001 5.549941
-0.810001 8.870671
-0.800001 12.017162
-0.790001 14.993191
-0.780001 17.802581
-0.770001 20.449167
-0.760001 22.936800
-0.750001 25.269270
-0.740001 27.450505
-0.730001 29.484315
-0.720001 31.374538
-0.710001 33.125043
-0.700001 34.739654
-0.690001 36.222232
-0.680001 37.576561
-0.670001 38.806489
-0.660001 39.915791
-0.650001 40.908255
-0.640001 41.787638
-0.630001 42.557672
-0.620001 43.222075
-0.610001 43.784540
-0.600001 44.248728
-0.590001 44.618260
-0.580001 44.896738
-0.570001 45.087730
-0.560001 45.194751
-0.550001 45.221297
-0.540001 45.170815
-0.530001 45.046707
-0.520001 44.852338
-0.510001 44.591018
-0.500001 44.266014
-0.490001 43.880543
-0.480001 43.437768
-0.470001 42.940800
-0.460001 42.392696
-0.450001 41.796449
-0.440001 41.155004
-0.430001 40.471242
-0.420002 39.747968
-0.410002 38.987949
-0.400002 38.193868
-0.390002 37.368346
-0.380002 36.513938
-0.370002 35.633129
-0.360002 34.728333
-0.350002 33.801890
-0.340002 32.856073
-0.330002 31.893071
-0.320002 30.915002
-0.310002 29.923910
-0.300002 28.921755
-0.290002 27.910422
-0.280002 26.891712
-0.270002 25.867349
-0.260002 24.838971
-0.250002 23.808132
-0.240002 22.776307
-0.230002 21.744881
-0.220002 20.715155
-0.210002 19.688345
-0.200002 18.665578
-0.190002 17.647894
-0.180002 16.636242
-0.170002 15.631485
-0.160002 14.634394
-0.150002 13.645653
-0.140002 12.665851
-0.130002 11.695490
-0.120002 10.734978
-0.110002 9.784633
-0.100002 8.844679
-0.090002 7.915249
-0.080002 6.996384
-0.070002 6.088032
-0.060002 5.190049
-0.050002 4.302197
-0.040002 3.424148
-0.030002 2.555478
-0.020002 1.695673
-0.010002 0.844125
-0.000002 0.000137
0.009998 -0.837085
0.019998 -1.668422
0.029998 -2.494849
0.039998 -3.317430
0.049998 -4.137322
0.059998 -4.955770
0.069998 -5.774109
0.079998 -6.593764
0.089998 -7.416249
0.099998 -8.243163
0.109998 -9.076194
0.119998 -9.917118
0.129998 -10.767792
0.139998 -11.630165
0.149998 -12.506260
0.159998 -13.398194
0.169998 -14.308158
0.179998 -15.238428
0.189998 -16.191359
0.199998 -17.169386
0.209998 -18.175018
0.219998 -19.210848
0.229998 -20.279537
0.239998 -21.383827
0.249998 -22.526528
0.259998 -23.710522
0.269998 -24.938765
0.279998 -26.214282
0.289998 -27.540160
0.299998 -28.919557
0.309998 -30.355695
0.319998 -31.851856
0.329998 -33.411391
0.339998 -35.037698
0.349998 -36.734245
0.359998 -38.504547
0.369998 -40.352188
0.379998 -42.280786
0.389998 -44.294025
0.399998 -46.395629
0.409998 -48.589375
0.419998 -50.879086
0.429998 -53.268619
0.439998 -55.761888
0.449998 -58.362828
0.459998 -61.075432
0.469998 -63.903705
0.479998 -66.851711
0.489998 -69.923527
0.499998 -73.123256
0.509998 -76.455063
0.519998 -79.923073
0.529998 -83.531504
0.539998 -87.284533
0.549998 -91.186397
0.559998 -95.241334
0.569998 -99.453588
0.579998 -103.827429
0.589998 -108.367136
0.599998 -113.076952
0.609998 -117.961190
0.619998 -123.024115
0.629998 -128.270005
0.639998 -133.703145
0.649998 -139.327785
0.659998 -145.148222
0.669998 -151.168668
0.679998 -157.393375
0.689998 -163.826540
0.699998 -170.472363
0.709998 -177.335037
0.719998 -184.418715
0.729998 -191.727500
0.739998 -199.265507
0.749998 -207.036756
0.759998 -215.045334
0.769998 -223.295168
0.779998 -231.790268
0.789998 -240.534495
0.799998 -249.531665
0.809998 -258.785694
0.819998 -268.300252
0.829998 -278.079066
0.839998 -288.125825
0.849998 -298.444026
0.859998 -309.037260
0.869998 -319.908986
0.879998 -331.062573
0.889998 -342.501291
0.899998 -354.228482
0.909998 -366.247292
0.919998 -378.560717
0.929998 -391.171885
0.939998 -404.083648
0.949998 -417.298918
0.959998 -430.820344
0.969998 -444.650680
0.979998 -458.792385
0.989998 -473.247919
0.999998 -488.019746
1.009998 -503.110071
1.019998 -518.521046
1.029998 -534.254714
1.039998 -550.312953
1.049998 -566.697684
1.059998 -583.410504
1.069998 -600.453098
1.079998 -617.826874
1.089998 -635.533057
1.099998 -653.573019
1.109998 -671.947782
1.119998 -690.658239
1.129998 -709.705256
1.139998 -729.089509
1.149998 -748.811476
1.159998 -768.871607
1.169998 -789.270209
1.179998 -810.007214
1.189998 -831.082746
1.199998 -852.496495
1.209998 -874.248110
1.219998 -896.337254
1.229998 -918.762919
1.239998 -941.524683
1.249997 -964.621269
1.259997 -988.051642
1.269997 -1011.814540
1.279997 -1035.908360
1.289997 -1060.331385
1.299997 -1085.081959
1.309997 -1110.157899
1.319997 -1135.557199
1.329997 -1161.277322
1.339997 -1187.315902
1.349997 -1213.670156
1.359997 -1240.337118
1.369997 -1267.313751
1.379997 -1294.596714
1.389997 -1322.182478
1.399997 -1350.067559
1.409997 -1378.247923
1.419997 -1406.719704
1.429997 -1435.478598
1.439997 -1464.520224
1.449997 -1493.839522
1.459997 -1523.432197
1.469997 -1553.293030
1.479997 -1583.416598
1.489997 -1613.797759
1.499997 -1644.430439
1.509997 -1675.309332
1.519997 -1706.427951
1.529997 -1737.780088
1.539997 -1769.359571
1.549997 -1801.159408
1.559997 -1833.172642
1.569997 -1865.392349
1.579997 -1897.811268
1.589997 -1930.421687
1.599997 -1963.216041
1.609997 -1996.186068
1.619997 -2029.323900
1.629997 -2062.621210
1.639997 -2096.068604
1.649997 -2129.658543
1.659997 -2163.381202
1.669997 -2197.227514
1.679997 -2231.187711
1.689997 -2265.252295
1.699997 -2299.411792
1.709997 -2333.655544
1.719997 -2367.973162
1.729997 -2402.355007
1.739997 -2436.789292
1.749997 -2471.265224
1.759997 -2505.772032
1.769997 -2540.298250
1.779997 -2574.831483
1.789997 -2609.361032
1.799997 -2643.874077
1.809997 -2678.358776
1.819997 -2712.801890
1.829997 -2747.191864
1.839997 -2781.515275
1.849997 -2815.759200
1.859997 -2849.909804
1.869997 -2883.953985
1.879997 -2917.877965
1.889997 -2951.667995
1.899997 -2985.309426
1.909997 -3018.788565
1.919997 -3052.090364
1.929997 -3085.200726
1.939997 -3118.103752
1.949997 -3150.785405
1.959997 -3183.229401
1.969997 -3215.420857
1.979997 -3247.343792
1.989997 -3278.982931
1.999997 -3310.320806
2.009997 -3341.343358
2.019997 -3372.031795
2.029997 -3402.370591
2.039997 -3432.342671
2.049997 -3461.931873
2.059997 -3491.120120
2.069997 -3519.890470
2.079997 -3548.225164
2.089997 -3576.107343
2.099997 -3603.517647
2.109997 -3630.439526
2.119997 -3656.854570
2.129997 -3682.743392
2.139997 -3708.089361
2.149997 -3732.872380
2.159997 -3757.074680
2.169997 -3780.677114
2.179997 -3803.659600
2.189997 -3826.004732
2.199997 -3847.691763
2.209997 -3868.702208
2.219997 -3889.015874
2.229997 -3908.613232
2.239997 -3927.475015
2.249997 -3945.580682
2.259997 -3962.909978
2.269997 -3979.444039
2.279997 -3995.161633
2.289997 -4010.042195
2.299997 -4024.065797
2.309997 -4037.212041
2.319997 -4049.459721
2.329997 -4060.788983
2.339997 -4071.178107
2.349997 -4080.606373
2.359997 -4089.053330
2.369997 -4096.498099
2.379997 -4102.919395
2.389997 -4108.295883
2.399997 -4112.605525
2.409997 -4115.829530
2.419997 -4117.944118
2.429996 -4118.928770
2.439996 -4118.763842
2.449996 -4117.425218
2.459996 -4114.893192
2.469996 -4111.145832
2.479996 -4106.161512
2.489996 -4099.919494
2.499996 -4092.398121
2.509996 -4083.574880
2.519996 -4073.429594
2.529996 -4061.940625
2.539996 -4049.086083
2.549996 -4034.844397
2.559996 -4019.194836
2.569996 -4002.115871
2.579996 -3983.585755
2.589996 -3963.583583
2.599996 -3942.088220
2.609996 -3919.078083
2.619996 -3894.532406
2.629996 -3868.430223
2.639996 -3840.750399
2.649996 -3811.471654
2.659996 -3780.573722
2.669996 -3748.035942
2.679996 -3713.836648
2.689996 -3677.956914
2.699996 -3640.375286
2.709996 -3601.070908
2.719996 -3560.024688
2.729996 -3517.215999
2.739996 -3472.624770
2.749996 -3426.231823
2.759996 -3378.016967
2.769996 -3327.960563
2.779996 -3276.044171
2.789996 -3222.246723
2.799996 -3166.550454
2.809996 -3108.936366
2.819996 -3049.385957
2.829996 -2987.880285
2.839996 -2924.401229
2.849996 -2858.929995
2.859996 -2791.449980
2.869996 -2721.942255
2.879996 -2650.389785
2.889996 -2576.775208
2.899996 -2501.081866
2.909996 -2423.291930
2.919996 -2343.390121
2.929996 -2261.359344
2.939996 -2177.183668
2.949996 -2090.847022
2.959996 -2002.334005
2.969996 -1911.629794
2.979996 -1818.718645
2.989996 -1723.586296
2.999996 -1626.218120
