-1.990000 -1981.364391
-1.980000 -1962.822428
-1.970000 -1944.108124
-1.960000 -1925.230745
-1.950000 -1906.199217
-1.940000 -1887.022804
-1.930000 -1867.710656
-1.920000 -1848.271240
-1.910000 -1828.713474
-1.900000 -1809.045816
-1.890000 -1789.276835
-1.880000 -1769.414635
-1.870000 -1749.468012
-1.860000 -1729.444478
-1.850000 -1709.352357
-1.840000 -1689.199265
-1.830000 -1668.993285
-1.820000 -1648.741787
-1.810000 -1628.452373
-1.800000 -1608.132401
-1.790000 -1587.789225
-1.780000 -1567.429718
-1.770000 -1547.061342
-1.760000 -1526.690241
-1.750000 -1506.323867
-1.740000 -1485.968591
-1.730000 -1465.630896
-1.720000 -1445.317260
-1.710000 -1425.033553
-1.700000 -1404.786362
-1.690000 -1384.581548
-1.680000 -1364.424843
-1.670000 -1344.322216
-1.660000 -1324.279147
-1.650000 -1304.301235
-1.640000 -1284.393464
-1.630000 -1264.561668
-1.620000 -1244.810704
-1.610000 -1225.145301
-1.600000 -1205.570799
-1.590000 -1186.091800
-1.580000 -1166.712420
-1.570000 -1147.437869
-1.560000 -1128.272259
-1.550000 -1109.219822
-1.540000 -1090.284548
-1.530000 -1071.470670
-1.520000 -1052.781935
-1.510000 -1034.222213
-1.500000 -1015.794890
-1.490000 -997.503960
-1.480000 -979.352330
-1.470001 -961.343880
-1.460001 -943.481099
-1.450001 -925.767634
-1.440001 -908.206047
-1.430001 -890.799390
-1.420001 -873.550239
-1.410001 -856.461120
-1.400001 -839.534866
-1.390001 -822.773597
-1.380001 -806.179627
-1.370001 -789.755037
-1.360001 -773.502103
-1.350001 -757.422513
-1.340001 -741.518389
-1.330001 -725.791150
-1.320001 -710.242707
-1.310001 -694.874395
-1.300001 -679.687683
-1.290001 -664.684058
-1.280001 -649.864497
-1.270001 -635.230348
-1.260001 -620.782569
-1.250001 -606.522082
-1.240001 -592.449716
-1.230001 -578.566322
-1.220001 -564.872429
-1.210001 -551.368648
-1.200001 -538.055561
-1.190001 -524.933430
-1.180001 -512.002663
-1.170001 -499.263467
-1.160001 -486.715966
-1.150001 -474.360149
-1.140001 -462.196062
-1.130001 -450.223702
-1.120001 -438.442790
-1.110001 -426.853059
-1.100001 -415.454220
-1.090001 -404.245884
-1.080001 -393.227538
-1.070001 -382.398650
-1.060001 -371.758677
-1.050001 -361.306871
-1.040001 -351.042503
-1.030001 -340.964804
-1.020001 -331.072891
-1.010001 -321.365820
-1.000001 -311.842564
-0.990001 -302.502164
-0.980001 -293.343506
-0.970001 -284.365368
-0.960001 -275.566680
-0.950001 -266.945992
-0.940001 -258.502156
-0.930001 -250.233727
-0.920001 -242.139363
-0.910001 -234.217600
-0.900001 -226.466911
-0.890001 -218.885799
-0.880001 -211.472702
-0.870001 -204.225995
-0.860001 -197.144019
-0.850001 -190.225136
-0.840001 -183.467573
-0.830001 -176.869649
-0.820001 -170.429529
-0.810001 -164.145461
-0.800001 -158.015554
-0.790001 -152.037984
-0.780001 -146.210897
-0.770001 -140.532333
-0.760001 -135.000431
-0.750001 -129.613189
-0.740001 -124.368667
-0.730001 -119.264905
-0.720001 -114.299878
-0.710001 -109.471608
-0.700001 -104.778058
-0.690001 -100.217237
-0.680001 -95.787080
-0.670001 -91.485541
-0.660001 -87.310599
-0.650001 -83.260173
-0.640001 -79.332225
-0.630001 -75.524698
-0.620001 -71.835542
-0.610001 -68.262695
-0.600001 -64.804111
-0.590001 -61.457744
-0.580001 -58.221551
-0.570001 -55.093506
-0.560001 -52.071583
-0.550001 -49.153758
-0.540001 -46.338042
-0.530001 -43.622434
-0.520001 -41.004965
-0.510001 -38.483670
-0.500001 -36.056602
-0.490001 -33.721841
-0.480001 -31.477466
-0.470001 -29.321603
-0.460001 -27.252373
-0.450001 -25.267932
-0.440001 -23.366462
-0.430001 -21.546162
-0.420002 -19.805261
-0.410002 -18.142014
-0.400002 -16.554702
-0.390002 -15.041642
-0.380002 -13.601169
-0.370002 -12.231658
-0.360002 -10.931511
-0.350002 -9.699165
-0.340002 -8.533090
-0.330002 -7.431791
-0.320002 -6.393812
-0.310002 -5.417722
-0.300002 -4.502137
-0.290002 -3.645711
-0.280002 -2.847130
-0.270002 -2.105126
-0.260002 -1.418468
-0.250002 -0.785966
-0.240002 -0.206470
-0.230002 0.321123
-0.220002 0.797876
-0.210002 1.224810
-0.200002 1.602899
-0.190002 1.933077
-0.180002 2.216226
-0.170002 2.453189
-0.160002 2.644759
-0.150002 2.791684
-0.140002 2.894665
-0.130002 2.954355
-0.120002 2.971360
-0.110002 2.946238
-0.100002 2.879498
-0.090002 2.771600
-0.080002 2.622957
-0.070002 2.433930
-0.060002 2.204834
-0.050002 1.935932
-0.040002 1.627438
-0.030002 1.279516
-0.020002 0.892281
-0.010002 0.465797
-0.000002 0.000079
0.009998 -0.504909
0.019998 -1.049252
0.029998 -1.633086
0.039998 -2.256596
0.049998 -2.920016
0.059998 -3.623632
0.069998 -4.367778
0.079998 -5.152837
0.089998 -5.979241
0.099998 -6.847472
0.109998 -7.758060
0.119998 -8.711583
0.129998 -9.708667
0.139998 -10.749986
0.149998 -11.836261
0.159998 -12.968261
0.169998 -14.146798
0.179998 -15.372732
0.189998 -16.646970
0.199998 -17.970462
0.209998 -19.344206
0.219998 -20.769234
0.229998 -22.246634
0.239998 -23.777530
0.249998 -25.363087
0.259998 -27.004510
0.269998 -28.703053
0.279998 -30.460003
0.289998 -32.276687
0.299998 -34.154477
0.309998 -36.094770
0.319998 -38.099012
0.329998 -40.168676
0.339998 -42.305276
0.349998 -44.510355
0.359998 -46.785497
0.369998 -49.132318
0.379998 -51.552456
0.389998 -54.047582
0.399998 -56.619411
0.409998 -59.269661
0.419998 -62.000097
0.429998 -64.812508
0.439998 -67.708705
0.449998 -70.690527
0.459998 -73.759820
0.469998 -76.918473
0.479998 -80.168389
0.489998 -83.511475
0.499998 -86.949695
0.509998 -90.484996
0.519998 -94.119329
0.529998 -97.854701
0.539998 -101.693108
0.549998 -105.636562
0.559998 -109.687090
0.569998 -113.846717
0.579998 -118.117487
0.589998 -122.501447
0.599998 -127.000654
0.609998 -131.617158
0.619998 -136.353019
0.629998 -141.210300
0.639998 -146.191064
0.649998 -151.297362
0.659998 -156.531252
0.669998 -161.894787
0.679998 -167.390023
0.689998 -173.018972
0.699998 -178.783672
0.709998 -184.686153
0.719998 -190.728393
0.729998 -196.912416
0.739998 -203.240192
0.749998 -209.713630
0.759998 -216.334767
0.769998 -223.105414
0.779998 -230.027544
0.789998 -237.103050
0.799998 -244.333711
0.809998 -251.721410
0.819998 -259.267937
0.829998 -266.975053
0.839998 -274.844487
0.849998 -282.877936
0.859998 -291.077132
0.869998 -299.443631
0.879998 -307.979045
0.889998 -316.684996
0.899998 -325.562945
0.909998 -334.614359
0.919998 -343.840708
0.929998 -353.243420
0.939998 -362.823701
0.949998 -372.582956
0.959998 -382.522391
0.969998 -392.643160
0.979998 -402.946463
0.989998 -413.433344
0.999998 -424.104791
1.009998 -434.961810
1.019998 -446.005320
1.029998 -457.236155
1.039998 -468.655058
1.049998 -480.262759
1.059998 -492.059925
1.069998 -504.047097
1.079998 -516.224859
1.089998 -528.593558
1.099998 -541.153688
1.109998 -553.905451
1.119998 -566.849028
1.129998 -579.984686
1.139998 -593.312284
1.149998 -606.832045
1.159998 -620.543720
1.169998 -634.447200
1.179998 -648.542126
1.189998 -662.828218
1.199998 -677.305058
1.209998 -691.972134
1.219998 -706.828677
1.229998 -721.874168
1.239998 -737.107651
1.249997 -752.528307
1.259997 -768.135164
1.269997 -783.927153
1.279997 -799.902993
1.289997 -816.061417
1.299997 -832.401236
1.309997 -848.920632
1.319997 -865.618269
1.329997 -882.492416
1.339997 -899.541236
1.349997 -916.762726
1.359997 -934.155014
1.369997 -951.716059
1.379997 -969.443534
1.389997 -987.334940
1.399997 -1005.388148
1.409997 -1023.600313
1.419997 -1041.968901
1.429997 -1060.491141
1.439997 -1079.164028
1.449997 -1097.984561
1.459997 -1116.949743
1.469997 -1136.056097
1.479997 -1155.300512
1.489997 -1174.679272
1.499997 -1194.189028
1.509997 -1213.825579
1.519997 -1233.585579
1.529997 -1253.464705
1.539997 -1273.459124
1.549997 -1293.564388
1.559997 -1313.776295
1.569997 -1334.090394
1.579997 -1354.501991
1.589997 -1375.006263
1.599997 -1395.598631
1.609997 -1416.273898
1.619997 -1437.027234
1.629997 -1457.853068
1.639997 -1478.746559
1.649997 -1499.701518
1.659997 -1520.712848
1.669997 -1541.774959
1.679997 -1562.881526
1.689997 -1584.026704
1.699997 -1605.204639
1.709997 -1626.408627
1.719997 -1647.632800
1.729997 -1668.870438
1.739997 -1690.114938
1.749997 -1711.359324
1.759997 -1732.597099
1.769997 -1753.821034
1.779997 -1775.024135
1.789997 -1796.198922
1.799997 -1817.338148
1.809997 -1838.434202
1.819997 -1859.479583
1.829997 -1880.466548
1.839997 -1901.387229
1.849997 -1922.233279
1.859997 -1942.996821
1.869997 -1963.669847
1.879997 -1984.243530
1.889997 -2004.709736
1.899997 -2025.059628
1.909997 -2045.284254
1.919997 -2065.375231
1.929997 -2085.323139
1.939997 -2105.119354
1.949997 -2124.754226
1.959997 -2144.218670
1.969997 -2163.503259
1.979997 -2182.598227
1.989997 -2201.493924
1.999997 -2220.181030
2.009997 -2238.649098
2.019997 -2256.888173
2.029997 -2274.888702
2.039997 -2292.639611
2.049997 -2310.131252
2.059997 -2327.352785
2.069997 -2344.294131
2.079997 -2360.944252
2.089997 -2377.292439
2.099997 -2393.328309
2.109997 -2409.040535
2.119997 -2424.418328
2.129997 -2439.450595
2.139997 -2454.125329
2.149997 -2468.432497
2.159997 -2482.359916
2.169997 -2495.896549
2.179997 -2509.030663
2.189997 -2521.750446
2.199997 -2534.044607
2.209997 -2545.900784
2.219997 -2557.307722
2.229997 -2568.252916
2.239997 -2578.725341
2.249997 -2588.711780
2.259997 -2598.200305
2.269997 -2607.179476
2.279997 -2615.635913
2.289997 -2623.558415
2.299997 -2630.934049
2.309997 -2637.750023
2.319997 -2643.994577
2.329997 -2649.654458
2.339997 -2654.717616
2.349997 -2659.171071
2.359997 -2663.002323
2.369997 -2666.198487
2.379997 -2668.746984
2.389997 -2670.635024
2.399997 -2671.849454
2.409997 -2672.377759
2.419997 -2672.206897
2.429996 -2671.323810
2.439996 -2669.715897
2.449996 -2667.370057
2.459996 -2664.273334
2.469996 -2660.412456
2.479996 -2655.774756
2.489996 -2650.347249
2.499996 -2644.117237
2.509996 -2637.070565
2.519996 -2629.195703
2.529996 -2620.478803
2.539996 -2610.906905
2.549996 -2600.467332
2.559996 -2589.147136
2.569996 -2576.933125
2.579996 -2563.812667
2.589996 -2549.772367
2.599996 -2534.799901
2.609996 -2518.882449
2.619996 -2502.006981
2.629996 -2484.160523
2.639996 -2465.331100
2.649996 -2445.505578
2.659996 -2424.670908
2.669996 -2402.815679
2.679996 -2379.926057
2.689996 -2355.990507
2.699996 -2330.996647
2.709996 -2304.931962
2.719996 -2277.784223
2.729996 -2249.541080
2.739996 -2220.190469
2.749996 -2189.720783
2.759996 -2158.119915
2.769996 -2125.375867
2.779996 -2091.476925
2.789996 -2056.411807
2.799996 -2020.168477
2.809996 -1982.736169
2.819996 -1944.103074
2.829996 -1904.257696
2.839996 -1863.189565
2.849996 -1820.887553
2.859996 -1777.340672
2.869996 -1732.538212
2.879996 -1686.469340
2.889996 -1639.124370
2.899996 -1590.492354
2.909996 -1540.563141
2.919996 -1489.326835
2.929996 -1436.773773
2.939996 -1382.893821
2.949996 -1327.677823
2.959996 -1271.116266
2.969996 -1213.199408
2.979996 -1153.918889
2.989996 -1093.265631
2.999996 -1031.230567
