-1.990000 -2901.770624
-1.980000 -2875.227234
-1.970000 -2848.406791
-1.960000 -2821.321355
-1.950000 -2793.985316
-1.940000 -2766.410664
-1.930000 -2738.610593
-1.920000 -2710.597241
-1.910000 -2682.383967
-1.900000 -2653.982373
-1.890000 -2625.405290
-1.880000 -2596.663772
-1.870000 -2567.770809
-1.860000 -2538.737606
-1.850000 -2509.575207
-1.840000 -2480.296137
-1.830000 -2450.910652
-1.820000 -2421.430491
-1.810000 -2391.866290
-1.800000 -2362.228998
-1.790000 -2332.528684
-1.780000 -2302.776207
-1.770000 -2272.982027
-1.760000 -2243.155718
-1.750000 -2213.307650
-1.740000 -2183.447304
-1.730000 -2153.584721
-1.720000 -2123.728809
-1.710000 -2093.889032
-1.700000 -2064.074689
-1.690000 -2034.294672
-1.680000 -2004.557701
-1.670000 -1974.872090
-1.660000 -1945.246711
-1.650000 -1915.689542
-1.640000 -1886.208877
-1.630000 -1856.812601
-1.620000 -1827.508434
-1.610000 -1798.304168
-1.600000 -1769.206944
-1.590000 -1740.224223
-1.580000 -1711.363055
-1.570000 -1682.630571
-1.560000 -1654.033000
-1.550000 -1625.577386
-1.540000 -1597.270118
-1.530000 -1569.117422
-1.520000 -1541.125605
-1.510000 -1513.300323
-1.500000 -1485.647434
-1.490000 -1458.172636
-1.480000 -1430.881589
-1.470001 -1403.779304
-1.460001 -1376.870878
-1.450001 -1350.161493
-1.440001 -1323.655928
-1.430001 -1297.358810
-1.420001 -1271.274969
-1.410001 -1245.408237
-1.400001 -1219.763380
-1.390001 -1194.343924
-1.380001 -1169.154210
-1.370001 -1144.197587
-1.360001 -1119.477974
-1.350001 -1094.999021
-1.340001 -1070.763518
-1.330001 -1046.775062
-1.320001 -1023.036395
-1.310001 -999.550706
-1.300001 -976.320455
-1.290001 -953.348431
-1.280001 -930.637053
-1.270001 -908.188484
-1.260001 -886.005106
-1.250001 -864.089045
-1.240001 -842.442068
-1.230001 -821.066039
-1.220001 -799.962696
-1.210001 -779.133419
-1.200001 -758.579806
-1.190001 -738.302988
-1.180001 -718.304205
-1.170001 -698.584683
-1.160001 -679.144970
-1.150001 -659.986285
-1.140001 -641.109054
-1.130001 -622.513987
-1.120001 -604.201512
-1.110001 -586.172058
-1.100001 -568.425836
-1.090001 -550.962953
-1.080001 -533.783573
-1.070001 -516.887543
-1.060001 -500.274716
-1.050001 -483.944902
-1.040001 -467.897707
-1.030001 -452.132695
-1.020001 -436.649339
-1.010001 -421.447019
-1.000001 -406.524979
-0.990001 -391.882425
-0.980001 -377.518580
-0.970001 -363.432384
-0.960001 -349.622744
-0.950001 -336.088593
-0.940001 -322.828736
-0.930001 -309.841902
-0.920001 -297.126748
-0.910001 -284.681767
-0.900001 -272.505526
-0.890001 -260.596527
-0.880001 -248.953112
-0.870001 -237.573560
-0.860001 -226.456188
-0.850001 -215.599159
-0.840001 -205.000672
-0.830001 -194.658784
-0.820001 -184.571497
-0.810001 -174.736901
-0.800001 -165.152859
-0.790001 -155.817322
-0.780001 -146.728108
-0.770001 -137.883084
-0.760001 -129.279987
-0.750001 -120.916522
-0.740001 -112.790482
-0.730001 -104.899460
-0.720001 -97.241143
-0.710001 -89.813147
-0.700001 -82.612999
-0.690001 -75.638285
-0.680001 -68.886544
-0.670001 -62.355295
-0.660001 -56.042019
-0.650001 -49.944216
-0.640001 -44.059315
-0.630001 -38.384770
-0.620001 -32.918040
-0.610001 -27.656537
-0.600001 -22.597667
-0.590001 -17.738865
-0.580001 -13.077526
-0.570001 -8.611043
-0.560001 -4.336858
-0.550001 -0.252332
-0.540001 3.645121
-0.530001 7.358052
-0.520001 10.889068
-0.510001 14.240739
-0.500001 17.415638
-0.490001 20.416297
-0.480001 23.245266
-0.470001 25.905065
-0.460001 28.398199
-0.450001 30.727167
-0.440001 32.894439
-0.430001 34.902472
-0.420002 36.753679
-0.410002 38.450473
-0.400002 39.995237
-0.390002 41.390314
-0.380002 42.638038
-0.370002 43.740706
-0.360002 44.700569
-0.350002 45.519875
-0.340002 46.200819
-0.330002 46.745570
-0.320002 47.156249
-0.310002 47.434957
-0.300002 47.583751
-0.290002 47.604639
-0.280002 47.499598
-0.270002 47.270566
-0.260002 46.919439
-0.250002 46.448056
-0.240002 45.858225
-0.230002 45.151704
-0.220002 44.330211
-0.210002 43.395404
-0.200002 42.348908
-0.190002 41.192286
-0.180002 39.927062
-0.170002 38.554706
-0.160002 37.076633
-0.150002 35.494209
-0.140002 33.808751
-0.130002 32.021520
-0.120002 30.133723
-0.110002 28.146517
-0.100002 26.060995
-0.090002 23.878204
-0.080002 21.599135
-0.070002 19.224718
-0.060002 16.755829
-0.050002 14.193289
-0.040002 11.537860
-0.030002 8.790246
-0.020002 5.951098
-0.010002 3.021004
-0.000002 0.000498
0.009998 -3.109946
0.019998 -6.309911
0.029998 -9.599039
0.039998 -12.977030
0.049998 -16.443640
0.059998 -19.998685
0.069998 -23.642041
0.079998 -27.373639
0.089998 -31.193468
0.099998 -35.101573
0.109998 -39.098063
0.119998 -43.183096
0.129998 -47.356892
0.139998 -51.619723
0.149998 -55.971925
0.159998 -60.413878
0.169998 -64.946026
0.179998 -69.568866
0.189998 -74.282950
0.199998 -79.088877
0.209998 -83.987308
0.219998 -88.978951
0.229998 -94.064565
0.239998 -99.244977
0.249998 -104.521033
0.259998 -109.893654
0.269998 -115.363806
0.279998 -120.932490
0.289998 -126.600778
0.299998 -132.369756
0.309998 -138.240607
0.319998 -144.214497
0.329998 -150.292681
0.339998 -156.476428
0.349998 -162.767070
0.359998 -169.165978
0.369998 -175.674543
0.379998 -182.294216
0.389998 -189.026472
0.399998 -195.872825
0.409998 -202.834847
0.419998 -209.914083
0.429998 -217.112222
0.439998 -224.430835
0.449998 -231.871620
0.459998 -239.436308
0.469998 -247.126631
0.479998 -254.944347
0.489998 -262.891235
0.499998 -270.969102
0.509998 -279.179816
0.519998 -287.525165
0.529998 -296.007027
0.539998 -304.627346
0.549998 -313.387955
0.559998 -322.290765
0.569998 -331.337796
0.579998 -340.530917
0.589998 -349.872070
0.599998 -359.363238
0.609998 -369.006344
0.619998 -378.803416
0.629998 -388.756347
0.639998 -398.867169
0.649998 -409.137845
0.659998 -419.570260
0.669998 -430.166441
0.679998 -440.928372
0.689998 -451.857918
0.699998 -462.957043
0.709998 -474.227665
0.719998 -485.671724
0.729998 -497.291069
0.739998 -509.087607
0.749998 -521.063188
0.759998 -533.219641
0.769998 -545.558769
0.779998 -558.082352
0.789998 -570.792140
0.799998 -583.689899
0.809998 -596.777320
0.819998 -610.056018
0.829998 -623.527659
0.839998 -637.193874
0.849998 -651.056166
0.859998 -665.116085
0.869998 -679.375002
0.879998 -693.834474
0.889998 -708.495776
0.899998 -723.360325
0.909998 -738.429297
0.919998 -753.704004
0.929998 -769.185560
0.939998 -784.875118
0.949998 -800.773726
0.959998 -816.882319
0.969998 -833.201866
0.979998 -849.733277
0.989998 -866.477289
0.999998 -883.434573
1.009998 -900.606034
1.019998 -917.991993
1.029998 -935.593001
1.039998 -953.409534
1.049998 -971.441992
1.059998 -989.690586
1.069998 -1008.155551
1.079998 -1026.836933
1.089998 -1045.734793
1.099998 -1064.849001
1.109998 -1084.179442
1.119998 -1103.726020
1.129998 -1123.488105
1.139998 -1143.465413
1.149998 -1163.657337
1.159998 -1184.063286
1.169998 -1204.682452
1.179998 -1225.514152
1.189998 -1246.557257
1.199998 -1267.810873
1.209998 -1289.273654
1.219998 -1310.944372
1.229998 -1332.821804
1.239998 -1354.904152
1.249997 -1377.190078
1.259997 -1399.677783
1.269997 -1422.365348
1.279997 -1445.250732
1.289997 -1468.332009
1.299997 -1491.606775
1.309997 -1515.072856
1.319997 -1538.727715
1.329997 -1562.568807
1.339997 -1586.593457
1.349997 -1610.798503
1.359997 -1635.181244
1.369997 -1659.738490
1.379997 -1684.467038
1.389997 -1709.363305
1.399997 -1734.423934
1.409997 -1759.645308
1.419997 -1785.023431
1.429997 -1810.554405
1.439997 -1836.234433
1.449997 -1862.058729
1.459997 -1888.023331
1.469997 -1914.123646
1.479997 -1940.354938
1.489997 -1966.712320
1.499997 -1993.191002
1.509997 -2019.785681
1.519997 -2046.491390
1.529997 -2073.302524
1.539997 -2100.213452
1.549997 -2127.218507
1.559997 -2154.311875
1.569997 -2181.487341
1.579997 -2208.739025
1.589997 -2236.060650
1.599997 -2263.445538
1.609997 -2290.886857
1.619997 -2318.378106
1.629997 -2345.912384
1.639997 -2373.482145
1.649997 -2401.080663
1.659997 -2428.700079
1.669997 -2456.333106
1.679997 -2483.971813
1.689997 -2511.608358
1.699997 -2539.234978
1.709997 -2566.842786
1.719997 -2594.424191
1.729997 -2621.969989
1.739997 -2649.472030
1.749997 -2676.921280
1.759997 -2704.308550
1.769997 -2731.624734
1.779997 -2758.860807
1.789997 -2786.007111
1.799997 -2813.053831
1.809997 -2839.991475
1.819997 -2866.809917
1.829997 -2893.499117
1.839997 -2920.049115
1.849997 -2946.449091
1.859997 -2972.688777
1.869997 -2998.757054
1.879997 -3024.643816
1.889997 -3050.337408
1.899997 -3075.826730
1.909997 -3101.100528
1.919997 -3126.147634
1.929997 -3150.956499
1.939997 -3175.514974
1.949997 -3199.811225
1.959997 -3223.833500
1.969997 -3247.569454
1.979997 -3271.006825
1.989997 -3294.132770
1.999997 -3316.935422
2.009997 -3339.402139
2.019997 -3361.519373
2.029997 -3383.274231
2.039997 -3404.653643
2.049997 -3425.645062
2.059997 -3446.234289
2.069997 -3466.407662
2.079997 -3486.152248
2.089997 -3505.454345
2.099997 -3524.299284
2.109997 -3542.673765
2.119997 -3560.563730
2.129997 -3577.954388
2.139997 -3594.832289
2.149997 -3611.181807
2.159997 -3626.989678
2.169997 -3642.240887
2.179997 -3656.919924
2.189997 -3671.011997
2.199997 -3684.503795
2.209997 -3697.377946
2.219997 -3709.621722
2.229997 -3721.217602
2.239997 -3732.151879
2.249997 -3742.408431
2.259997 -3751.972587
2.269997 -3760.828076
2.279997 -3768.958576
2.289997 -3776.349921
2.299997 -3782.985636
2.309997 -3788.849930
2.319997 -3793.926942
2.329997 -3798.200047
2.339997 -3801.654688
2.349997 -3804.273424
2.359997 -3806.040189
2.369997 -3806.940233
2.379997 -3806.956010
2.389997 -3806.071985
2.399997 -3804.271242
2.409997 -3801.537509
2.419997 -3797.855772
2.429996 -3793.207745
2.439996 -3787.578357
2.449996 -3780.949964
2.459996 -3773.307430
2.469996 -3764.633720
2.479996 -3754.913024
2.489996 -3744.127124
2.499996 -3732.261985
2.509996 -3719.299417
2.519996 -3705.223602
2.529996 -3690.017583
2.539996 -3673.665553
2.549996 -3656.151692
2.559996 -3637.458027
2.569996 -3617.569348
2.579996 -3596.469374
2.589996 -3574.141858
2.599996 -3550.569587
2.609996 -3525.737437
2.619996 -3499.629296
2.629996 -3472.228146
2.639996 -3443.518972
2.649996 -3413.485373
2.659996 -3382.111499
2.669996 -3349.381569
2.679996 -3315.279880
2.689996 -3279.790808
2.699996 -3242.899231
2.709996 -3204.588445
2.719996 -3164.844348
2.729996 -3123.650871
2.739996 -3080.992885
2.749996 -3036.856116
2.759996 -2991.225237
2.769996 -2944.084720
2.779996 -2895.420615
2.789996 -2845.218351
2.799996 -2793.462836
2.809996 -2740.140777
2.819996 -2685.237058
2.829996 -2628.738319
2.839996 -2570.630116
2.849996 -2510.899358
2.859996 -2449.532225
2.869996 -2386.515362
2.879996 -2321.835334
2.889996 -2255.479647
2.899996 -2187.434976
2.909996 -2117.688931
2.919996 -2046.229276
2.929996 -1973.043107
2.939996 -1898.118816
2.949996 -1821.444552
2.959996 -1743.008319
2.969996 -1662.799248
2.979996 -1580.805789
2.989996 -1497.017136
2.999996 -1411.422399
