-1.990000 693.153962
-1.980000 696.558602
-1.970000 699.828413
-1.960000 702.962985
-1.950000 705.961799
-1.940000 708.824508
-1.930000 711.550767
-1.920000 714.140405
-1.910000 716.593019
-1.900000 718.908612
-1.890000 721.087011
-1.880000 723.128156
-1.870000 725.032220
-1.860000 726.799081
-1.850000 728.428785
-1.840000 729.921963
-1.830000 731.278301
-1.820000 732.498418
-1.810000 733.582515
-1.800000 734.531141
-1.790000 735.344419
-1.780000 736.023179
-1.770000 736.567583
-1.760000 736.978738
-1.750000 737.256724
-1.740000 737.402625
-1.730000 737.417093
-1.720000 737.300704
-1.710000 737.054383
-1.700000 736.679216
-1.690000 736.175732
-1.680000 735.545228
-1.670000 734.788375
-1.660000 733.906492
-1.650000 732.900333
-1.640000 731.771420
-1.630000 730.520582
-1.620000 729.149175
-1.610000 727.658225
-1.600000 726.049283
-1.590000 724.323447
-1.580000 722.482031
-1.570000 720.526627
-1.560000 718.458373
-1.550000 716.278926
-1.540000 713.989483
-1.530000 711.591885
-1.520000 709.087145
-1.510000 706.477341
-1.500000 703.763665
-1.490000 700.947943
-1.480000 698.031783
-1.470001 695.016694
-1.460001 691.904455
-1.450001 688.696741
-1.440001 685.395192
-1.430001 682.001768
-1.420001 678.517905
-1.410001 674.945661
-1.400001 671.286570
-1.390001 667.542782
-1.380001 663.715683
-1.370001 659.807513
-1.360001 655.819926
-1.350001 651.754768
-1.340001 647.613955
-1.330001 643.399416
-1.320001 639.112968
-1.310001 634.756616
-1.300001 630.332076
-1.290001 625.841543
-1.280001 621.286745
-1.270001 616.669652
-1.260001 611.992118
-1.250001 607.256236
-1.240001 602.463749
-1.230001 597.616808
-1.220001 592.717156
-1.210001 587.766885
-1.200001 582.767794
-1.190001 577.721909
-1.180001 572.631194
-1.170001 567.497381
-1.160001 562.322480
-1.150001 557.108436
-1.140001 551.857187
-1.130001 546.570438
-1.120001 541.250218
-1.110001 535.898324
-1.100001 530.516706
-1.090001 525.107084
-1.080001 519.671380
-1.070001 514.211395
-1.060001 508.728859
-1.050001 503.225702
-1.040001 497.703516
-1.030001 492.164195
-1.020001 486.609349
-1.010001 481.040778
-1.000001 475.460210
-0.990001 469.869145
-0.980001 464.269318
-0.970001 458.662442
-0.960001 453.050001
-0.950001 447.433658
-0.940001 441.814850
-0.930001 436.195237
-0.920001 430.576254
-0.910001 424.959309
-0.900001 419.345976
-0.890001 413.737561
-0.880001 408.135528
-0.870001 402.541170
-0.860001 396.955845
-0.850001 391.380785
-0.840001 385.817327
-0.830001 380.266639
-0.820001 374.729991
-0.810001 369.208438
-0.800001 363.703182
-0.790001 358.215276
-0.780001 352.745781
-0.770001 347.295701
-0.760001 341.866045
-0.750001 336.457701
-0.740001 331.071644
-0.730001 325.708704
-0.720001 320.369677
-0.710001 315.055396
-0.700001 309.766578
-0.690001 304.503935
-0.680001 299.268123
-0.670001 294.059793
-0.660001 288.879514
-0.650001 283.727817
-0.640001 278.605226
-0.630001 273.512167
-0.620001 268.449041
-0.610001 263.416244
-0.600001 258.414109
-0.590001 253.442888
-0.580001 248.502827
-0.570001 243.594144
-0.560001 238.716959
-0.550001 233.871383
-0.540001 229.057483
-0.530001 224.275263
-0.520001 219.524697
-0.510001 214.805700
-0.500001 210.118156
-0.490001 205.461903
-0.480001 200.836705
-0.470001 196.242322
-0.460001 191.678442
-0.450001 187.144733
-0.440001 182.640763
-0.430001 178.166109
-0.420002 173.720290
-0.410002 169.302762
-0.400002 164.912953
-0.390002 160.550218
-0.380002 156.213916
-0.370002 151.903313
-0.360002 147.617643
-0.350002 143.356116
-0.340002 139.117885
-0.330002 134.902030
-0.320002 130.707636
-0.310002 126.533714
-0.300002 122.379231
-0.290002 118.243113
-0.280002 114.124266
-0.270002 110.021513
-0.260002 105.933665
-0.250002 101.859476
-0.240002 97.797654
-0.230002 93.746889
-0.220002 89.705812
-0.210002 85.673018
-0.200002 81.647051
-0.190002 77.626433
-0.180002 73.609635
-0.170002 69.595095
-0.160002 65.581207
-0.150002 61.566332
-0.140002 57.548791
-0.130002 53.526875
-0.120002 49.498830
-0.110002 45.462869
-0.100002 41.417174
-0.090002 37.359888
-0.080002 33.289123
-0.070002 29.202958
-0.060002 25.099443
-0.050002 20.976590
-0.040002 16.832384
-0.030002 12.664778
-0.020002 8.471702
-0.010002 4.251050
-0.000002 0.000693
0.009998 -4.281528
0.019998 -8.597796
0.029998 -12.950319
0.039998 -17.341331
0.049998 -21.773087
0.059998 -26.247869
0.069998 -30.767977
0.079998 -35.335732
0.089998 -39.953475
0.099998 -44.623572
0.109998 -49.348396
0.119998 -54.130348
0.129998 -58.971835
0.139998 -63.875293
0.149998 -68.843157
0.159998 -73.877880
0.169998 -78.981936
0.179998 -84.157794
0.189998 -89.407950
0.199998 -94.734891
0.209998 -100.141124
0.219998 -105.629170
0.229998 -111.201536
0.239998 -116.860747
0.249998 -122.609331
0.259998 -128.449803
0.269998 -134.384697
0.279998 -140.416550
0.289998 -146.547888
0.299998 -152.781231
0.309998 -159.119105
0.319998 -165.564041
0.329998 -172.118527
0.339998 -178.785081
0.349998 -185.566217
0.359998 -192.464372
0.369998 -199.482084
0.379998 -206.621765
0.389998 -213.885908
0.399998 -221.276921
0.409998 -228.797242
0.419998 -236.449295
0.429998 -244.235437
0.439998 -252.158028
0.449998 -260.219460
0.459998 -268.422027
0.469998 -276.768023
0.479998 -285.259774
0.489998 -293.899470
0.499998 -302.689386
0.509998 -311.631759
0.519998 -320.728627
0.529998 -329.982224
0.539998 -339.394651
0.549998 -348.967970
0.559998 -358.704179
0.569998 -368.605368
0.579998 -378.673395
0.589998 -388.910276
0.599998 -399.317890
0.609998 -409.898005
0.619998 -420.652518
0.629998 -431.583110
0.639998 -442.691557
0.649998 -453.979518
0.659998 -465.448605
0.669998 -477.100419
0.679998 -488.936435
0.689998 -500.958113
0.699998 -513.166939
0.709998 -525.564230
0.719998 -538.151324
0.729998 -550.929466
0.739998 -563.899841
0.749998 -577.063618
0.759998 -590.421864
0.769998 -603.975584
0.779998 -617.725723
0.789998 -631.673158
0.799998 -645.818836
0.809998 -660.163374
0.819998 -674.707497
0.829998 -689.451909
0.839998 -704.397107
0.849998 -719.543565
0.859998 -734.891730
0.869998 -750.441930
0.879998 -766.194419
0.889998 -782.149423
0.899998 -798.307045
0.909998 -814.667213
0.919998 -831.230115
0.929998 -847.995474
0.939998 -864.963125
0.949998 -882.132822
0.959998 -899.504039
0.969998 -917.076564
0.979998 -934.849701
0.989998 -952.822867
0.999998 -970.995500
1.009998 -989.366641
1.019998 -1007.935446
1.029998 -1026.700881
1.039998 -1045.662028
1.049998 -1064.817776
1.059998 -1084.166711
1.069998 -1103.707536
1.079998 -1123.438860
1.089998 -1143.359202
1.099998 -1163.466874
1.109998 -1183.760201
1.119998 -1204.237413
1.129998 -1224.896422
1.139998 -1245.735594
1.149998 -1266.752309
1.159998 -1287.944848
1.169998 -1309.310499
1.179998 -1330.847235
1.189998 -1352.552366
1.199998 -1374.423095
1.209998 -1396.457093
1.219998 -1418.651359
1.229998 -1441.002902
1.239998 -1463.508740
1.249997 -1486.165904
1.259997 -1508.970855
1.269997 -1531.920530
1.279997 -1555.011410
1.289997 -1578.239989
1.299997 -1601.602416
1.309997 -1625.095087
1.319997 -1648.714174
1.329997 -1672.455505
1.339997 -1696.315271
1.349997 -1720.288964
1.359997 -1744.372562
1.369997 -1768.561577
1.379997 -1792.851172
1.389997 -1817.237359
1.399997 -1841.714725
1.409997 -1866.278944
1.419997 -1890.924622
1.429997 -1915.647220
1.439997 -1940.440880
1.449997 -1965.301089
1.459997 -1990.221770
1.469997 -2015.197828
1.479997 -2040.223575
1.489997 -2065.293214
1.499997 -2090.400839
1.509997 -2115.540678
1.519997 -2140.706609
1.529997 -2165.892646
1.539997 -2191.092450
1.549997 -2216.299333
1.559997 -2241.507230
1.569997 -2266.709481
1.579997 -2291.899323
1.589997 -2317.069885
1.599997 -2342.214434
1.609997 -2367.325890
1.619997 -2392.397312
1.629997 -2417.421168
1.639997 -2442.390066
1.649997 -2467.297000
1.659997 -2492.134373
1.669997 -2516.894488
1.679997 -2541.569549
1.689997 -2566.151658
1.699997 -2590.633304
1.709997 -2615.005909
1.719997 -2639.262008
1.729997 -2663.392829
1.739997 -2687.390471
1.749997 -2711.245977
1.759997 -2734.951734
1.769997 -2758.498121
1.779997 -2781.877339
1.789997 -2805.079826
1.799997 -2828.097363
1.809997 -2850.921161
1.819997 -2873.541635
1.829997 -2895.949351
1.839997 -2918.135975
1.849997 -2940.091902
1.859997 -2961.807685
1.869997 -2983.274027
1.879997 -3004.480855
1.889997 -3025.419181
1.899997 -3046.079237
1.909997 -3066.450954
1.919997 -3086.524418
1.929997 -3106.290105
1.939997 -3125.737725
1.949997 -3144.857609
1.959997 -3163.639332
1.969997 -3182.072858
1.979997 -3200.147636
1.989997 -3217.853725
1.999997 -3235.180450
2.009997 -3252.117782
2.019997 -3268.654625
2.029997 -3284.781060
2.039997 -3300.485748
2.049997 -3315.758615
2.059997 -3330.588441
2.069997 -3344.965045
2.079997 -3358.877543
2.089997 -3372.314795
2.099997 -3385.265626
2.109997 -3397.719871
2.119997 -3409.666268
2.129997 -3421.093316
2.139997 -3431.990313
2.149997 -3442.346108
2.159997 -3452.149925
2.169997 -3461.390345
2.179997 -3470.055930
2.189997 -3478.136019
2.199997 -3485.618730
2.209997 -3492.493747
2.219997 -3498.749153
2.229997 -3504.373807
2.239997 -3509.356167
2.249997 -3513.685448
2.259997 -3517.349709
2.269997 -3520.338521
2.279997 -3522.639193
2.289997 -3524.242024
2.299997 -3525.134704
2.309997 -3525.306048
2.319997 -3524.745226
2.329997 -3523.440339
2.339997 -3521.379872
2.349997 -3518.553372
2.359997 -3514.948997
2.369997 -3510.555968
2.379997 -3505.362832
2.389997 -3499.358173
2.399997 -3492.530937
2.409997 -3484.869772
2.419997 -3476.364654
2.429996 -3467.003315
2.439996 -3456.774839
2.449996 -3445.668967
2.459996 -3433.673602
2.469996 -3420.778874
2.479996 -3406.973713
2.489996 -3392.246812
2.499996 -3376.588112
2.509996 -3359.986711
2.519996 -3342.431493
2.529996 -3323.912269
2.539996 -3304.418067
2.549996 -3283.939372
2.559996 -3262.465343
2.569996 -3239.985241
2.579996 -3216.489470
2.589996 -3191.967454
2.599996 -3166.409227
2.609996 -3139.805648
2.619996 -3112.145175
2.629996 -3083.419577
2.639996 -3053.618262
2.649996 -3022.731951
2.659996 -2990.751214
2.669996 -2957.665834
2.679996 -2923.467718
2.689996 -2888.147299
2.699996 -2851.695150
2.709996 -2814.103012
2.719996 -2775.360684
2.729996 -2735.461136
2.739996 -2694.394259
2.749996 -2652.152818
2.759996 -2608.727956
2.769996 -2564.111353
2.779996 -2518.295009
2.789996 -2471.271223
2.799996 -2423.031762
2.809996 -2373.569534
2.819996 -2322.876459
2.829996 -2270.945719
2.839996 -2217.770010
2.849996 -2163.341774
2.859996 -2107.654904
2.869996 -2050.702176
2.879996 -1992.477484
2.889996 -1932.973977
2.899996 -1872.185627
2.909996 -1810.106446
2.919996 -1746.730613
2.929996 -1682.052381
2.939996 -1616.066295
2.949996 -1548.767080
2.959996 -1480.149465
2.969996 -1410.208739
2.979996 -1338.939866
2.989996 -1266.338818
2.999996 -1192.400676
