-1.975000 21.037495
-1.950000 18.894024
-1.925000 19.106838
-1.900000 18.293636
-1.875000 17.773710
-1.850000 14.956401
-1.825000 14.542910
-1.800000 14.975050
-1.775000 12.839994
-1.750000 12.869874
-1.725000 11.930125
-1.700000 11.646848
-1.675000 10.217749
-1.650000 9.961782
-1.625000 10.535785
-1.600000 9.797356
-1.575000 8.391472
-1.550000 8.016192
-1.525000 5.817154
-1.500000 6.549524
-1.475001 4.341246
-1.450001 4.437345
-1.425001 3.619041
-1.400001 4.979706
-1.375001 2.675432
-1.350001 2.883406
-1.325001 1.663331
-1.300001 1.158676
-1.275001 3.219844
-1.250001 0.617381
-1.225001 1.040253
-1.200001 1.565526
-1.175001 0.557371
-1.150001 -0.689350
-1.125001 -0.079686
-1.100001 -0.729984
-1.075001 -1.135863
-1.050001 -0.100969
-1.025001 -2.299661
-1.000001 -1.240188
-0.975001 -2.193885
-0.950001 -1.769481
-0.925001 -3.048944
-0.900001 -1.905708
-0.875001 -3.829366
-0.850001 -3.844858
-0.825001 -2.767831
-0.800001 -2.642718
-0.775001 -5.196208
-0.750001 -2.898127
-0.725001 -4.237549
-0.700001 -5.613037
-0.675001 -5.449201
-0.650001 -4.253708
-0.625001 -3.731562
-0.600001 -5.351095
-0.575001 -6.242597
-0.550001 -6.451181
-0.525001 -5.301525
-0.500001 -6.473328
-0.475001 -6.040969
-0.450001 -4.039971
-0.425001 -4.272784
-0.400001 -4.449423
-0.375001 -6.110366
-0.350001 -5.362920
-0.325001 -5.833264
-0.300001 -4.757304
-0.275001 -5.445807
-0.250001 -4.999125
-0.225001 -5.361222
-0.200001 -6.714017
-0.175001 -5.566398
-0.150001 -4.144114
-0.125001 -4.102329
-0.100001 -4.639336
-0.075001 -5.805638
-0.050001 -4.471857
-0.025001 -4.680532
-0.000001 -5.408668
0.024999 -4.396523
0.049999 -5.775527
0.074999 -4.921056
0.099999 -3.597794
0.124999 -3.644649
0.149999 -4.941812
0.174999 -5.122114
0.199999 -3.154563
0.224999 -4.564279
0.249999 -3.508580
0.274999 -2.635989
0.299999 -3.545814
0.324999 -3.230711
0.349999 -2.541463
0.374999 -3.587208
0.399999 -2.100891
0.424999 -3.440416
0.449999 -2.140910
0.474999 -2.371039
0.499999 -1.599285
0.524999 -2.660939
0.549999 -3.268447
0.574999 -1.072019
0.599999 -1.015648
0.624999 -3.037341
0.649999 -0.842284
0.674999 -1.372576
0.699999 -1.816539
0.724999 -1.149794
0.749999 -1.956792
0.774998 -0.402671
0.799998 -1.603127
0.824998 -1.073846
0.849998 -1.555160
0.874998 -1.527260
0.899998 -1.144552
0.924998 -0.227373
0.949998 -0.488555
0.974998 -1.051327
0.999998 1.139042
1.024998 -0.987410
1.049998 -0.802248
1.074998 0.350141
1.099998 1.207323
1.124998 1.947141
1.149998 1.916253
1.174998 1.319469
1.199998 0.576920
1.224998 1.700320
1.249998 0.726001
1.274998 0.605798
1.299998 0.516326
1.324998 1.581656
1.349998 0.703600
1.374998 0.514967
1.399998 2.202011
1.424998 0.561544
1.449998 2.484463
1.474998 0.768888
1.499998 2.436197
1.524998 0.593024
1.549998 3.072539
1.574998 0.580611
1.599998 1.908377
1.624998 0.948859
1.649998 1.127925
1.674998 2.682492
1.699998 2.485434
1.724998 2.249974
1.749998 3.089988
1.774998 2.133268
1.799998 2.423263
1.824998 0.502470
1.849998 0.554483
1.874997 1.560502
1.899997 0.241058
1.924997 0.126592
1.949997 0.403296
1.974997 1.012021
1.999997 1.895110
2.024997 1.075275
2.049998 1.445390
2.074998 -0.675401
2.099998 -0.540125
2.124998 1.646090
2.149998 -0.764614
2.174998 0.961173
2.199998 -1.384672
2.224998 0.841071
2.249998 -2.029872
2.274998 0.015934
2.299999 -2.471464
2.324999 -2.926990
2.349999 -0.631142
2.374999 -1.842557
2.399999 -3.302943
2.424999 -3.666751
2.449999 -3.355505
2.474999 -2.237858
2.499999 -2.854844
2.524999 -4.513928
2.549999 -4.355782
2.575000 -4.677807
2.600000 -5.444780
2.625000 -5.213592
2.650000 -7.300254
2.675000 -6.548831
2.700000 -6.385580
2.725000 -8.140132
2.750000 -6.715515
2.775000 -8.395456
2.800000 -8.086692
2.825001 -8.999178
2.850001 -9.897316
2.875001 -12.140682
2.900001 -10.744173
2.925001 -11.119860
2.950001 -11.493721
2.975001 -12.288588
3.000001 -13.073130
