-1.990000 21.584122
-1.980000 19.970657
-1.970000 20.697025
-1.960000 20.381107
-1.950000 20.342365
-1.940000 17.990313
-1.930000 18.026340
-1.920000 18.892422
-1.910000 17.175915
-1.900000 17.609119
-1.890000 17.057655
-1.880000 17.147787
-1.870000 16.077408
-1.860000 16.165640
-1.850000 17.069500
-1.840000 16.646759
-1.830000 15.542571
-1.820000 15.455173
-1.810000 13.530375
-1.800000 14.523520
-1.790000 12.562723
-1.780000 12.893192
-1.770000 12.296321
-1.760000 13.865653
-1.750000 11.757459
-1.740000 12.149096
-1.730000 11.100454
-1.720000 10.755171
-1.710000 12.963819
-1.700000 10.497128
-1.690000 11.044237
-1.680000 11.682386
-1.670000 10.775926
-1.660000 9.619888
-1.650000 10.309405
-1.640000 9.728302
-1.630000 9.381136
-1.620000 10.464436
-1.610000 8.304018
-1.600000 9.391811
-1.590000 8.456653
-1.580000 8.889992
-1.570000 7.610035
-1.560000 8.743525
-1.550000 6.801042
-1.540000 6.757822
-1.530000 7.798393
-1.520000 7.878501
-1.510000 5.271626
-1.500000 7.508127
-1.490000 6.099095
-1.480000 4.646152
-1.470001 4.724855
-1.460001 5.827719
-1.450001 6.249913
-1.440001 4.523279
-1.430001 3.517704
-1.420001 3.188251
-1.410001 4.210419
-1.400001 2.904679
-1.390001 3.196833
-1.380001 5.051531
-1.370001 4.666500
-1.360001 4.331899
-1.350001 2.507426
-1.340001 3.085948
-1.330001 2.441465
-1.320001 3.338244
-1.310001 2.465693
-1.300001 2.723638
-1.290001 2.168287
-1.280001 0.617900
-1.270001 1.563763
-1.260001 2.780302
-1.250001 2.612529
-1.240001 1.862327
-1.230001 0.479367
-1.220001 1.593204
-1.210001 1.161475
-1.200001 0.207348
-1.190001 0.990741
-1.180001 -0.619597
-1.170001 0.001130
-1.160001 1.088414
-1.150001 0.803525
-1.140001 -0.733557
-1.130001 -1.155484
-1.120001 0.568910
-1.110001 -1.085318
-1.100001 -0.275313
-1.090001 0.350581
-1.080001 -0.806773
-1.070001 -0.739852
-1.060001 -0.299263
-1.050001 -1.593971
-1.040001 -0.356746
-1.030001 -1.945312
-1.020001 -0.894626
-1.010001 -1.373176
-1.000001 -0.849268
-0.990001 -2.158018
-0.980001 -3.011696
-0.970001 -1.060337
-0.960001 -1.247759
-0.950001 -3.511792
-0.940001 -1.557448
-0.930001 -2.326650
-0.920001 -3.007545
-0.910001 -2.575579
-0.900001 -3.615024
-0.890001 -2.290847
-0.880001 -3.718565
-0.870001 -3.413691
-0.860001 -4.116381
-0.850001 -4.306648
-0.840001 -4.138726
-0.830001 -3.432775
-0.820001 -3.901452
-0.810001 -4.667810
-0.800001 -2.676941
-0.790001 -4.998634
-0.780001 -5.004277
-0.770001 -4.038083
-0.760001 -3.362310
-0.750001 -2.798938
-0.740001 -3.001134
-0.730001 -3.763913
-0.720001 -4.666970
-0.710001 -3.698412
-0.700001 -4.821735
-0.690001 -5.084927
-0.680001 -5.311197
-0.670001 -4.376299
-0.660001 -5.378246
-0.650001 -5.684052
-0.640001 -4.107290
-0.630001 -5.850971
-0.620001 -4.024021
-0.610001 -5.828147
-0.600001 -4.241795
-0.590001 -6.158154
-0.580001 -3.743880
-0.570001 -6.292928
-0.560001 -5.013986
-0.550001 -6.013855
-0.540001 -5.866493
-0.530001 -4.334807
-0.520001 -4.545748
-0.510001 -4.785916
-0.500001 -3.941262
-0.490001 -4.883815
-0.480001 -4.569955
-0.470001 -6.457006
-0.460001 -6.361198
-0.450001 -5.301159
-0.440001 -6.556180
-0.430001 -6.595646
-0.420002 -6.233188
-0.410002 -5.527779
-0.400002 -4.536902
-0.390002 -5.237668
-0.380002 -4.737029
-0.370002 -6.715664
-0.360002 -6.426427
-0.350002 -4.074267
-0.340002 -6.306871
-0.330002 -4.390650
-0.320002 -6.533552
-0.310002 -4.092181
-0.300002 -6.734639
-0.290002 -4.447310
-0.280002 -6.679976
-0.270002 -6.867382
-0.260002 -4.289855
-0.250002 -5.205853
-0.240002 -6.356911
-0.230002 -6.397299
-0.220002 -5.748373
-0.210002 -4.278605
-0.200002 -4.528855
-0.190002 -5.806417
-0.180002 -5.251780
-0.170002 -5.162172
-0.160002 -5.502198
-0.150002 -4.828568
-0.140002 -6.457123
-0.130002 -5.231747
-0.120002 -4.578525
-0.110002 -5.826915
-0.100002 -3.879764
-0.090002 -5.020627
-0.080002 -4.156061
-0.070002 -4.495852
-0.060002 -4.804224
-0.050002 -6.440576
-0.040002 -4.419628
-0.030002 -4.153283
-0.020002 -3.867334
-0.010002 -3.984443
-0.000002 -4.073100
0.009998 -3.627191
0.019998 -4.255750
0.029998 -3.777034
0.039998 -3.519665
0.049998 -4.372991
0.059998 -4.813714
0.069998 -5.711982
0.079998 -3.811397
0.089998 -3.610008
0.099998 -5.846421
0.109998 -4.205089
0.119998 -5.291338
0.129998 -4.184258
0.139998 -5.265511
0.149998 -3.905021
0.159998 -4.938571
0.169998 -4.863657
0.179998 -5.094073
0.189998 -5.491674
0.199998 -3.883405
0.209998 -4.985891
0.219998 -3.744533
0.229998 -4.092821
0.239998 -2.757151
0.249998 -4.647140
0.259998 -3.855660
0.269998 -3.323822
0.279998 -4.973126
0.289998 -3.922232
0.299998 -3.534896
0.309998 -2.501100
0.319998 -3.833375
0.329998 -4.104499
0.339998 -2.622700
0.349998 -3.729121
0.359998 -4.885873
0.369998 -3.877874
0.379998 -3.116405
0.389998 -2.407166
0.399998 -4.033113
0.409998 -2.744118
0.419998 -3.230325
0.429998 -3.180003
0.439998 -3.622101
0.449998 -2.428415
0.459998 -3.857126
0.469998 -2.572952
0.479998 -4.145174
0.489998 -3.045753
0.499998 -2.201255
0.509998 -2.207890
0.519998 -2.254234
0.529998 -3.012240
0.539998 -3.411595
0.549998 -2.167264
0.559998 -2.060800
0.569998 -1.714754
0.579998 -2.785186
0.589998 -1.575141
0.599998 -3.025815
0.609998 -0.957013
0.619998 -1.561749
0.629998 -1.593740
0.639998 -2.645556
0.649998 -1.818426
0.659998 -3.007201
0.669998 -2.466546
0.679998 -0.682600
0.689998 -1.161480
0.699998 -2.763538
0.709998 -2.657862
0.719998 -1.900424
0.729998 -1.241712
0.739998 -1.139067
0.749998 -0.877403
0.759998 -1.878986
0.769998 -0.459329
0.779998 -1.768053
0.789998 -1.596692
0.799998 -1.932709
0.809998 0.347723
0.819998 -2.343127
0.829998 0.018710
0.839998 -1.314878
0.849998 -1.661299
0.859998 -0.911532
0.869998 0.604766
0.879998 0.547650
0.889998 0.170090
0.899998 0.039400
0.909998 -1.525553
0.919998 0.108413
0.929998 -0.684396
0.939998 0.461186
0.949998 0.985782
0.959998 0.962481
0.969998 0.861611
0.979998 -0.930860
0.989998 0.772030
0.999998 0.134506
1.009998 -0.517806
1.019998 1.232984
1.029998 1.295135
1.039998 1.243802
1.049998 0.239542
1.059998 0.505716
1.069998 -0.604778
1.079998 -0.246883
1.089998 1.453152
1.099998 0.456706
1.109998 0.421382
1.119998 1.544772
1.129998 0.600532
1.139998 0.070251
1.149998 -0.196581
1.159998 1.256297
1.169998 1.419505
1.179998 -0.187111
1.189998 1.152776
1.199998 0.882771
1.209998 1.890042
1.219998 1.609800
1.229998 0.118837
1.239998 0.278647
1.249997 1.089612
1.259997 0.069164
1.269997 0.151893
1.279997 0.808527
1.289997 0.742473
1.299997 2.475298
1.309997 2.441967
1.319997 1.671523
1.329997 2.303436
1.339997 2.280942
1.349997 1.408251
1.359997 0.985401
1.369997 1.179003
1.379997 1.946176
1.389997 1.832027
1.399997 0.876931
1.409997 0.599396
1.419997 0.402144
1.429997 0.523155
1.439997 2.054607
1.449997 1.280820
1.459997 1.089277
1.469997 1.228429
1.479997 0.573227
1.489997 1.531015
1.499997 2.966581
1.509997 1.998491
1.519997 1.121273
1.529997 2.234933
1.539997 2.534847
1.549997 1.777043
1.559997 0.861928
1.569997 2.902314
1.579997 2.188837
1.589997 1.892641
1.599997 1.029961
1.609997 2.013007
1.619997 1.647901
1.629997 2.779935
1.639997 1.560800
1.649997 1.139866
1.659997 1.366647
1.669997 2.492883
1.679997 2.234569
1.689997 3.198349
1.699997 1.381082
1.709997 2.939149
1.719997 0.797716
1.729997 1.556376
1.739997 0.409500
1.749997 2.574444
1.759997 2.535134
1.769997 1.173437
1.779997 0.655172
1.789997 2.739225
1.799997 2.314822
1.809997 0.412580
1.819997 1.509965
1.829997 2.990741
1.839997 2.185546
1.849997 0.767231
1.859997 1.475600
1.869997 2.541711
1.879997 0.351241
1.889997 0.334639
1.899997 1.094120
1.909997 0.831606
1.919997 1.789772
1.929997 2.176965
1.939997 0.240411
1.949997 -0.025514
1.959997 -0.063076
1.969997 1.024472
1.979997 1.883262
1.989997 1.587032
1.999997 0.839185
2.009997 -0.117274
2.019997 1.147783
2.029997 1.062942
2.039997 0.870807
2.049997 0.995896
2.059997 0.284155
2.069997 0.062132
2.079997 1.636222
2.089997 0.418199
2.099997 -0.506482
2.109997 0.657801
2.119997 0.353457
2.129997 0.543420
2.139997 0.407085
2.149997 -0.682487
2.159997 0.910495
2.169997 -1.294747
2.179997 -1.294092
2.189997 0.933947
2.199997 -1.260954
2.209997 -0.472439
2.219997 -1.277092
2.229997 0.317450
2.239997 -1.274097
2.249997 -1.181077
2.259997 0.183257
2.269997 -1.408632
2.279997 -0.189326
2.289997 -0.725936
2.299997 -2.572247
2.309997 -2.057434
2.319997 -0.705579
2.329997 -1.240338
2.339997 -0.762280
2.349997 -2.352874
2.359997 -2.711246
2.369997 -2.892009
2.379997 -1.850064
2.389997 -3.378144
2.399997 -1.919062
2.409997 -1.742265
2.419997 -2.044838
2.429996 -3.627181
2.439996 -3.195796
2.449996 -3.568361
2.459996 -3.372200
2.469996 -4.078009
2.479996 -3.784239
2.489996 -3.514078
2.499996 -4.716721
2.509996 -3.740936
2.519996 -5.403540
2.529996 -4.530299
2.539996 -4.677603
2.549996 -5.047552
2.559996 -3.995231
2.569996 -5.490283
2.579996 -4.562319
2.589996 -4.999011
2.599996 -4.137086
2.609996 -4.959939
2.619996 -4.784392
2.629996 -5.271254
2.639996 -6.527563
2.649996 -5.770693
2.659996 -7.742909
2.669996 -6.450368
2.679996 -5.765047
2.689996 -6.584096
2.699996 -6.706388
2.709996 -7.246707
2.719996 -7.771636
2.729996 -8.077127
2.739996 -7.278341
2.749996 -7.248363
2.759996 -7.800798
2.769996 -9.478135
2.779996 -10.024123
2.789996 -10.150825
2.799996 -8.623894
2.809996 -10.236269
2.819996 -9.248768
2.829996 -9.243842
2.839996 -9.840191
2.849996 -11.655008
2.859996 -11.872835
2.869996 -11.267447
2.879996 -11.625653
2.889996 -10.761611
2.899996 -10.436750
2.909996 -12.574592
2.919996 -12.372684
2.929996 -11.709263
2.939996 -11.368641
2.949996 -12.255396
2.959996 -13.465124
2.969996 -12.124402
2.979996 -14.343935
2.989996 -14.691301
2.999996 -13.990199
