-1.995000 21.767925
-1.990000 20.335867
-1.985000 21.241272
-1.980000 21.102018
-1.975000 21.237581
-1.970000 19.057489
-1.965000 19.263138
-1.960000 20.296518
-1.955000 18.744989
-1.950000 19.340868
-1.945000 18.949781
-1.940000 19.198008
-1.935000 18.283449
-1.930000 18.525240
-1.925000 19.580402
-1.920000 19.306725
-1.915000 18.349367
-1.910000 18.406576
-1.905000 16.624176
-1.900000 17.757517
-1.895000 15.934731
-1.890000 16.401026
-1.885000 15.937810
-1.880000 17.638643
-1.875000 15.659799
-1.870000 16.178656
-1.865000 15.255096
-1.860000 15.032782
-1.855000 17.362295
-1.850000 15.014377
-1.845000 15.678167
-1.840000 16.430927
-1.835000 15.637012
-1.830000 14.591467
-1.825000 15.389432
-1.820000 14.914744
-1.815000 14.671974
-1.810000 15.857658
-1.805000 13.797622
-1.800000 14.983809
-1.795000 14.145061
-1.790000 14.672840
-1.785000 13.485369
-1.780000 14.709393
-1.775000 12.855506
-1.770000 12.898956
-1.765000 14.024280
-1.760000 14.187232
-1.755000 11.661310
-1.750000 13.976873
-1.745000 12.645032
-1.740000 11.267409
-1.735000 11.419586
-1.730000 12.594076
-1.725000 13.086065
-1.720000 11.427406
-1.715000 10.487988
-1.710000 10.222895
-1.705000 11.307629
-1.700000 10.062677
-1.695000 10.413846
-1.690000 12.325802
-1.685000 11.996281
-1.680000 11.715447
-1.675000 9.943016
-1.670000 10.571863
-1.665000 9.975998
-1.660000 10.919697
-1.655000 10.092380
-1.650000 10.393886
-1.645000 9.880429
-1.640000 8.370283
-1.635000 9.354741
-1.630000 10.608241
-1.625000 10.475809
-1.620000 9.759332
-1.615000 8.408500
-1.610000 9.552867
-1.605000 9.150091
-1.600000 8.223346
-1.595000 9.032559
-1.590000 7.446494
-1.585000 8.089956
-1.580000 9.198444
-1.575000 8.933243
-1.570000 7.414339
-1.565000 7.009095
-1.560000 8.748686
-1.555000 7.108177
-1.550000 7.930436
-1.545000 8.567129
-1.540000 7.419131
-1.535000 7.493973
-1.530000 7.941058
-1.525000 6.651435
-1.520000 7.892343
-1.515000 6.306064
-1.510000 7.357659
-1.505000 6.878647
-1.500000 7.400733
-1.495000 6.088809
-1.490000 5.230618
-1.485000 7.176135
-1.480000 6.981555
-1.475001 4.709053
-1.470001 6.653631
-1.465001 5.873375
-1.460001 5.180153
-1.455001 5.598525
-1.450001 4.544228
-1.445001 5.852310
-1.440001 4.407261
-1.435001 4.693581
-1.430001 3.971123
-1.425001 3.759885
-1.420001 3.905644
-1.415001 4.588251
-1.410001 4.095057
-1.405001 3.303021
-1.400001 5.267062
-1.395001 2.917400
-1.390001 2.882660
-1.385001 3.818639
-1.380001 4.463086
-1.375001 4.994035
-1.370001 4.758328
-1.365001 3.960961
-1.360001 3.022251
-1.355001 3.954098
-1.350001 2.793020
-1.345001 2.491038
-1.340001 2.224952
-1.335001 3.119020
-1.330001 2.075242
-1.325001 1.726609
-1.320001 3.259563
-1.315001 1.471103
-1.310001 3.252311
-1.305001 1.401493
-1.300001 2.940212
-1.295001 0.975290
-1.290001 3.340080
-1.285001 0.740642
-1.280001 1.968292
-1.275001 0.916245
-1.270001 1.010552
-1.265001 2.488316
-1.260001 2.222596
-1.255001 1.926803
-1.250001 2.714996
-1.245001 1.715158
-1.240001 1.970918
-1.235001 0.024962
-1.230001 0.061072
-1.225001 1.060631
-1.220001 -0.255642
-1.215001 -0.357124
-1.210001 -0.057432
-1.205001 0.584469
-1.200001 1.511108
-1.195001 0.745383
-1.190001 1.180356
-1.185001 -0.864646
-1.180001 -0.642465
-1.175001 1.641962
-1.170001 -0.659042
-1.165001 1.188121
-1.160001 -1.024485
-1.155001 1.346546
-1.150001 -1.366877
-1.145001 0.848870
-1.140001 -1.455980
-1.135001 -1.716165
-1.130001 0.787999
-1.125001 -0.201934
-1.120001 -1.427490
-1.115001 -1.542929
-1.110001 -0.969594
-1.105001 0.424051
-1.100001 0.097158
-1.095001 -1.257557
-1.090001 -0.780572
-1.085001 -0.769106
-1.080001 -1.187753
-1.075001 -0.593211
-1.070001 -2.301311
-1.065001 -1.155927
-1.060001 -0.583134
-1.055001 -1.912380
-1.050001 -0.046499
-1.045001 -1.269038
-1.040001 -0.486543
-1.035001 -0.908787
-1.030001 -1.299987
-1.025001 -3.019529
-1.020001 -1.082125
-1.015001 -0.899664
-1.010001 -0.697933
-1.005001 -0.899579
-1.000001 -1.073084
-0.995001 -0.712324
-0.990001 -1.426321
-0.985001 -1.033321
-0.980001 -0.861938
-0.975001 -1.801506
-0.970001 -2.328720
-0.965001 -3.313715
-0.960001 -1.500085
-0.955001 -1.385866
-0.950001 -3.709655
-0.945001 -2.155893
-0.940001 -3.329899
-0.935001 -2.310746
-0.930001 -3.480093
-0.925001 -2.207848
-0.920001 -3.329787
-0.915001 -3.343393
-0.910001 -3.662451
-0.905001 -4.148805
-0.900001 -2.629388
-0.895001 -3.820818
-0.890001 -2.668483
-0.885001 -3.105861
-0.880001 -1.859343
-0.875001 -3.838530
-0.870001 -3.136286
-0.865001 -2.693710
-0.860001 -4.432294
-0.855001 -3.470685
-0.850001 -3.172629
-0.845001 -2.228098
-0.840001 -3.649614
-0.835001 -4.009942
-0.830001 -2.617301
-0.825001 -3.812823
-0.820001 -5.058607
-0.815001 -4.139565
-0.810001 -3.466962
-0.805001 -2.846490
-0.800001 -4.561095
-0.795001 -3.360639
-0.790001 -3.935253
-0.785001 -3.973198
-0.780001 -4.503412
-0.775001 -3.397679
-0.770001 -4.914169
-0.765001 -3.717594
-0.760001 -5.377220
-0.755001 -4.365000
-0.750001 -3.607488
-0.745001 -3.700883
-0.740001 -3.833752
-0.735001 -4.678038
-0.730001 -5.163416
-0.725001 -4.004839
-0.720001 -3.983855
-0.715001 -3.722999
-0.710001 -4.878323
-0.705001 -3.752860
-0.700001 -5.287797
-0.695001 -3.302928
-0.690001 -3.991257
-0.685001 -4.106490
-0.680001 -5.241186
-0.675001 -4.496565
-0.670001 -5.767465
-0.665001 -5.308543
-0.660001 -3.605927
-0.655001 -4.165721
-0.650001 -5.848271
-0.645001 -5.822650
-0.640001 -5.144824
-0.635001 -4.565265
-0.630001 -4.541308
-0.625001 -4.357854
-0.620001 -5.437160
-0.615001 -4.094729
-0.610001 -5.480170
-0.605001 -5.385006
-0.600001 -5.796692
-0.595001 -3.591388
-0.590001 -6.356817
-0.585001 -4.068997
-0.580001 -5.476029
-0.575001 -5.895313
-0.570001 -5.217818
-0.565001 -3.773188
-0.560001 -3.901359
-0.555001 -4.349348
-0.550001 -4.549834
-0.545001 -6.183938
-0.540001 -4.618467
-0.535001 -5.479106
-0.530001 -4.400676
-0.525001 -3.942546
-0.520001 -4.031616
-0.515001 -4.197546
-0.510001 -6.054359
-0.505001 -4.415082
-0.500001 -5.115479
-0.495001 -5.829914
-0.490001 -4.140488
-0.485001 -4.138928
-0.480001 -4.250072
-0.475001 -5.313350
-0.470001 -5.105392
-0.465001 -6.273289
-0.460001 -5.971974
-0.455001 -4.327683
-0.450001 -5.379030
-0.445001 -5.468401
-0.440001 -4.398191
-0.435001 -5.394735
-0.430001 -5.976434
-0.425002 -6.293787
-0.420002 -4.890522
-0.415002 -4.776011
-0.410002 -6.430393
-0.405002 -5.137333
-0.400002 -5.453218
-0.395002 -4.490864
-0.390002 -4.815055
-0.385002 -6.348984
-0.380002 -6.231152
-0.375002 -5.461158
-0.370002 -6.521568
-0.365002 -6.477777
-0.360002 -5.859048
-0.355002 -5.961962
-0.350002 -4.264942
-0.345002 -4.333015
-0.340002 -5.137124
-0.335002 -4.537791
-0.330002 -4.591768
-0.325002 -5.494835
-0.320002 -5.946943
-0.315002 -5.781472
-0.310002 -5.041290
-0.305002 -5.181283
-0.300002 -6.161063
-0.295002 -6.462111
-0.290002 -6.681696
-0.285002 -6.581827
-0.280002 -5.070315
-0.275002 -5.862832
-0.270002 -6.071880
-0.265002 -5.949001
-0.260002 -6.619233
-0.255002 -5.675220
-0.250002 -4.252166
-0.245002 -5.231492
-0.240002 -6.118661
-0.235002 -5.013655
-0.230002 -4.721089
-0.225002 -5.484925
-0.220002 -6.404744
-0.215002 -4.367723
-0.210002 -5.083217
-0.205002 -5.380071
-0.200002 -6.242040
-0.195002 -5.256903
-0.190002 -5.618526
-0.185002 -4.481609
-0.180002 -5.694451
-0.175002 -6.107668
-0.170002 -5.871739
-0.165002 -4.734910
-0.160002 -4.981179
-0.155002 -4.003890
-0.150002 -5.806173
-0.145002 -4.231637
-0.140002 -6.355106
-0.135002 -5.576976
-0.130002 -6.702866
-0.125002 -4.515408
-0.120002 -4.530666
-0.115002 -5.866763
-0.110002 -6.357872
-0.105002 -4.245091
-0.100002 -4.639187
-0.095002 -6.509534
-0.090002 -5.378652
-0.085002 -3.862768
-0.080002 -4.631234
-0.075002 -6.011189
-0.070002 -5.262815
-0.065002 -4.155047
-0.060002 -6.302198
-0.055002 -6.273806
-0.050002 -5.467646
-0.045002 -5.681786
-0.040002 -4.673541
-0.035002 -4.234552
-0.030002 -6.117585
-0.025002 -6.328250
-0.020002 -6.308807
-0.015002 -5.162495
-0.010002 -4.243172
-0.005002 -4.477091
-0.000002 -5.160837
0.004998 -6.051394
0.009998 -4.718625
0.014998 -4.733934
0.019998 -4.854704
0.024998 -4.656410
0.029998 -5.293093
0.034998 -5.438192
0.039998 -3.785309
0.044998 -4.922651
0.049998 -5.764760
0.054998 -4.515997
0.059998 -4.733946
0.064998 -4.455664
0.069998 -4.501743
0.074998 -5.499113
0.079998 -3.811967
0.084998 -5.921082
0.089998 -5.822320
0.094998 -3.494183
0.099998 -5.586988
0.104998 -4.694368
0.109998 -5.392894
0.114998 -3.690194
0.119998 -5.171542
0.124998 -4.966272
0.129998 -3.487623
0.134998 -4.963125
0.139998 -3.625350
0.144998 -4.041395
0.149998 -5.765040
0.154998 -5.125442
0.159998 -3.646679
0.164998 -4.052392
0.169998 -3.443143
0.174998 -4.900388
0.179998 -5.123245
0.184998 -5.166314
0.189998 -3.984488
0.194998 -5.370486
0.199998 -3.767113
0.204998 -3.443804
0.209998 -3.597637
0.214998 -5.028998
0.219998 -4.444379
0.224998 -4.661447
0.229998 -4.307518
0.234998 -4.853276
0.239998 -4.397161
0.244998 -3.962352
0.249998 -4.998032
0.254998 -3.852958
0.259998 -5.343939
0.264998 -4.296727
0.269998 -4.267706
0.274998 -4.458960
0.279998 -3.225571
0.284998 -4.537162
0.289998 -3.423342
0.294998 -3.671768
0.299998 -2.619155
0.304998 -3.248893
0.309998 -2.877792
0.314998 -3.166646
0.319998 -4.222484
0.324998 -3.262677
0.329998 -5.029470
0.334998 -3.529013
0.339998 -2.633271
0.344998 -3.239386
0.349998 -3.146221
0.354998 -3.468546
0.359998 -3.772937
0.364998 -3.855332
0.369998 -2.830888
0.374998 -2.572668
0.379998 -2.894280
0.384998 -4.338192
0.389998 -4.648149
0.394998 -4.536201
0.399998 -2.767989
0.404998 -4.136445
0.409998 -2.902369
0.414998 -2.648214
0.419998 -2.992660
0.424998 -4.552891
0.429998 -4.513439
0.434998 -3.648068
0.439998 -3.743582
0.444998 -2.614123
0.449998 -2.021106
0.454998 -3.888052
0.459998 -3.412491
0.464998 -2.472647
0.469998 -1.852831
0.474998 -2.457601
0.479998 -3.382553
0.484998 -1.754240
0.489998 -3.683368
0.494998 -3.737497
0.499998 -2.740321
0.504998 -1.801407
0.509998 -2.203082
0.514998 -1.535617
0.519998 -3.504515
0.524998 -2.907258
0.529998 -2.007179
0.534998 -1.523385
0.539998 -2.395828
0.544998 -1.831583
0.549998 -1.261805
0.554998 -3.192087
0.559998 -1.222432
0.564998 -2.244796
0.569998 -1.147222
0.574998 -2.348392
0.579998 -2.157444
0.584998 -1.046954
0.589998 -1.409362
0.594998 -1.340614
0.599998 -1.927420
0.604998 -1.723640
0.609998 -0.748734
0.614998 -0.886944
0.619998 -2.570353
0.624998 -1.002727
0.629998 -1.772868
0.634998 -1.608450
0.639998 -1.239794
0.644998 -1.166405
0.649998 -1.083514
0.654998 -2.545139
0.659998 -1.560344
0.664998 -1.906692
0.669998 -2.728466
0.674998 -0.940233
0.679998 -0.717038
0.684998 -0.666491
0.689998 -1.222270
0.694998 -1.899366
0.699998 -1.312467
0.704998 -1.326401
0.709998 -1.161751
0.714998 -1.433207
0.719998 -2.497551
0.724998 -1.263409
0.729998 -2.764149
0.734998 -0.865695
0.739998 -1.349239
0.744998 -0.440595
0.749998 -1.301625
0.754998 -2.400237
0.759998 -1.316097
0.764998 -1.230530
0.769998 -2.495680
0.774998 -0.323298
0.779998 -1.498474
0.784998 -0.762148
0.789998 -1.253748
0.794998 -2.088684
0.799998 -1.307395
0.804998 -1.744542
0.809998 -1.269549
0.814998 -2.331922
0.819998 -0.343878
0.824998 -0.719125
0.829998 -0.021736
0.834998 -0.638969
0.839998 -0.992142
0.844998 -0.879004
0.849998 0.598198
0.854998 -1.996541
0.859998 -1.925796
0.864998 -0.312397
0.869998 -0.407036
0.874998 -1.429070
0.879998 -1.409951
0.884998 -0.233741
0.889998 0.614284
0.894998 0.121480
0.899998 -0.622027
0.904998 -0.663375
0.909998 0.516887
0.914998 0.829219
0.919998 0.845161
0.924998 0.732022
0.929998 0.388511
0.934997 -0.798920
0.939997 -0.203902
0.944997 -1.067149
0.949997 -0.317620
0.954997 1.030616
0.959997 -0.297813
0.964997 0.898713
0.969997 1.156616
0.974997 -1.011689
0.979997 -0.218288
0.984997 0.709171
0.989997 0.695842
0.994997 1.108326
0.999997 -0.678774
1.004997 0.757452
1.009997 1.347599
1.014997 -0.396301
1.019997 -0.174168
1.024997 0.293903
1.029997 0.300589
1.034997 0.514519
1.039997 -0.668463
1.044997 0.159046
1.049997 -0.146968
1.054997 0.699469
1.059997 1.458619
1.064997 -0.494075
1.069997 0.637820
1.074997 1.386108
1.079997 -0.706459
1.084997 0.055266
1.089997 -0.410462
1.094997 0.865480
1.099997 0.737526
1.104997 0.994974
1.109997 0.792880
1.114997 -0.689694
1.119997 0.738173
1.124997 0.767961
1.129997 -0.108853
1.134997 -0.713432
1.139997 0.218056
1.144997 -0.697753
1.149997 1.884577
1.154997 1.003486
1.159997 1.498517
1.164997 1.845706
1.169997 1.995526
1.174997 -0.112399
1.179997 0.677873
1.184997 0.809494
1.189997 1.690719
1.194997 1.273335
1.199997 2.207897
1.204997 -0.041349
1.209997 0.363357
1.214997 2.032835
1.219997 0.606772
1.224997 2.119366
1.229997 1.713242
1.234997 0.970840
1.239997 0.421506
1.244997 2.326121
1.249997 0.036253
1.254997 2.135679
1.259997 1.474583
1.264997 1.759586
1.269997 2.353535
1.274997 0.297532
1.279997 0.589681
1.284997 0.284306
1.289997 0.401348
1.294997 1.602746
1.299997 0.359459
1.304997 0.236870
1.309997 0.535354
1.314997 2.565419
1.319997 -0.031519
1.324997 0.395393
1.329997 0.296288
1.334997 1.268525
1.339997 1.806110
1.344997 2.567432
1.349997 0.301641
1.354997 1.753299
1.359997 0.245039
1.364997 1.163777
1.369997 1.464893
1.374997 1.310711
1.379997 0.922345
1.384997 0.797801
1.389997 2.681849
1.394997 1.724943
1.399997 0.685979
1.404997 0.261289
1.409997 1.385113
1.414997 2.466527
1.419997 2.308489
1.424997 1.208085
1.429997 3.015495
1.434997 0.331784
1.439997 1.708361
1.444997 0.815353
1.449997 2.115760
1.454997 2.231956
1.459997 1.199447
1.464997 2.781617
1.469997 2.111342
1.474997 1.265552
1.479997 0.458481
1.484997 2.473140
1.489997 2.583822
1.494997 2.298767
1.499997 2.259377
1.504997 2.889094
1.509997 1.240725
1.514997 2.478305
1.519997 1.212193
1.524997 2.650578
1.529997 0.919821
1.534997 2.051395
1.539997 0.551499
1.544997 0.691261
1.549997 0.852618
1.554997 1.100656
1.559997 0.802843
1.564997 2.075355
1.569997 0.592358
1.574997 2.924278
1.579997 3.084378
1.584997 0.597007
1.589997 3.033656
1.594997 1.758999
1.599997 1.167512
1.604997 2.093690
1.609997 0.924582
1.614997 2.090171
1.619997 1.788336
1.624997 2.739005
1.629997 3.049095
1.634997 1.930718
1.639997 2.086812
1.644997 2.498592
1.649997 1.086410
1.654997 1.194609
1.659997 2.227846
1.664997 1.959282
1.669997 0.497297
1.674997 3.056909
1.679997 1.419466
1.684997 1.019714
1.689997 1.904145
1.694997 1.560306
1.699997 1.294073
1.704997 2.333877
1.709997 2.232356
1.714997 1.662850
1.719997 1.169969
1.724997 2.380519
1.729997 1.338268
1.734997 1.001090
1.739997 2.520139
1.744997 1.110679
1.749997 2.295262
1.754997 0.419514
1.759997 2.733196
1.764997 2.745912
1.769997 2.033275
1.774997 1.242923
1.779997 2.204390
1.784997 1.800207
1.789997 2.690129
1.794997 1.006626
1.799997 1.013445
1.804997 0.490696
1.809997 1.715195
1.814997 2.755346
1.819997 1.964422
1.824997 1.727618
1.829997 2.528361
1.834997 2.901272
1.839997 2.266292
1.844997 1.153343
1.849997 1.184597
1.854997 0.285869
1.859997 0.215514
1.864997 0.148343
1.869997 1.483516
1.874997 0.923996
1.879997 2.071401
1.884997 2.368662
1.889997 1.476620
1.894997 1.348045
1.899997 0.241134
1.904997 0.539281
1.909997 1.340886
1.914997 2.553907
1.919997 0.071342
1.924997 0.167208
1.929997 0.597102
1.934997 1.883556
1.939997 1.583121
1.944997 0.111150
1.949997 2.522647
1.954997 2.237911
1.959997 0.252406
1.964997 1.097954
1.969997 1.863258
1.974997 1.897061
1.979997 -0.283624
1.984997 1.293338
1.989997 1.711312
1.994997 1.707253
1.999997 2.183219
2.004997 -0.155251
2.009997 1.754614
2.014997 2.173229
2.019997 -0.219055
2.024997 0.239696
2.029997 0.112861
2.034997 1.682410
2.039997 -0.346793
2.044997 1.449478
2.049998 0.105962
2.054998 -0.214277
2.059998 1.896380
2.064998 1.371077
2.069998 -0.519167
2.074998 1.926272
2.079998 1.514552
2.084998 0.072293
2.089998 1.022650
2.094999 0.329335
2.099999 0.234324
2.104999 0.815773
2.109999 -0.142302
2.114999 0.597544
2.119999 -0.754717
2.124999 -0.926358
2.129999 -0.131198
2.135000 -0.842239
2.140000 0.585373
2.145000 -0.978811
2.150000 1.129164
2.155000 0.256211
2.160000 -0.822575
2.165000 0.419525
2.170000 -0.010152
2.175000 -0.656160
2.180001 1.070153
2.185001 0.539508
2.190001 -1.310683
2.195001 -1.586895
2.200001 -0.294188
2.205001 -0.660399
2.210001 -1.228949
2.215001 -0.597268
2.220001 -1.460056
2.225002 -1.089704
2.230002 -0.783025
2.235002 -2.027555
2.240002 -0.269064
2.245002 -1.781209
2.250002 -0.887813
2.255002 -1.992667
2.260002 -0.091272
2.265002 -0.123433
2.270003 -0.455495
2.275003 0.127015
2.280003 -0.042979
2.285003 -2.345641
2.290003 -2.439497
2.295003 -1.146768
2.300003 -2.178061
2.305003 -0.127957
2.310004 -2.471750
2.315004 -1.744962
2.320004 -1.215441
2.325004 -1.151152
2.330004 -1.032167
2.335004 -1.537678
2.340004 -1.964932
2.345004 -0.856584
2.350004 -1.598302
2.355005 -0.692387
2.360005 -2.709333
2.365005 -1.178227
2.370005 -2.398801
2.375005 -2.436243
2.380005 -3.292032
2.385005 -1.362711
2.390005 -2.600999
2.395005 -1.654151
2.400006 -1.192361
2.405006 -1.492170
2.410006 -1.604621
2.415006 -1.995413
2.420006 -2.280882
2.425006 -2.678422
2.430006 -2.439252
2.435006 -2.846786
2.440006 -2.698578
2.445007 -2.504377
2.450007 -4.369807
2.455007 -2.403037
2.460007 -2.908387
2.465007 -4.266783
2.470007 -4.321908
2.475007 -4.245932
2.480007 -2.687739
2.485008 -2.571087
2.490008 -2.947336
2.495008 -4.562616
2.500008 -3.283334
2.505008 -4.346520
2.510008 -5.000608
2.515008 -2.882492
2.520008 -5.158286
2.525008 -4.176156
2.530009 -4.838185
2.535009 -5.111966
2.540009 -4.942201
2.545009 -3.983694
2.550009 -3.251288
2.555009 -5.359880
2.560009 -4.640819
2.565009 -3.959976
2.570009 -3.597961
2.575010 -5.902443
2.580010 -5.556698
2.585010 -4.892543
2.590010 -4.741065
2.595010 -4.183096
2.600010 -6.060196
2.605010 -4.909076
2.610010 -5.118731
2.615010 -4.635044
2.620011 -4.775648
2.625011 -4.973224
2.630011 -7.145815
2.635011 -5.659948
2.640011 -5.672052
2.645011 -5.351532
2.650011 -5.411041
2.655011 -6.873418
2.660012 -7.545092
2.665012 -5.387149
2.670012 -7.459319
2.675012 -7.534153
2.680012 -7.120887
2.685012 -6.981346
2.690012 -7.255660
2.695012 -6.597777
2.700012 -8.224317
2.705013 -7.690254
2.710013 -6.264436
2.715013 -7.094820
2.720013 -8.602263
2.725013 -6.736206
2.730013 -6.992284
2.735013 -8.074625
2.740013 -8.264487
2.745013 -8.288591
2.750014 -8.731897
2.755014 -7.917212
2.760014 -9.507977
2.765014 -7.278147
2.770014 -8.696403
2.775014 -7.543818
2.780014 -8.227026
2.785014 -8.932754
2.790015 -9.008598
2.795015 -9.617623
2.800015 -9.915956
2.805015 -9.963842
2.810015 -9.147189
2.815015 -10.028544
2.820015 -10.629249
2.825015 -8.994930
2.830015 -9.860684
2.835016 -9.957090
2.840016 -10.891603
2.845016 -9.139438
2.850016 -11.285128
2.855016 -10.952743
2.860016 -11.372471
2.865016 -11.997690
2.870016 -9.600428
2.875016 -11.431728
2.880017 -10.094410
2.885017 -10.656131
2.890017 -10.672065
2.895017 -12.226283
2.900017 -12.713172
2.905017 -10.272847
2.910017 -10.912205
2.915017 -12.889048
2.920017 -10.917465
2.925018 -12.873028
2.930018 -10.794608
2.935018 -12.202929
2.940018 -11.960279
2.945018 -12.653141
2.950018 -11.765286
2.955018 -11.715130
2.960018 -12.349411
2.965019 -13.337797
2.970019 -14.061255
2.975019 -12.387853
2.980019 -14.432893
2.985019 -13.112432
2.990019 -14.225123
2.995019 -14.293718
3.000019 -13.909482
